101 2.90229 -37.5 0 921.625 0
011 0.11045 -41.0 7 921.625 0
100 3.47293 -48.5 12 921.625 0
001 5.30757 -33.5 31 921.625 0
101 2.87775 -37.5 437 921.625 0
011 6.00707 -41.5 447 921.625 0
100 3.50361 -49.0 458 921.625 0
001 5.30757 -33.5 472 921.625 0
101 3.01274 -37.5 867 921.625 0
100 3.29499 -48.5 886 921.625 0
011 5.98866 -41.0 896 921.625 0
001 5.30144 -33.5 922 921.625 0
101 3.16614 -37.5 1302 921.625 0
100 3.25204 -48.5 1325 921.625 0
011 5.93957 -41.0 1336 921.625 0
101 2.89616 -37.5 1731 921.625 0
100 3.39317 -49.0 1758 921.625 0
011 6.17887 -41.0 1776 921.625 0
001 4.84738 -34.5 1793 922.625 0
100 2.31938 -50.5 2188 922.625 0
011 5.20940 -41.0 2233 922.625 0
001 4.82897 -34.5 2244 922.625 0
101 2.31324 -38.0 2588 922.625 0
100 2.30711 -50.5 2625 922.625 0
001 5.05600 -34.0 2673 922.625 0
011 5.17258 -40.5 2683 922.625 0
101 2.11689 -38.0 3017 922.625 0
100 2.34392 -52.0 3055 922.625 0
001 4.76148 -34.0 3106 922.625 0
011 5.17872 -41.0 3117 922.625 0
101 2.19052 -38.0 3445 922.625 0
100 2.33165 -52.0 3489 922.625 0
001 4.71239 -34.5 3540 922.625 0
011 5.24008 -41.0 3569 922.625 0
101 1.34377 -38.0 3881 923.625 0
100 1.52171 -53.0 3923 923.625 0
001 4.09266 -35.0 3976 923.625 0
011 4.44854 -40.5 4018 923.625 0
101 1.32536 -38.0 4319 923.625 0
001 4.06812 -35.0 4410 923.625 0
011 4.41173 -40.5 4463 923.625 0
101 1.38672 -38.5 4765 923.625 0
100 1.55852 -52.5 4783 923.625 0
001 4.40559 -35.0 4836 923.625 0
011 4.87192 -40.5 4925 923.625 0
101 1.76715 -38.0 5200 923.625 0
100 1.54625 -53.0 5216 923.625 0
001 4.35037 -35.0 5267 923.625 0
011 0.42338 -41.5 5390 920.625 0
101 3.96994 -37.5 5634 920.625 0
100 1.54625 -53.0 5646 923.625 0
001 6.02548 -33.0 5700 920.625 0
011 0.53996 -41.5 5837 920.625 0
101 4.00062 -37.5 6058 920.625 0
001 6.18501 -33.0 6138 920.625 0
011 0.35588 -41.5 6288 920.625 0
101 3.98835 -37.5 6491 920.625 0
100 3.84109 -48.0 6515 920.625 0
001 6.26478 -33.0 6569 920.625 0
011 0.54610 -41.5 6730 920.625 0
101 3.61406 -37.5 6924 920.625 0
100 3.83495 -47.5 6951 920.625 0
001 6.20955 -33.0 7004 920.625 0
011 5.90889 -41.0 7190 921.625 0
101 2.87161 -37.5 7355 921.625 0
100 3.43612 -49.0 7388 921.625 0
001 5.33825 -33.5 7459 921.625 0
011 5.84753 -41.5 7639 921.625 0
101 3.03115 -37.5 7783 921.625 0
100 3.41771 -49.0 7826 921.625 0
001 5.30144 -33.5 7906 921.625 0
011 6.01320 -41.0 8093 921.625 0
101 2.97592 -37.5 8217 921.625 0
100 3.31340 -49.0 8258 921.625 0
001 5.30757 -33.5 8340 921.625 0
011 5.89049 -41.0 8550 921.625 0
101 2.95138 -37.5 8649 921.625 0
100 3.42385 -49.0 8690 921.625 0
001 5.30144 -33.5 8778 921.625 0
101 2.16598 -37.5 9081 922.625 0
001 5.12350 -34.5 9204 922.625 0
011 5.15418 -40.5 9441 922.625 0
101 2.03713 -38.0 9507 922.625 0
001 4.81056 -34.0 9633 922.625 0
011 5.64505 -41.0 9890 922.625 0
101 2.04326 -38.0 9944 922.625 0
101 1.35604 -38.5 20031 923.625 0
011 4.58353 -40.5 20036 923.625 0
001 3.95767 -35.0 20048 923.625 0
101 1.47876 -38.5 20476 923.625 0
011 4.43014 -40.5 20486 923.625 0
001 4.06198 -35.0 20495 923.625 0
101 1.33763 -38.5 20913 923.625 0
001 4.13561 -35.0 20927 923.625 0
011 4.77988 -40.5 20948 923.625 0
101 1.29468 -38.5 21354 923.625 0
001 4.39332 -35.0 21376 923.625 0
011 4.46695 -40.5 21390 923.625 0
101 1.27627 -38.5 21791 923.625 0
001 4.06812 -35.0 21804 923.625 0
011 0.55837 -42.0 21841 920.625 0
101 3.49134 -37.5 22228 920.625 0
001 0.17181 -33.0 22247 920.625 0
100 3.74291 -48.5 22256 920.625 0
011 0.34361 -41.5 22285 920.625 0
101 3.57724 -37.5 22671 920.625 0
001 6.16660 -33.0 22688 920.625 0
011 0.52155 -42.0 22739 920.625 0
101 3.50975 -37.5 23101 920.625 0
001 6.06229 -33.0 23121 920.625 0
011 0.61359 -42.0 23186 920.625 0
101 3.55884 -37.5 23537 920.625 0
001 0.14726 -33.5 23566 920.625 0
100 3.65087 -48.5 23576 920.625 0
011 5.84753 -41.5 23640 921.625 0
101 2.71208 -38.0 23968 921.625 0
001 5.24008 -34.0 24009 921.625 0
100 3.46680 -50.0 24020 921.625 0
011 5.93957 -41.5 24098 921.625 0
101 2.71208 -38.0 24403 921.625 0
100 3.14159 -50.0 24450 921.625 0
001 5.44870 -34.0 24460 921.625 0
011 5.84140 -41.5 24549 921.625 0
101 2.71821 -38.0 24834 921.625 0
100 3.39317 -50.5 24883 921.625 0
001 5.44870 -34.0 24898 921.625 0
011 5.79845 -42.0 25008 921.625 0
101 2.74276 -38.0 25272 921.625 0
100 3.19068 -50.0 25317 921.625 0
001 5.28303 -34.0 25340 921.625 0
011 5.21553 -41.0 25467 922.625 0
101 2.04326 -38.0 25717 922.625 0
001 4.81056 -34.5 25778 922.625 0
011 5.24008 -41.0 25920 922.625 0
101 2.39915 -38.0 26152 922.625 0
100 2.24575 -52.0 26200 922.625 0
001 4.98237 -34.5 26215 922.625 0
011 5.14190 -41.0 26374 922.625 0
101 2.01872 -38.0 26588 922.625 0
001 4.73693 -34.5 26657 922.625 0
011 5.16031 -41.0 26820 922.625 0
101 1.97577 -38.5 27032 922.625 0
001 4.96396 -34.5 27091 922.625 0
011 4.44241 -41.0 27269 923.625 0
101 1.30695 -39.0 27470 923.625 0
001 4.11720 -35.0 27528 923.625 0
011 4.36264 -41.0 27720 923.625 0
101 1.46649 -39.0 27920 923.625 0
001 4.19084 -35.0 27970 923.625 0
011 4.34423 -41.0 28176 923.625 0
101 1.25173 -39.0 28370 923.625 0
001 4.18470 -35.0 28409 923.625 0
011 4.44241 -41.0 28629 923.625 0
101 1.32536 -39.0 28808 923.625 0
100 1.39285 -54.0 28824 923.625 0
001 4.25833 -35.0 28856 923.625 0
011 0.34361 -42.0 29080 920.625 0
101 3.74291 -37.5 29250 920.625 0
001 6.18501 -33.5 29296 920.625 0
011 0.38043 -42.0 29538 920.625 0
101 3.48520 -38.0 29693 920.625 0
100 3.63860 -48.5 29703 920.625 0
001 6.23410 -33.5 29732 920.625 0
011 0.22089 -42.0 29987 920.625 0
001 5.21553 -34.0 40077 921.625 0
101 2.77957 -38.5 40082 921.625 0
011 5.84753 -42.0 40087 921.625 0
100 3.21522 -51.0 40092 921.625 0
001 5.60210 -34.0 40520 921.625 0
101 2.54027 -38.5 40531 921.625 0
100 3.35635 -50.5 40537 921.625 0
011 5.63891 -42.0 40546 921.625 0
101 2.62004 -38.5 40967 921.625 0
100 3.19068 -51.0 40977 921.625 0
001 5.19713 -34.5 40986 921.625 0
011 5.54687 -42.0 41005 921.625 0
101 2.71821 -38.5 41415 921.625 0
001 5.69414 -34.5 41425 921.625 0
100 3.25204 -51.0 41430 921.625 0
011 5.82913 -42.0 41457 921.625 0
101 2.54027 -38.5 41849 921.625 0
001 4.75534 -35.0 41868 922.625 0
100 2.32551 -53.0 41881 922.625 0
011 5.33825 -41.5 41911 922.625 0
101 2.08621 -38.5 42306 922.625 0
001 4.89033 -35.0 42322 922.625 0
100 2.23961 -53.5 42336 922.625 0
011 5.14804 -41.5 42367 922.625 0
101 1.95736 -39.0 42748 922.625 0
001 4.79829 -35.0 42768 922.625 0
100 2.17212 -53.5 42784 922.625 0
011 5.33825 -41.5 42829 922.625 0
101 1.98190 -39.0 43189 922.625 0
100 2.14757 -53.5 43221 922.625 0
001 4.72466 -35.0 43230 922.625 0
011 5.12350 -41.5 43290 922.625 0
101 2.00031 -39.0 43620 922.625 0
001 3.89018 -35.5 43665 923.625 0
011 4.28901 -41.0 43743 923.625 0
101 1.36217 -39.5 44052 923.625 0
001 3.95153 -35.5 44104 923.625 0
011 4.74920 -41.0 44205 923.625 0
101 1.33150 -39.5 44497 923.625 0
001 3.96381 -35.5 44560 923.625 0
011 4.31355 -41.0 44661 923.625 0
101 1.17196 -39.5 44939 923.625 0
100 1.52171 -56.5 44988 923.625 0
001 4.30128 -35.5 44997 923.625 0
011 4.30128 -41.0 45125 923.625 0
101 1.12901 -39.5 45389 923.625 0
001 3.96381 -35.5 45436 923.625 0
011 0.51542 -43.0 45575 920.625 0
101 3.41157 -38.0 45825 920.625 0
001 6.09911 -33.5 45883 920.625 0
100 3.81041 -49.5 45894 920.625 0
011 0.49087 -42.5 46041 920.625 0
101 3.45452 -38.0 46266 920.625 0
001 6.23410 -33.5 46317 920.625 0
011 0.41111 -42.5 46494 920.625 0
101 3.65087 -38.5 46708 920.625 0
001 0.33134 -34.0 46767 920.625 0
100 3.78586 -50.0 46781 920.625 0
011 0.30066 -42.5 46946 920.625 0
101 3.53429 -38.0 47150 920.625 0
001 0.21476 -33.5 47206 920.625 0
011 5.85367 -42.0 47412 921.625 0
101 2.50959 -38.5 47597 921.625 0
001 5.21553 -34.5 47645 921.625 0
100 2.88388 -51.5 47673 921.625 0
011 5.64505 -42.0 47868 921.625 0
101 2.36233 -38.5 48057 921.625 0
001 5.29530 -34.5 48091 921.625 0
100 3.07410 -52.0 48119 921.625 0
011 5.85367 -42.0 48321 921.625 0
101 2.55868 -39.0 48504 921.625 0
001 5.20940 -34.5 48541 921.625 0
100 3.28272 -51.5 48572 921.625 0
011 5.70641 -42.0 48772 921.625 0
101 2.49118 -38.5 48953 921.625 0
001 5.46711 -34.5 48986 921.625 0
100 3.25204 -52.0 49023 921.625 0
011 5.09895 -41.5 49235 922.625 0
101 2.08008 -39.0 49392 922.625 0
001 4.81670 -35.0 49431 922.625 0
100 2.17212 -54.0 49476 922.625 0
011 5.16645 -41.5 49693 922.625 0
101 2.10462 -39.0 49835 922.625 0
001 4.68171 -35.0 49869 922.625 0
