100 2.61390 -41.5 0 920.625 0
101 2.62618 -49.0 5 920.625 0
001 4.20311 -48.5 10 920.625 0
011 0.65041 -49.0 15 920.625 0
100 2.65072 -42.0 721 920.625 0
001 4.23992 -48.0 814 920.625 0
011 0.85289 -49.5 828 920.625 0
101 2.82866 -48.0 837 920.625 0
100 2.73049 -42.0 1457 920.625 0
001 4.14788 -48.5 1611 920.625 0
101 3.03115 -50.0 1683 920.625 0
100 1.60148 -42.5 2196 921.625 0
011 5.99480 -49.5 2254 921.625 0
001 3.11705 -47.0 2404 921.625 0
101 1.72419 -47.0 2526 921.625 0
100 1.55852 -41.5 2945 921.625 0
011 5.80458 -50.0 3076 921.625 0
001 3.11705 -47.5 3208 921.625 0
101 1.63829 -47.0 3355 921.625 0
100 0.98175 -41.5 3669 922.625 0
011 5.22167 -50.0 3895 922.625 0
001 2.76117 -48.0 4011 922.625 0
101 1.04311 -48.0 4194 922.625 0
100 1.07992 -42.0 4399 922.625 0
011 5.41802 -49.5 4713 922.625 0
001 2.36847 -48.0 4809 922.625 0
101 1.20264 -48.0 5033 922.625 0
100 1.18423 -42.0 5130 922.625 0
001 1.59534 -49.0 5604 923.625 0
100 6.24023 -43.0 5864 923.625 0
101 0.16567 -48.5 5878 923.625 0
011 4.66330 -49.5 6049 923.625 0
001 1.60148 -49.0 6403 923.625 0
100 0.01227 -42.5 6601 923.625 0
101 0.11045 -49.0 6720 923.625 0
011 4.62649 -49.5 7008 923.625 0
001 4.04357 -48.5 7207 920.625 0
100 2.58322 -42.0 7331 920.625 0
101 2.52800 -47.5 7559 920.625 0
001 4.19084 -48.5 8004 920.625 0
100 2.50959 -42.0 8073 920.625 0
101 2.66913 -47.5 8391 920.625 0
001 4.00676 -48.0 8802 920.625 0
100 2.50959 -42.0 8811 920.625 0
101 1.67511 -48.0 9227 921.625 0
100 1.54012 -42.0 9535 921.625 0
011 6.24023 -50.5 9544 921.625 0
001 3.04955 -48.0 9701 921.625 0
001 2.58322 -47.5 20053 922.625 0
101 1.19037 -47.0 20060 922.625 0
100 1.00629 -41.5 20065 922.625 0
011 5.40575 -50.5 20070 922.625 0
100 0.93266 -41.5 20793 922.625 0
001 2.67526 -47.0 20850 922.625 0
011 5.46097 -50.5 20891 922.625 0
101 1.30082 -46.5 20902 922.625 0
100 1.09833 -41.5 21517 922.625 0
001 2.38687 -47.0 21655 922.625 0
011 5.43643 -50.5 21706 922.625 0
101 1.15355 -47.0 21733 922.625 0
100 0.05522 -42.0 22234 923.625 0
001 1.49717 -47.5 22460 923.625 0
011 4.51604 -50.0 22525 923.625 0
101 0.44179 -47.5 22577 923.625 0
100 0.06136 -42.0 22973 923.625 0
001 1.48489 -47.0 23257 923.625 0
011 4.92715 -50.0 23334 923.625 0
101 0.44179 -47.0 23422 923.625 0
100 2.54641 -41.5 23707 920.625 0
001 4.16629 -47.0 24052 920.625 0
101 2.77344 -46.5 24260 920.625 0
100 2.62004 -41.5 24435 920.625 0
001 4.00062 -47.0 24850 920.625 0
101 2.74276 -46.5 25104 920.625 0
100 2.65072 -41.5 25166 920.625 0
001 2.97592 -47.0 25642 921.625 0
100 1.55852 -42.0 25884 921.625 0
101 1.80396 -46.5 25933 921.625 0
001 2.97592 -47.0 26437 921.625 0
100 1.54625 -42.0 26609 921.625 0
101 1.81623 -46.5 26768 921.625 0
001 2.50959 -47.0 27242 922.625 0
011 5.63891 -50.5 27247 922.625 0
100 1.00016 -41.5 27334 922.625 0
101 1.04924 -46.5 27608 922.625 0
001 2.46051 -46.5 28030 922.625 0
100 1.08606 -41.5 28072 922.625 0
101 1.12901 -47.0 28437 922.625 0
100 0.85903 -42.5 28803 922.625 0
001 2.49732 -47.5 28832 922.625 0
101 0.69336 -47.0 29283 923.625 0
100 6.22183 -43.0 29540 923.625 0
001 1.34990 -47.5 29635 923.625 0
100 2.67526 -42.5 40089 920.625 0
001 3.61406 -47.5 40095 920.625 0
101 2.80412 -46.5 40100 920.625 0
100 2.54027 -42.5 40817 920.625 0
001 3.65087 -47.5 40907 920.625 0
101 2.70594 -46.5 40939 920.625 0
100 2.34392 -42.5 41548 920.625 0
001 3.87177 -47.5 41713 920.625 0
101 2.75503 -46.5 41773 920.625 0
100 1.49717 -42.5 42281 921.625 0
001 2.85934 -47.5 42523 921.625 0
101 1.61988 -46.5 42611 921.625 0
100 1.50330 -42.5 43027 921.625 0
001 2.79798 -47.5 43324 921.625 0
101 1.65056 -46.5 43446 921.625 0
100 0.96948 -43.0 43765 922.625 0
001 2.06167 -47.5 44130 922.625 0
101 1.20264 -46.5 44289 922.625 0
100 1.01243 -43.0 44511 922.625 0
001 2.42983 -47.5 44926 922.625 0
101 1.18423 -47.0 45131 922.625 0
100 0.93880 -43.0 45253 922.625 0
001 1.32536 -47.5 45724 923.625 0
101 0.48474 -47.0 45971 923.625 0
100 6.25251 -43.0 45991 923.625 0
001 1.41740 -47.5 46536 923.625 0
100 6.25251 -43.0 46725 923.625 0
101 0.61973 -47.0 46817 923.625 0
001 3.61406 -47.5 47340 920.625 0
100 2.50346 -42.5 47446 920.625 0
101 2.71208 -46.5 47657 920.625 0
001 3.55270 -47.5 48144 920.625 0
100 2.48505 -43.0 48168 920.625 0
101 2.68140 -46.5 48501 920.625 0
100 2.76730 -42.5 48897 920.625 0
001 3.63247 -47.5 48954 920.625 0
101 1.89600 -46.5 49351 921.625 0
100 1.49103 -42.5 49635 921.625 0
001 3.06183 -47.5 49751 921.625 0
