100 2.74276 -43.0 0 920.625 0
011 2.54641 -59.0 6 920.625 0
100 2.76730 -43.0 709 920.625 0
011 2.47891 -59.5 797 920.625 0
100 3.04342 -43.0 1420 920.625 0
011 2.11076 -59.5 1584 920.625 0
100 2.35619 -43.0 2133 921.625 0
011 1.66897 -58.5 2372 921.625 0
100 1.85918 -43.0 2841 921.625 0
011 1.27627 -60.0 3160 921.625 0
100 1.98190 -43.0 3558 921.625 0
011 0.97561 -58.0 3939 922.625 0
100 1.17810 -42.5 4273 922.625 0
011 0.88971 -59.5 4725 922.625 0
100 1.36217 -42.5 4983 922.625 0
011 6.23410 -58.5 5513 923.625 0
100 0.34361 -42.5 5707 923.625 0
100 0.39884 -42.5 6419 923.625 0
011 6.26478 -59.0 7071 923.625 0
100 0.35588 -42.5 7128 923.625 0
100 2.94524 -43.0 7844 920.625 0
011 2.33165 -60.0 7856 920.625 0
100 2.81639 -43.0 8564 920.625 0
011 2.53414 -59.5 8645 920.625 0
100 1.92668 -42.5 9279 921.625 0
011 1.33150 -60.5 9428 921.625 0
100 1.99418 -42.0 9987 921.625 0
100 0.83449 -40.5 20046 922.625 0
011 1.20264 -57.0 20051 922.625 0
101 1.33150 -47.5 20057 922.625 0
100 0.87744 -40.5 20744 922.625 0
011 1.26400 -57.0 20841 922.625 0
101 1.25173 -47.5 20879 922.625 0
100 1.16583 -40.0 21458 922.625 0
011 1.31922 -58.0 21631 922.625 0
101 1.46035 -47.5 21702 922.625 0
100 6.06843 -40.5 22161 923.625 0
011 0.52769 -57.0 22418 923.625 0
101 0.22089 -47.5 22518 923.625 0
100 6.08684 -40.5 22883 923.625 0
011 0.87744 -57.5 23206 923.625 0
101 0.13499 -47.5 23340 923.625 0
100 6.06843 -40.5 23605 923.625 0
011 2.83480 -59.0 23992 920.625 0
101 2.55868 -48.0 24161 920.625 0
100 2.54027 -41.0 24313 920.625 0
011 3.08023 -58.5 24778 920.625 0
101 2.47891 -48.0 24985 920.625 0
100 2.42369 -41.0 25016 920.625 0
011 1.96350 -57.5 25570 921.625 0
100 1.35604 -40.5 25718 921.625 0
101 1.61988 -47.5 25806 921.625 0
011 2.03713 -57.5 26356 921.625 0
101 1.58307 -47.5 26622 921.625 0
100 1.34377 -40.5 27126 921.625 0
011 2.09235 -57.0 27135 921.625 0
101 1.10447 -47.0 27439 922.625 0
100 0.83449 -40.5 27840 922.625 0
011 1.11674 -57.0 27913 922.625 0
101 0.99402 -47.5 28257 922.625 0
100 0.82835 -40.5 28539 922.625 0
011 1.20264 -57.0 28702 922.625 0
101 0.06136 -47.5 29083 923.625 0
100 6.07456 -40.5 29259 923.625 0
011 0.55223 -58.0 29487 923.625 0
101 0.11658 -48.0 29898 923.625 0
100 0.19635 -40.5 29970 923.625 0
100 2.71208 -41.0 40082 920.625 0
101 2.73662 -48.0 40087 920.625 0
011 2.87775 -57.5 40092 920.625 0
100 2.25802 -41.0 40790 920.625 0
011 2.74276 -58.5 40877 920.625 0
101 2.81025 -48.0 40905 920.625 0
100 2.18439 -41.0 41498 920.625 0
011 2.87775 -58.0 41669 920.625 0
101 2.66299 -48.0 41725 920.625 0
100 1.33763 -40.5 42211 921.625 0
011 2.03099 -56.5 42449 921.625 0
100 1.55239 -40.5 42923 921.625 0
011 2.30097 -58.0 43235 921.625 0
101 1.63829 -47.5 43359 921.625 0
100 1.34990 -40.5 43640 921.625 0
011 1.23332 -57.5 44020 922.625 0
101 1.48489 -47.5 44181 922.625 0
100 0.60132 -40.5 44360 922.625 0
011 1.21491 -57.5 44805 922.625 0
101 1.47876 -47.5 44996 922.625 0
100 0.77313 -40.5 45089 922.625 0
011 0.49087 -56.0 45581 923.625 0
101 0.14113 -47.5 45808 923.625 0
100 6.06229 -40.5 45818 923.625 0
011 0.67495 -58.0 46371 923.625 0
100 6.06229 -40.5 46525 923.625 0
101 0.11045 -47.5 46629 923.625 0
011 0.36816 -57.0 47153 923.625 0
100 6.08684 -40.5 47225 923.625 0
101 2.77344 -48.0 47449 920.625 0
100 2.36847 -41.0 47941 920.625 0
011 2.87775 -58.0 47946 920.625 0
101 2.79185 -48.0 48268 920.625 0
100 2.77957 -41.0 48645 920.625 0
011 2.80412 -58.0 48741 920.625 0
101 1.60761 -47.5 49094 921.625 0
100 1.34377 -40.5 49352 921.625 0
011 2.06167 -58.0 49529 921.625 0
101 1.58307 -47.5 49912 921.625 0
100 1.33763 -40.5 50076 921.625 0
