100 1.12901 -43.5 0 922.625 0
011 0.95720 -52.5 6 922.625 0
100 0.96948 -43.5 699 922.625 0
011 1.12901 -52.5 772 922.625 0
100 0.87744 -44.0 1409 922.625 0
011 0.84062 -52.5 1542 922.625 0
100 6.11752 -44.0 2116 923.625 0
100 6.11752 -44.0 2815 923.625 0
100 6.12979 -44.0 3516 923.625 0
011 2.54641 -53.5 3592 920.625 0
100 2.63845 -44.0 4224 920.625 0
011 2.65072 -53.5 4369 920.625 0
100 2.47278 -44.0 4936 920.625 0
011 2.69367 -53.0 5148 920.625 0
011 1.52784 -52.5 6004 921.625 0
100 1.39285 -43.5 6341 921.625 0
011 1.52784 -53.0 6770 921.625 0
011 1.12901 -52.5 7539 922.625 0
100 1.13515 -43.5 7750 922.625 0
011 0.86517 -52.5 8311 922.625 0
100 1.07992 -43.5 8446 922.625 0
100 6.16660 -44.0 9153 923.625 0
100 6.14206 -44.0 9856 923.625 0
100 2.41755 -44.0 20053 920.625 0
011 2.54027 -53.0 20058 920.625 0
100 2.62004 -43.5 20763 920.625 0
011 2.77344 -53.0 20830 920.625 0
100 2.50346 -44.0 21458 920.625 0
011 2.62004 -53.0 21605 920.625 0
100 1.41126 -43.5 22162 921.625 0
011 1.54625 -53.0 22373 921.625 0
100 1.44194 -43.5 22866 921.625 0
011 1.54012 -52.5 23158 921.625 0
100 1.39285 -43.5 23578 921.625 0
011 0.98788 -52.5 23927 922.625 0
100 0.82835 -44.0 24287 922.625 0
011 1.14742 -52.5 24696 922.625 0
100 0.90812 -43.5 24997 922.625 0
100 6.11752 -43.5 25696 923.625 0
100 6.12979 -44.0 26399 923.625 0
011 6.22796 -52.0 26435 923.625 0
100 6.12979 -44.0 27108 923.625 0
011 2.77957 -53.0 27241 920.625 0
100 2.49732 -44.0 27808 920.625 0
011 2.78571 -53.0 28011 920.625 0
100 2.48505 -43.5 28513 920.625 0
011 2.57709 -53.0 28781 920.625 0
011 1.52784 -52.5 29557 921.625 0
100 1.36831 -43.5 29915 921.625 0
011 1.10447 -52.0 40098 922.625 0
100 1.00629 -43.5 40103 922.625 0
100 1.06765 -43.5 40802 922.625 0
011 1.08606 -52.5 40868 922.625 0
100 1.01856 -43.5 41503 922.625 0
011 0.99402 -52.5 41641 922.625 0
100 6.10524 -44.0 42199 923.625 0
100 6.14206 -43.5 42916 923.625 0
011 6.08684 -52.0 43027 923.625 0
100 6.10524 -44.0 43623 923.625 0
011 2.66913 -53.0 43792 920.625 0
100 2.61390 -43.5 44322 920.625 0
011 2.65072 -53.5 44563 920.625 0
100 2.79798 -43.5 45011 920.625 0
011 2.60163 -53.0 45329 920.625 0
011 1.55239 -52.5 46210 921.625 0
100 1.39285 -43.5 46404 921.625 0
011 1.52171 -52.5 46979 921.625 0
100 1.39899 -43.5 47098 921.625 0
011 1.17196 -52.0 47749 922.625 0
100 0.87130 -43.5 47800 922.625 0
100 0.92039 -43.5 48505 922.625 0
011 0.96334 -52.5 48525 922.625 0
100 6.08070 -44.0 49204 923.625 0
011 6.15433 -52.0 49901 923.625 0
100 6.09297 -44.0 49910 923.625 0
