100 0.85903 -49.0 0 922.625 0
101 1.39285 -47.0 6 922.625 0
100 1.00016 -49.0 686 922.625 0
101 1.39899 -47.0 769 922.625 0
100 0.91425 -49.0 1368 922.625 0
101 1.55852 -47.0 1531 922.625 0
100 0.06750 -49.5 2050 923.625 0
101 0.36816 -47.0 2289 923.625 0
100 0.18408 -49.5 2730 923.625 0
101 0.52769 -47.0 3061 923.625 0
100 0.04295 -49.0 3409 923.625 0
101 2.73662 -47.0 3825 920.625 0
100 2.76117 -48.0 4095 920.625 0
101 2.63231 -46.0 4580 920.625 0
100 2.56482 -48.5 4779 920.625 0
101 2.76730 -45.5 5339 920.625 0
100 1.83464 -47.5 5463 921.625 0
101 2.02485 -46.0 6091 921.625 0
100 1.65056 -47.5 6132 921.625 0
100 1.69351 -47.5 6809 921.625 0
101 1.93895 -45.5 6852 921.625 0
100 1.12287 -47.5 7487 922.625 0
101 1.30082 -46.0 7616 922.625 0
100 1.03697 -47.5 8176 922.625 0
101 1.14742 -45.5 8383 922.625 0
100 1.18423 -48.0 8853 922.625 0
101 0.43565 -46.0 9146 923.625 0
100 0.25771 -47.5 9539 923.625 0
101 0.49087 -46.0 9895 923.625 0
101 3.03115 -46.0 20057 920.625 0
100 2.54027 -48.0 20063 920.625 0
100 2.87161 -48.0 20742 920.625 0
101 2.74889 -46.0 20821 920.625 0
100 2.83480 -48.0 21427 920.625 0
101 2.72435 -45.5 21572 920.625 0
100 1.69351 -48.0 22114 921.625 0
101 1.85918 -46.0 22330 921.625 0
100 1.71192 -48.0 22799 921.625 0
101 2.39301 -46.0 23091 921.625 0
100 1.64443 -47.5 23478 921.625 0
101 1.30695 -46.0 23854 922.625 0
100 1.38058 -47.5 24155 922.625 0
101 1.18423 -46.0 24617 922.625 0
100 1.00629 -49.0 24832 922.625 0
101 1.33150 -46.0 25381 922.625 0
100 0.03068 -49.5 25510 923.625 0
101 0.38043 -46.5 26149 923.625 0
100 0.07977 -49.0 26191 923.625 0
100 0.06750 -49.5 26872 923.625 0
101 0.52769 -46.5 26912 923.625 0
100 2.44210 -50.0 27556 920.625 0
101 2.93911 -46.5 27672 920.625 0
100 2.78571 -50.0 28240 920.625 0
101 2.93911 -46.5 28436 920.625 0
100 2.62618 -49.5 28923 920.625 0
101 1.79783 -46.5 29202 921.625 0
100 1.56466 -49.5 29603 921.625 0
101 2.35619 -46.5 29958 921.625 0
101 1.22718 -46.5 40082 922.625 0
100 1.11060 -49.5 40087 922.625 0
100 1.14742 -49.5 40773 922.625 0
101 1.40513 -46.5 40841 922.625 0
100 0.93880 -49.5 41451 922.625 0
101 1.12901 -46.5 41608 922.625 0
100 0.02454 -49.5 42140 923.625 0
101 0.44792 -46.0 42367 923.625 0
100 6.27705 -49.5 42825 923.625 0
101 0.42338 -46.5 43127 923.625 0
100 0.00614 -49.5 43505 923.625 0
101 3.14159 -46.5 43885 920.625 0
100 2.41142 -49.5 44181 920.625 0
101 2.77344 -46.5 44652 920.625 0
100 2.46051 -49.5 44862 920.625 0
101 2.59550 -46.5 45414 920.625 0
101 2.35619 -46.5 46178 921.625 0
100 1.52171 -49.5 46219 921.625 0
100 1.58920 -49.5 46901 921.625 0
101 1.76101 -46.5 46945 921.625 0
100 0.95720 -49.5 47583 922.625 0
101 1.50330 -46.5 47709 922.625 0
101 1.34377 -46.0 48472 922.625 0
100 0.97561 -49.5 48942 922.625 0
101 0.41111 -46.5 49235 923.625 0
100 0.08590 -49.5 49625 923.625 0
101 0.41111 -46.5 49995 923.625 0
