100 5.67573 -55.0 0 920.625 0
100 5.68800 -55.0 526 920.625 0
100 6.10524 -55.0 1058 920.625 0
100 5.69414 -55.0 1592 920.625 0
100 4.89647 -53.0 2123 921.625 0
100 4.82897 -53.5 2655 921.625 0
100 4.92101 -53.5 3189 921.625 0
100 4.31355 -51.5 3723 922.625 0
100 4.63262 -52.0 4246 922.625 0
100 4.31355 -51.5 4771 922.625 0
100 4.30128 -51.5 5304 922.625 0
100 3.21522 -50.5 5837 923.625 0
100 3.26431 -50.5 6364 923.625 0
100 3.28272 -50.5 6895 923.625 0
100 5.78004 -55.0 7424 920.625 0
100 5.65732 -55.5 7964 920.625 0
100 5.60210 -55.5 8494 920.625 0
100 4.85352 -53.0 9023 921.625 0
100 4.83511 -53.5 9553 921.625 0
100 4.20311 -51.5 20051 922.625 0
100 4.48536 -51.5 20582 922.625 0
100 4.27060 -51.0 21110 922.625 0
100 4.58967 -51.0 21642 922.625 0
100 3.47907 -50.5 22177 923.625 0
100 3.50361 -50.5 22708 923.625 0
100 3.48520 -51.0 23242 923.625 0
100 5.80458 -55.5 23777 920.625 0
100 6.01320 -55.0 24304 920.625 0
100 5.74322 -55.5 24834 920.625 0
100 5.70027 -55.5 25364 920.625 0
100 4.90260 -53.0 25900 921.625 0
100 4.91487 -53.0 26435 921.625 0
100 4.89647 -53.0 26961 921.625 0
100 4.41173 -51.5 27502 922.625 0
100 4.41173 -51.5 28032 922.625 0
100 4.44854 -52.0 28567 922.625 0
100 3.26431 -51.0 29102 923.625 0
100 3.40544 -50.5 29639 923.625 0
100 5.73709 -55.0 40089 920.625 0
100 5.69414 -55.0 40621 920.625 0
100 5.73709 -54.5 41154 920.625 0
100 5.74322 -54.0 41696 920.625 0
100 4.88419 -52.5 42227 921.625 0
100 4.86579 -52.5 42761 921.625 0
100 4.88419 -52.5 43295 921.625 0
100 4.65717 -51.0 43830 922.625 0
100 4.22765 -51.5 44357 922.625 0
100 4.34423 -51.0 44889 922.625 0
100 4.38719 -51.5 45428 922.625 0
100 3.49134 -50.5 45969 923.625 0
100 3.49748 -50.0 46510 923.625 0
100 3.51588 -50.5 47049 923.625 0
100 5.75550 -54.0 47581 920.625 0
100 5.78618 -54.0 48111 920.625 0
100 5.90276 -54.0 48651 920.625 0
100 4.79829 -52.5 49180 921.625 0
100 4.79216 -53.0 49715 921.625 0
