100 4.48536 -50.5 0 922.625 0
101 4.09880 -47.0 5 922.625 0
100 4.41173 -51.0 449 922.625 0
101 4.25219 -47.0 472 922.625 0
100 4.46082 -51.0 893 922.625 0
101 4.11720 -47.0 946 922.625 0
100 4.68171 -51.0 1330 922.625 0
101 4.27060 -47.0 1416 922.625 0
100 4.46695 -51.0 1778 922.625 0
101 3.25204 -47.5 1891 923.625 0
100 4.01289 -51.5 2220 923.625 0
101 3.16000 -47.5 2363 923.625 0
100 3.69383 -51.5 2666 923.625 0
101 3.20295 -47.5 2830 923.625 0
100 3.89018 -51.5 3115 923.625 0
101 3.20909 -47.5 3302 923.625 0
100 3.80427 -51.5 3553 923.625 0
001 2.66299 -48.5 3596 920.625 0
101 5.82913 -46.5 3773 920.625 0
100 5.96412 -50.0 4000 920.625 0
001 2.91456 -48.5 4030 920.625 0
101 5.73709 -47.0 4252 920.625 0
100 6.06843 -50.0 4446 920.625 0
001 2.62004 -48.5 4465 920.625 0
101 5.83526 -46.5 4722 920.625 0
100 6.00093 -50.0 4888 920.625 0
001 2.78571 -49.0 4898 920.625 0
101 5.73709 -46.5 5189 920.625 0
001 2.80412 -49.0 5331 920.625 0
101 4.81056 -46.5 5656 921.625 0
001 1.92668 -49.0 5730 921.625 0
100 5.21553 -50.5 5798 921.625 0
101 4.79216 -47.0 6122 921.625 0
001 1.80396 -49.0 6212 921.625 0
100 5.29530 -50.0 6240 921.625 0
101 4.74920 -47.0 6593 921.625 0
001 1.92054 -50.0 6622 921.625 0
100 5.37507 -50.5 6681 921.625 0
001 1.85305 -49.0 7024 921.625 0
101 4.74920 -46.5 7066 921.625 0
100 5.12350 -50.0 7126 921.625 0
101 4.36878 -47.0 7542 922.625 0
100 4.44854 -50.5 7576 922.625 0
101 4.16629 -47.0 8005 922.625 0
100 4.44854 -50.5 8023 922.625 0
100 4.44854 -50.5 8468 922.625 0
101 4.16629 -47.0 8482 922.625 0
100 4.41786 -50.5 8921 922.625 0
101 4.29515 -47.0 8944 922.625 0
100 3.79200 -51.5 9369 923.625 0
101 3.18454 -48.0 9416 923.625 0
100 3.93926 -51.5 9814 923.625 0
101 3.13546 -47.5 9894 923.625 0
101 5.98866 -47.0 20043 920.625 0
001 2.57709 -49.0 20049 920.625 0
100 5.81686 -50.0 20053 920.625 0
001 2.74276 -48.5 20484 920.625 0
100 5.96412 -50.0 20494 920.625 0
101 5.85367 -46.5 20509 920.625 0
001 2.60777 -49.5 20918 920.625 0
100 5.98253 -50.0 20934 920.625 0
101 5.86594 -47.0 20988 920.625 0
001 2.73049 -49.5 21354 920.625 0
100 5.90276 -50.0 21383 920.625 0
101 5.63891 -46.5 21462 920.625 0
001 2.77957 -49.0 21790 920.625 0
100 5.16645 -50.5 21836 921.625 0
101 4.77988 -47.0 21941 921.625 0
001 1.71806 -49.5 22205 921.625 0
100 5.13577 -50.0 22278 921.625 0
101 4.71852 -47.0 22417 921.625 0
001 1.92668 -49.5 22623 921.625 0
100 5.16031 -50.5 22716 921.625 0
101 4.72466 -47.0 22885 921.625 0
001 1.68124 -49.0 23034 921.625 0
100 5.39961 -50.5 23157 921.625 0
101 4.77988 -47.0 23353 921.625 0
001 1.74874 -49.5 23443 921.625 0
100 5.11736 -50.5 23601 921.625 0
101 4.05585 -47.5 23823 922.625 0
100 4.79216 -51.0 24048 922.625 0
101 4.06198 -47.0 24291 922.625 0
100 4.62035 -50.5 24492 922.625 0
101 4.21538 -47.0 24761 922.625 0
101 4.24606 -47.5 25229 922.625 0
100 4.36264 -51.0 25371 922.625 0
101 3.14159 -48.0 25699 923.625 0
100 3.71837 -51.5 25822 923.625 0
101 3.16000 -48.0 26163 923.625 0
100 3.71837 -52.0 26269 923.625 0
101 3.15386 -48.0 26634 923.625 0
100 4.14788 -51.5 26715 923.625 0
101 3.14159 -48.0 27100 923.625 0
100 3.73064 -52.0 27160 923.625 0
001 2.76117 -49.0 27235 920.625 0
101 5.73709 -46.5 27565 920.625 0
100 5.79845 -50.0 27607 920.625 0
001 2.71208 -49.0 27667 920.625 0
101 5.69414 -47.0 28035 920.625 0
100 5.93957 -49.5 28054 920.625 0
001 2.69367 -49.0 28098 920.625 0
101 5.82913 -47.0 28500 920.625 0
100 5.90276 -50.0 28509 920.625 0
001 2.69367 -49.5 28536 920.625 0
100 5.87821 -50.0 28953 920.625 0
101 5.89049 -47.0 28962 920.625 0
001 2.68140 -49.5 28972 920.625 0
001 1.76715 -49.5 29348 921.625 0
100 5.14190 -50.0 29400 921.625 0
101 4.74920 -47.0 29430 921.625 0
100 5.15418 -50.5 29844 921.625 0
001 1.88986 -49.5 29853 921.625 0
101 4.69398 -47.0 29899 921.625 0
101 4.19084 -47.0 40081 922.625 0
100 4.25219 -50.0 40091 922.625 0
100 4.36878 -50.5 40541 922.625 0
101 4.18470 -47.5 40551 922.625 0
100 4.33196 -50.5 40983 922.625 0
101 4.17856 -47.0 41015 922.625 0
100 4.30128 -50.5 41429 922.625 0
101 4.39332 -47.0 41496 922.625 0
100 3.57724 -51.5 41877 923.625 0
101 3.12932 -48.0 41961 923.625 0
100 4.12948 -51.0 42322 923.625 0
100 3.58952 -51.0 42771 923.625 0
101 3.14773 -48.0 42896 923.625 0
100 3.66315 -51.0 43218 923.625 0
101 3.12318 -47.5 43375 923.625 0
100 5.78004 -50.0 43673 920.625 0
001 2.57709 -50.0 43682 920.625 0
101 5.64505 -47.0 43845 920.625 0
001 2.79798 -49.0 44123 920.625 0
100 5.95185 -49.5 44128 920.625 0
101 5.78004 -46.5 44322 920.625 0
001 2.62618 -49.0 44560 920.625 0
100 5.85981 -49.5 44573 920.625 0
101 5.81072 -46.5 44807 920.625 0
001 2.90843 -49.5 45009 920.625 0
100 5.99480 -50.0 45025 920.625 0
101 5.87821 -47.0 45281 920.625 0
001 3.00047 -49.5 45452 920.625 0
100 5.16645 -50.0 45474 921.625 0
101 4.68785 -47.0 45747 921.625 0
001 1.66284 -49.5 45860 921.625 0
100 5.46711 -50.0 45919 921.625 0
101 4.68171 -46.5 46217 921.625 0
001 1.71192 -49.5 46272 921.625 0
100 5.08054 -50.0 46362 921.625 0
001 1.66284 -50.0 46684 921.625 0
101 4.68171 -47.0 46705 921.625 0
100 5.05600 -50.0 46808 921.625 0
001 1.66284 -49.0 47098 921.625 0
100 5.25849 -50.0 47249 921.625 0
101 4.43014 -47.0 47642 922.625 0
100 4.36878 -50.5 47693 922.625 0
101 4.08652 -47.0 48111 922.625 0
100 4.22152 -50.5 48137 922.625 0
101 4.27060 -47.0 48579 922.625 0
100 4.35037 -50.5 48588 922.625 0
100 4.31355 -50.5 49036 922.625 0
101 4.29515 -47.0 49046 922.625 0
100 3.81654 -51.0 49480 923.625 0
101 3.12318 -48.0 49516 923.625 0
100 3.87790 -51.5 49922 923.625 0
101 3.10478 -48.0 49993 923.625 0
