100 0.95720 -50.0 0 920.625 0
001 4.22152 -47.0 7 920.625 0
101 0.93880 -46.0 12 920.625 0
100 1.16583 -50.0 393 920.625 0
001 4.39946 -46.5 403 920.625 0
101 0.73017 -46.0 417 920.625 0
100 1.04311 -50.0 786 920.625 0
001 4.22152 -47.0 795 920.625 0
101 0.61359 -46.0 832 920.625 0
100 1.09219 -50.0 1176 920.625 0
001 4.63262 -47.0 1186 920.625 0
101 0.49701 -46.0 1241 920.625 0
100 0.84676 -50.0 1569 920.625 0
001 4.14788 -47.0 1579 920.625 0
101 0.55837 -46.0 1650 920.625 0
001 3.27658 -47.0 1970 921.625 0
101 5.95798 -45.5 2051 921.625 0
001 3.24590 -47.5 2372 921.625 0
101 6.13592 -45.5 2469 921.625 0
001 3.28885 -47.0 2763 921.625 0
101 5.94571 -45.5 2884 921.625 0
100 6.20342 -49.5 3148 921.625 0
001 3.24590 -47.5 3157 921.625 0
101 5.94571 -45.5 3287 921.625 0
001 3.21522 -47.0 3565 921.625 0
101 5.24621 -45.0 3691 922.625 0
100 5.76163 -48.5 3955 922.625 0
001 2.81639 -47.0 3960 922.625 0
101 5.16031 -45.0 4106 922.625 0
001 2.94524 -47.0 4357 922.625 0
100 5.74936 -48.5 4362 922.625 0
101 5.12963 -45.0 4518 922.625 0
001 2.55254 -47.0 4747 922.625 0
100 5.75550 -48.5 4758 922.625 0
101 5.17872 -45.0 4927 922.625 0
001 2.60163 -47.0 5138 922.625 0
100 5.76777 -48.5 5149 922.625 0
101 5.18486 -45.0 5339 922.625 0
001 1.66284 -47.0 5534 923.625 0
100 4.45468 -48.0 5543 923.625 0
101 4.20924 -44.5 5756 923.625 0
001 1.66284 -47.0 5934 923.625 0
100 4.51604 -48.0 5943 923.625 0
101 4.31355 -44.5 6164 923.625 0
001 1.61375 -47.5 6327 923.625 0
001 1.66897 -47.0 6712 923.625 0
100 4.49150 -48.0 6732 923.625 0
101 4.40559 -44.5 6979 923.625 0
001 1.63829 -47.5 7102 923.625 0
101 0.73017 -45.5 7385 920.625 0
001 4.36878 -46.5 7491 920.625 0
100 0.95107 -49.5 7515 920.625 0
101 0.61359 -46.0 7804 920.625 0
001 4.11107 -47.0 7883 920.625 0
100 1.09219 -49.5 7914 920.625 0
101 0.47247 -46.0 8213 920.625 0
001 4.22152 -46.5 8271 920.625 0
100 0.96948 -49.5 8312 920.625 0
101 0.55837 -46.0 8627 920.625 0
001 4.29515 -47.0 8665 920.625 0
100 1.12901 -49.5 8708 920.625 0
101 6.04388 -45.5 9044 921.625 0
001 3.20909 -47.0 9053 921.625 0
001 3.23363 -47.5 9444 921.625 0
101 0.04295 -45.5 9454 921.625 0
001 3.23977 -47.0 9836 921.625 0
101 5.82299 -45.5 9870 921.625 0
100 5.79231 -48.0 20043 922.625 0
001 2.76117 -47.5 20051 922.625 0
101 5.08668 -45.0 20056 922.625 0
100 5.92117 -48.0 20440 922.625 0
001 2.84707 -47.5 20451 922.625 0
101 5.19099 -45.0 20469 922.625 0
100 5.65732 -48.0 20837 922.625 0
001 2.58322 -47.5 20849 922.625 0
101 5.13577 -45.0 20886 922.625 0
100 5.38120 -48.0 21237 922.625 0
001 2.49732 -47.5 21246 922.625 0
101 5.07441 -45.0 21298 922.625 0
100 5.66346 -48.0 21633 922.625 0
001 2.54641 -47.5 21642 922.625 0
101 5.18486 -45.0 21710 922.625 0
100 4.54058 -48.0 22032 923.625 0
001 1.61375 -47.5 22041 923.625 0
101 4.41173 -44.5 22127 923.625 0
001 1.65670 -47.5 22437 923.625 0
100 4.45468 -47.5 22448 923.625 0
101 4.40559 -44.5 22533 923.625 0
001 1.59534 -48.0 22834 923.625 0
100 4.55899 -47.5 22850 923.625 0
101 4.32583 -44.5 22952 923.625 0
001 1.59534 -47.5 23229 923.625 0
100 4.47922 -47.5 23254 923.625 0
101 4.68785 -44.5 23368 923.625 0
001 4.38719 -47.0 23630 920.625 0
100 0.84676 -49.0 23649 920.625 0
101 0.47247 -45.5 23779 920.625 0
001 4.11720 -47.0 24022 920.625 0
100 1.04311 -49.0 24050 920.625 0
101 0.46019 -45.5 24190 920.625 0
001 4.27674 -47.0 24420 920.625 0
100 1.06765 -49.0 24447 920.625 0
101 0.39884 -46.0 24599 920.625 0
001 4.19697 -47.0 24819 920.625 0
100 0.82835 -49.0 24846 920.625 0
101 0.36816 -46.0 25017 920.625 0
001 4.14175 -47.0 25210 920.625 0
100 1.01243 -49.0 25243 920.625 0
101 5.98866 -45.5 25427 921.625 0
001 3.13546 -47.5 25600 921.625 0
100 6.08070 -48.5 25649 921.625 0
101 6.03775 -45.5 25845 921.625 0
001 3.16000 -47.5 25999 921.625 0
100 6.08070 -48.5 26047 921.625 0
101 5.88435 -45.5 26263 921.625 0
001 3.12932 -47.5 26397 921.625 0
101 5.84753 -45.0 26680 921.625 0
001 3.14159 -47.5 26795 921.625 0
101 5.87821 -45.5 27092 921.625 0
001 3.20295 -47.5 27193 921.625 0
100 5.22167 -48.0 27246 922.625 0
101 4.93942 -45.0 27503 922.625 0
001 2.71208 -47.5 27588 922.625 0
100 5.40575 -48.0 27638 922.625 0
101 4.85965 -45.0 27916 922.625 0
001 2.58322 -47.5 27980 922.625 0
100 5.28303 -48.0 28034 922.625 0
101 5.07441 -45.0 28330 922.625 0
001 2.63231 -47.5 28377 922.625 0
100 5.35052 -48.0 28423 922.625 0
101 4.87192 -45.0 28740 922.625 0
001 2.76117 -47.5 28771 922.625 0
100 5.44256 -48.0 28818 922.625 0
101 4.38719 -44.5 29156 923.625 0
001 1.56466 -48.0 29167 923.625 0
100 4.42400 -47.5 29214 923.625 0
001 1.55239 -47.5 29562 923.625 0
101 4.27674 -44.5 29576 923.625 0
100 4.40559 -47.5 29617 923.625 0
001 1.56466 -48.0 29959 923.625 0
101 4.28901 -44.5 29986 923.625 0
100 4.41173 -48.0 30020 923.625 0
001 4.20311 -47.0 40079 920.625 0
100 0.76085 -49.0 40084 920.625 0
101 0.37429 -45.5 40089 920.625 0
001 4.08652 -47.5 40480 920.625 0
100 0.72404 -49.0 40490 920.625 0
101 0.30680 -45.5 40513 920.625 0
001 4.08652 -47.0 40886 920.625 0
100 0.66268 -49.0 40895 920.625 0
101 0.38656 -45.5 40932 920.625 0
001 4.18470 -47.0 41287 920.625 0
100 0.71790 -49.0 41296 920.625 0
101 0.44792 -45.5 41356 920.625 0
001 4.06812 -47.0 41688 920.625 0
100 0.74858 -49.0 41697 920.625 0
101 0.34975 -45.5 41769 920.625 0
001 3.11091 -47.5 42083 921.625 0
100 0.06750 -48.5 42092 921.625 0
101 5.89662 -45.5 42187 921.625 0
001 3.10478 -47.5 42477 921.625 0
100 6.20342 -48.5 42493 921.625 0
101 5.96412 -45.0 42611 921.625 0
001 3.09251 -48.0 42871 921.625 0
100 6.03161 -48.5 42890 921.625 0
101 5.76777 -45.0 43032 921.625 0
001 3.11705 -47.5 43270 921.625 0
100 5.98866 -48.5 43287 921.625 0
101 5.83526 -45.0 43459 921.625 0
001 2.57095 -48.0 43670 922.625 0
100 5.25235 -47.5 43691 922.625 0
101 4.89647 -45.0 43885 922.625 0
001 2.56482 -47.5 44065 922.625 0
100 5.25235 -48.0 44095 922.625 0
101 4.93942 -44.5 44296 922.625 0
001 2.85934 -48.0 44467 922.625 0
100 5.21553 -47.5 44502 922.625 0
101 4.98851 -44.5 44715 922.625 0
001 2.68753 -48.0 44868 922.625 0
100 5.52233 -48.0 44900 922.625 0
101 4.81056 -45.0 45132 922.625 0
001 2.61390 -48.0 45267 922.625 0
100 5.24621 -48.0 45305 922.625 0
101 4.14788 -44.5 45548 923.625 0
001 1.52171 -48.0 45671 923.625 0
100 4.63262 -47.5 45712 923.625 0
101 4.35037 -44.5 45969 923.625 0
001 1.55239 -48.0 46076 923.625 0
100 4.42400 -47.5 46112 923.625 0
101 4.17856 -45.0 46386 923.625 0
001 1.54625 -48.0 46474 923.625 0
101 4.37491 -44.5 46801 923.625 0
001 1.50944 -48.0 46875 923.625 0
100 4.46695 -47.5 46916 923.625 0
101 4.32583 -44.5 47215 923.625 0
001 4.12948 -47.0 47275 920.625 0
100 0.79153 -48.5 47320 920.625 0
101 0.18408 -45.5 47643 920.625 0
001 4.35037 -47.5 47672 920.625 0
100 0.92039 -48.5 47722 920.625 0
101 0.13499 -45.5 48056 920.625 0
001 4.31355 -47.5 48073 920.625 0
100 0.69336 -48.5 48129 920.625 0
101 0.14726 -45.5 48483 920.625 0
001 4.25833 -47.0 48489 920.625 0
100 0.65041 -48.5 48532 920.625 0
001 4.10493 -47.0 48887 920.625 0
101 0.22703 -45.5 48910 920.625 0
100 0.64427 -48.5 48935 920.625 0
001 3.09864 -47.5 49283 921.625 0
101 5.80458 -45.0 49332 921.625 0
100 6.22796 -48.5 49341 921.625 0
100 0.07363 -48.0 49741 921.625 0
101 5.85981 -45.0 49751 921.625 0
