101 1.31309 -51.0 0 920.625 0
001 4.69398 -45.5 5 920.625 0
001 4.65103 -45.5 354 920.625 0
101 1.29468 -50.5 382 920.625 0
001 4.66330 -45.5 1032 920.625 0
001 4.65103 -45.5 1368 920.625 0
101 1.33150 -51.0 1519 920.625 0
001 4.68171 -45.0 1714 920.625 0
101 0.70563 -49.5 1904 921.625 0
001 4.27674 -45.5 2060 921.625 0
101 0.61359 -49.5 2285 921.625 0
001 4.17856 -45.5 2402 921.625 0
101 0.48474 -49.5 2666 921.625 0
001 4.02517 -45.0 2742 921.625 0
101 0.70563 -49.5 3046 921.625 0
001 4.26447 -45.5 3078 921.625 0
001 3.97608 -45.0 3419 921.625 0
101 0.63200 -49.5 3433 921.625 0
101 6.01320 -49.0 3812 922.625 0
101 5.96412 -48.5 4190 922.625 0
001 3.08023 -45.5 4434 922.625 0
101 5.93957 -49.0 4571 922.625 0
101 0.06136 -49.0 4956 922.625 0
001 2.50346 -45.5 5479 923.625 0
101 5.43643 -48.0 5717 923.625 0
001 2.42983 -45.5 5818 923.625 0
101 5.35052 -48.0 6095 923.625 0
001 2.73049 -45.5 6158 923.625 0
101 5.22781 -48.0 6476 923.625 0
001 2.72435 -45.5 6504 923.625 0
001 2.86548 -45.5 6847 923.625 0
101 5.20940 -48.0 6857 923.625 0
101 1.26400 -50.5 7237 920.625 0
101 1.24559 -50.5 7618 920.625 0
101 1.71806 -50.0 7998 920.625 0
101 1.20878 -50.0 8384 920.625 0
101 1.22718 -50.0 8765 920.625 0
101 0.47860 -49.0 9140 921.625 0
001 3.96994 -45.0 9279 921.625 0
101 0.39884 -49.0 9524 921.625 0
001 4.20311 -45.5 9629 921.625 0
101 0.62586 -49.0 9903 921.625 0
001 3.95153 -45.5 9967 921.625 0
101 5.92730 -48.0 20051 922.625 0
001 2.95138 -45.5 20056 922.625 0
001 2.92684 -45.5 20397 922.625 0
101 5.90276 -48.0 20434 922.625 0
001 2.97592 -45.5 20760 922.625 0
101 5.96412 -48.0 20818 922.625 0
001 2.98819 -45.5 21114 922.625 0
101 5.98253 -48.0 21194 922.625 0
101 5.97025 -48.0 21579 922.625 0
001 2.95751 -45.5 21800 922.625 0
100 5.63891 -52.0 21848 923.625 0
101 5.34439 -47.0 21955 923.625 0
001 2.60777 -45.5 22149 923.625 0
100 5.78618 -51.5 22215 923.625 0
101 5.09282 -47.5 22332 923.625 0
001 2.23348 -45.5 22496 923.625 0
100 5.76163 -51.5 22582 923.625 0
101 5.20326 -47.0 22713 923.625 0
001 2.25802 -45.5 22837 923.625 0
100 5.78618 -51.5 22956 923.625 0
101 5.03146 -47.0 23098 923.625 0
001 2.15371 -45.5 23183 923.625 0
100 5.80458 -51.5 23326 923.625 0
101 5.12350 -47.0 23479 923.625 0
001 2.28256 -45.5 23536 923.625 0
101 1.39899 -49.5 23858 920.625 0
001 4.92715 -45.0 23882 920.625 0
001 4.69398 -45.0 24228 920.625 0
101 1.27014 -49.5 24237 920.625 0
101 1.22718 -49.5 24620 920.625 0
101 1.09833 -49.5 25005 920.625 0
001 4.50377 -45.0 25281 920.625 0
101 1.31922 -49.5 25379 920.625 0
001 3.76746 -45.5 25637 921.625 0
101 0.41111 -49.0 25758 921.625 0
001 3.89018 -45.0 25983 921.625 0
101 0.52155 -49.0 26136 921.625 0
001 3.80427 -45.5 26327 921.625 0
101 0.43565 -48.5 26516 921.625 0
001 4.00062 -45.5 26677 921.625 0
101 0.38656 -48.5 26897 921.625 0
001 4.00062 -45.0 27025 921.625 0
101 6.09297 -48.0 27271 922.625 0
001 2.93297 -45.5 27374 922.625 0
101 5.79231 -48.0 27656 922.625 0
101 5.81686 -48.0 28038 922.625 0
101 5.85367 -48.0 28415 922.625 0
101 0.01227 -48.0 28795 922.625 0
100 5.33212 -51.5 29031 923.625 0
001 2.56482 -45.5 29119 923.625 0
101 4.99464 -47.0 29182 923.625 0
100 5.66346 -51.5 29403 923.625 0
001 2.37460 -45.5 29469 923.625 0
101 4.84738 -47.0 29563 923.625 0
100 5.78004 -51.0 29768 923.625 0
001 2.61390 -45.5 29811 923.625 0
101 5.14804 -47.0 29941 923.625 0
101 1.20878 -49.5 40094 920.625 0
001 4.45468 -45.0 40444 920.625 0
101 1.32536 -49.0 40473 920.625 0
001 4.56513 -45.0 40797 920.625 0
101 1.51557 -49.0 40849 920.625 0
001 4.44241 -45.0 41146 920.625 0
101 1.18423 -49.5 41229 920.625 0
001 4.89647 -45.0 41501 920.625 0
101 1.24559 -49.0 41614 920.625 0
001 4.54672 -45.0 41861 920.625 0
101 0.39270 -48.5 41992 921.625 0
001 3.90858 -45.0 42215 921.625 0
101 0.06136 -48.5 42373 921.625 0
001 4.17243 -45.5 42574 921.625 0
101 0.62586 -48.5 42753 921.625 0
001 3.69996 -45.5 42929 921.625 0
101 0.30066 -48.5 43138 921.625 0
001 4.07425 -45.5 43283 921.625 0
101 0.22703 -48.5 43522 921.625 0
001 4.27674 -45.5 43632 921.625 0
101 5.89662 -48.0 43896 922.625 0
001 2.89616 -45.5 43986 922.625 0
101 5.88435 -47.5 44282 922.625 0
001 2.92684 -45.5 44347 922.625 0
101 6.08070 -47.5 44660 922.625 0
001 2.95138 -45.5 44702 922.625 0
101 5.89662 -47.5 45039 922.625 0
001 2.89616 -45.5 45060 922.625 0
001 2.89616 -45.5 45415 922.625 0
101 5.95798 -47.5 45424 922.625 0
100 5.66959 -50.5 45487 923.625 0
001 2.42369 -45.5 45766 923.625 0
101 4.83511 -46.5 45806 923.625 0
100 5.54074 -50.5 45859 923.625 0
001 2.30711 -46.0 46127 923.625 0
101 4.81670 -46.5 46190 923.625 0
100 5.40575 -50.5 46230 923.625 0
001 2.39915 -45.5 46485 923.625 0
101 4.87806 -47.0 46576 923.625 0
100 5.47938 -50.5 46602 923.625 0
001 2.07394 -46.0 46840 923.625 0
101 4.86579 -47.0 46962 923.625 0
100 5.58369 -50.5 46978 923.625 0
001 2.36847 -45.5 47200 923.625 0
101 1.23332 -49.0 47342 920.625 0
101 1.20264 -49.0 47727 920.625 0
101 1.08606 -49.0 48106 920.625 0
101 1.03697 -49.0 48490 920.625 0
001 4.45468 -45.0 48627 920.625 0
101 1.19037 -49.0 48865 920.625 0
001 4.39332 -45.0 48981 920.625 0
101 0.18408 -48.0 49246 921.625 0
001 3.71223 -45.5 49338 921.625 0
101 0.34361 -48.5 49630 921.625 0
001 3.90858 -45.5 49694 921.625 0
101 0.07977 -48.5 50015 921.625 0
001 4.04357 -45.5 50047 921.625 0
