100 4.12948 -38.0 0 922.625 0
101 0.03068 -46.0 5 922.625 0
001 2.09235 -47.0 10 922.625 0
100 4.05585 -38.0 554 922.625 0
001 2.34392 -46.0 593 922.625 0
101 0.00614 -45.5 628 922.625 0
100 3.88404 -38.5 1102 922.625 0
001 2.90229 -45.5 1168 922.625 0
101 6.27705 -44.5 1246 922.625 0
100 3.87790 -38.0 1677 922.625 0
001 2.63845 -44.5 1746 922.625 0
101 5.97639 -45.5 1857 923.625 0
100 3.01274 -38.5 2237 923.625 0
001 1.50944 -46.5 2329 923.625 0
101 5.67573 -45.5 2467 923.625 0
100 3.04342 -39.0 2790 923.625 0
001 1.65670 -47.0 2908 923.625 0
101 5.60823 -45.5 3085 923.625 0
100 2.98819 -39.0 3348 923.625 0
001 2.04326 -46.0 3495 923.625 0
101 1.33150 -43.5 3706 920.625 0
100 5.27689 -36.0 3901 920.625 0
001 3.67542 -45.0 4089 920.625 0
101 1.29468 -42.5 4316 920.625 0
100 5.26462 -37.0 4449 920.625 0
001 3.54043 -44.5 4679 920.625 0
101 1.32536 -42.5 4943 920.625 0
100 5.27076 -37.0 4998 920.625 0
001 3.79200 -44.5 5263 920.625 0
100 4.43014 -37.0 5555 921.625 0
101 0.55837 -43.5 5565 921.625 0
001 2.86548 -44.5 5846 921.625 0
100 4.77988 -37.0 6116 921.625 0
101 0.40497 -44.5 6186 921.625 0
001 3.02501 -45.5 6442 921.625 0
100 4.40559 -37.0 6667 921.625 0
101 0.60746 -44.5 6813 921.625 0
001 3.05569 -46.5 7031 921.625 0
100 3.93926 -38.0 7228 922.625 0
101 6.20342 -44.5 7431 922.625 0
001 2.65072 -47.0 7624 922.625 0
100 3.62019 -38.0 7786 922.625 0
101 6.18501 -44.0 8054 922.625 0
001 2.65072 -45.5 8210 922.625 0
100 3.60179 -38.0 8344 922.625 0
101 6.20342 -45.0 8670 922.625 0
001 2.79185 -45.5 8803 922.625 0
100 3.42998 -38.0 8894 922.625 0
101 5.75550 -46.0 9292 923.625 0
001 1.63216 -48.5 9402 923.625 0
100 2.75503 -38.5 9454 923.625 0
101 5.73095 -46.5 9909 923.625 0
001 1.55239 -50.0 9994 923.625 0
100 4.87192 -36.0 20060 920.625 0
101 1.09833 -43.5 20065 920.625 0
001 3.55884 -46.5 20071 920.625 0
100 5.03759 -36.0 20619 920.625 0
001 3.75518 -45.5 20652 920.625 0
101 1.57693 -43.0 20683 920.625 0
100 4.97623 -36.0 21182 920.625 0
001 3.63247 -47.0 21245 920.625 0
101 1.27627 -43.5 21304 920.625 0
100 4.84124 -35.5 21741 920.625 0
001 3.53429 -46.0 21838 920.625 0
101 0.54610 -44.0 21929 921.625 0
100 4.64489 -36.0 22290 921.625 0
001 2.77344 -47.5 22424 921.625 0
101 0.65041 -45.0 22556 921.625 0
100 4.33810 -36.5 22848 921.625 0
001 2.91456 -46.5 23015 921.625 0
101 0.52155 -45.0 23175 921.625 0
100 4.25833 -36.5 23416 921.625 0
001 3.04955 -48.0 23606 921.625 0
101 6.09911 -44.5 23794 922.625 0
100 3.50975 -37.0 23990 922.625 0
001 2.61390 -47.0 24191 922.625 0
101 6.04388 -45.5 24407 922.625 0
100 3.60179 -37.0 24552 922.625 0
001 2.30711 -47.5 24785 922.625 0
101 6.09297 -44.5 25046 922.625 0
100 3.34408 -37.0 25118 922.625 0
001 2.58322 -48.0 25377 922.625 0
101 5.38120 -46.0 25673 923.625 0
100 2.90229 -37.5 25685 923.625 0
001 1.63216 -48.0 25959 923.625 0
100 2.71821 -37.5 26250 923.625 0
101 5.27076 -46.0 26288 923.625 0
001 1.60148 -47.0 26547 923.625 0
100 2.80412 -37.5 26807 923.625 0
101 5.30757 -45.0 26899 923.625 0
001 1.51557 -48.5 27134 923.625 0
100 4.90874 -35.5 27364 920.625 0
101 1.15969 -43.0 27534 920.625 0
001 3.65701 -47.0 27718 920.625 0
100 4.82284 -35.5 27921 920.625 0
101 1.07379 -43.0 28157 920.625 0
001 3.73064 -45.5 28313 920.625 0
100 4.82284 -36.0 28481 920.625 0
101 1.36831 -44.0 28771 920.625 0
001 3.69383 -45.5 28897 920.625 0
100 4.35651 -36.5 29043 921.625 0
101 0.57678 -44.0 29406 921.625 0
001 3.03115 -47.0 29488 921.625 0
100 4.16629 -37.0 29603 921.625 0
101 0.46633 -45.0 30025 921.625 0
100 3.16614 -36.5 40100 922.625 0
001 2.34392 -50.0 40105 922.625 0
101 6.14206 -46.5 40110 922.625 0
100 3.17841 -36.5 40663 922.625 0
001 2.68753 -48.0 40689 922.625 0
101 6.08684 -46.0 40732 922.625 0
100 3.22136 -36.0 41221 922.625 0
001 2.68140 -48.0 41270 922.625 0
101 6.08070 -45.5 41355 922.625 0
100 3.17841 -36.5 41790 922.625 0
001 2.42983 -48.5 41855 922.625 0
101 5.74936 -47.0 41975 923.625 0
100 2.72435 -37.0 42353 923.625 0
001 1.69351 -50.0 42438 923.625 0
101 5.57755 -47.5 42596 923.625 0
100 2.73049 -37.0 42910 923.625 0
001 1.71806 -48.0 43030 923.625 0
101 5.65119 -47.5 43214 923.625 0
100 2.51573 -37.5 43475 923.625 0
001 1.68738 -48.0 43616 923.625 0
101 1.34377 -43.5 43840 920.625 0
100 4.69398 -35.5 44035 920.625 0
001 3.63247 -48.0 44210 920.625 0
101 1.25173 -44.5 44464 920.625 0
100 4.70012 -35.5 44588 920.625 0
001 3.70610 -48.0 44790 920.625 0
101 1.62602 -44.5 45096 920.625 0
100 4.68785 -35.5 45157 920.625 0
001 3.66315 -46.5 45380 920.625 0
101 0.46633 -45.5 45713 921.625 0
100 3.99449 -35.5 45723 921.625 0
001 2.98206 -47.5 45969 921.625 0
100 4.17243 -36.0 46282 921.625 0
101 0.51542 -45.5 46323 921.625 0
001 2.95138 -48.5 46548 921.625 0
100 4.21538 -36.0 46839 921.625 0
101 0.53996 -45.0 46940 921.625 0
001 3.14159 -48.0 47137 921.625 0
100 3.15386 -37.0 47394 922.625 0
101 6.05616 -45.5 47556 922.625 0
001 2.64458 -48.0 47733 922.625 0
100 3.14773 -36.5 47958 922.625 0
101 6.09297 -47.0 48162 922.625 0
001 2.68140 -48.0 48325 922.625 0
100 3.20909 -36.5 48511 922.625 0
101 6.16047 -46.5 48777 922.625 0
001 2.74276 -49.5 48914 922.625 0
100 2.55254 -37.0 49084 923.625 0
101 5.54687 -46.5 49389 923.625 0
001 1.60761 -49.0 49502 923.625 0
100 2.51573 -37.0 49662 923.625 0
101 5.73095 -46.5 50020 923.625 0
001 1.73033 -48.0 50082 923.625 0
