101 6.08070 -40.5 0 922.625 0
100 0.68109 -46.0 6 922.625 0
001 2.24575 -34.0 11 922.625 0
001 1.74260 -33.5 619 922.625 0
100 0.54610 -45.5 636 922.625 0
101 6.02548 -40.0 641 922.625 0
001 1.73033 -34.0 1233 922.625 0
100 0.50928 -45.0 1272 922.625 0
101 5.97639 -40.0 1277 922.625 0
001 1.28241 -34.5 1848 923.625 0
101 5.35052 -40.5 1903 923.625 0
100 6.15433 -47.5 1914 923.625 0
001 1.24559 -34.0 2455 923.625 0
101 5.38734 -40.5 2531 923.625 0
100 6.01934 -47.0 2553 923.625 0
001 1.27627 -34.5 3072 923.625 0
101 5.27689 -40.0 3157 923.625 0
100 6.00707 -46.5 3196 923.625 0
001 3.23977 -34.5 3702 920.625 0
101 1.24559 -41.0 3790 920.625 0
100 1.75487 -44.0 3833 920.625 0
001 3.28272 -34.0 4311 920.625 0
101 1.30082 -41.0 4416 920.625 0
100 1.75487 -44.0 4463 920.625 0
001 3.27658 -34.5 4934 920.625 0
101 1.13515 -41.0 5038 920.625 0
100 1.75487 -44.0 5106 920.625 0
001 2.60777 -34.0 5548 921.625 0
101 0.54610 -41.5 5658 921.625 0
100 1.17196 -44.0 5743 921.625 0
001 3.06183 -34.5 6159 921.625 0
101 0.52155 -41.5 6289 921.625 0
100 1.14742 -43.5 6377 921.625 0
001 2.62618 -34.5 6788 921.625 0
101 0.47247 -41.5 6925 921.625 0
100 1.15969 -43.5 7012 921.625 0
001 2.24575 -34.5 7399 922.625 0
101 6.04388 -41.5 7556 922.625 0
100 0.09817 -43.5 7650 922.625 0
001 1.80396 -35.0 8017 922.625 0
101 6.05002 -41.5 8188 922.625 0
100 0.06750 -43.5 8298 922.625 0
001 1.77942 -34.5 8649 922.625 0
101 5.98866 -41.5 8828 922.625 0
100 0.06750 -43.5 8932 922.625 0
001 1.57080 -35.0 9265 923.625 0
101 5.28917 -41.0 9459 923.625 0
100 5.89049 -43.5 9568 923.625 0
001 1.28241 -35.0 9875 923.625 0
001 3.16614 -35.5 20039 920.625 0
101 1.23332 -42.0 20045 920.625 0
100 1.27627 -39.5 20050 920.625 0
001 3.15386 -35.5 20683 920.625 0
101 1.22718 -41.5 20688 920.625 0
100 1.27014 -39.5 20698 920.625 0
001 3.18454 -35.0 21296 920.625 0
100 1.28854 -39.5 21328 920.625 0
101 1.14128 -41.5 21334 920.625 0
001 2.81025 -35.5 21905 921.625 0
101 0.47860 -42.0 21962 921.625 0
100 0.55837 -39.5 21978 921.625 0
001 3.07410 -35.0 22525 921.625 0
101 0.44179 -41.5 22590 921.625 0
100 0.56450 -40.0 22627 921.625 0
001 3.06183 -35.0 23138 921.625 0
101 0.55837 -42.0 23223 921.625 0
100 0.58291 -39.5 23262 921.625 0
001 1.71192 -35.5 23757 922.625 0
101 5.87208 -40.5 23862 922.625 0
100 3.08023 -37.0 23914 922.625 0
001 1.68124 -35.0 24379 922.625 0
101 5.98253 -40.5 24496 922.625 0
100 6.09911 -41.0 24554 922.625 0
001 1.79169 -35.0 25002 922.625 0
101 6.05616 -40.5 25123 922.625 0
100 6.11138 -41.5 25189 922.625 0
001 1.26400 -35.0 25616 923.625 0
101 5.19099 -40.0 25750 923.625 0
100 5.30144 -41.5 25832 923.625 0
001 1.19037 -35.0 26224 923.625 0
101 5.36893 -40.0 26375 923.625 0
100 5.43643 -41.5 26467 923.625 0
001 1.14742 -35.5 26847 923.625 0
101 5.21553 -40.0 27008 923.625 0
100 5.28303 -41.5 27093 923.625 0
001 3.22750 -35.0 27458 920.625 0
101 1.41740 -41.0 27642 920.625 0
100 1.28854 -40.0 27728 920.625 0
001 3.22136 -35.0 28070 920.625 0
101 1.12287 -41.0 28275 920.625 0
100 1.28854 -40.5 28362 920.625 0
001 3.17841 -35.0 28684 920.625 0
101 1.37445 -41.0 28906 920.625 0
001 2.61390 -35.0 29299 921.625 0
101 0.49701 -40.5 29532 921.625 0
100 1.07992 -41.0 29647 921.625 0
001 2.57709 -35.0 29911 921.625 0
001 1.75487 -35.5 40076 922.625 0
100 6.11752 -41.0 40080 922.625 0
101 6.12979 -40.5 40091 922.625 0
001 1.75487 -34.5 40691 922.625 0
100 5.98866 -41.0 40724 922.625 0
101 6.04388 -40.5 40730 922.625 0
001 1.73033 -35.5 41309 922.625 0
101 6.05002 -40.5 41366 922.625 0
100 5.98253 -41.0 41373 922.625 0
001 1.07992 -35.0 41928 923.625 0
101 5.29530 -40.0 41990 923.625 0
100 5.46711 -41.5 42007 923.625 0
001 1.33763 -35.0 42539 923.625 0
101 5.39961 -40.5 42629 923.625 0
100 5.24008 -41.5 42639 923.625 0
001 1.33150 -35.0 43174 923.625 0
101 5.29530 -40.0 43262 923.625 0
100 5.50392 -41.5 43288 923.625 0
001 3.20909 -35.0 43788 920.625 0
101 1.36217 -41.0 43893 920.625 0
100 1.17196 -40.5 43926 920.625 0
001 3.21522 -35.0 44400 920.625 0
101 1.28854 -40.5 44532 920.625 0
100 1.19651 -40.5 44555 920.625 0
001 3.22136 -35.0 45016 920.625 0
101 1.26400 -40.5 45160 920.625 0
100 1.28241 -40.5 45186 920.625 0
001 2.68140 -35.0 45626 921.625 0
101 0.46633 -40.5 45809 921.625 0
100 0.57678 -41.0 45829 921.625 0
001 2.58936 -35.0 46248 921.625 0
101 0.64427 -40.5 46444 921.625 0
100 0.43565 -41.0 46460 921.625 0
001 2.56482 -35.0 46866 921.625 0
101 0.47247 -41.0 47085 921.625 0
100 0.38656 -41.0 47100 921.625 0
001 1.71192 -35.0 47477 922.625 0
101 6.00093 -40.0 47712 922.625 0
100 5.95185 -41.5 47734 922.625 0
001 1.71806 -35.5 48105 922.625 0
101 5.98253 -41.0 48357 922.625 0
100 6.05616 -41.5 48374 922.625 0
001 1.68738 -35.0 48729 922.625 0
101 5.93957 -40.5 48983 922.625 0
100 6.00093 -41.5 49018 922.625 0
001 1.38058 -35.0 49345 923.625 0
101 5.22781 -40.5 49620 923.625 0
100 5.17258 -41.5 49657 923.625 0
001 1.20878 -35.0 49976 923.625 0
