100 3.79200 -31.5 0 920.625 0
001 3.78586 -49.0 6 920.625 0
101 1.93895 -52.5 11 920.625 0
001 3.84722 -46.5 605 920.625 0
100 3.86563 -32.0 610 920.625 0
101 2.12303 -52.0 637 920.625 0
001 3.75518 -48.5 1204 920.625 0
100 3.70610 -32.0 1221 920.625 0
101 1.84078 -52.0 1279 920.625 0
001 3.12932 -48.0 1811 921.625 0
100 3.12932 -32.5 1832 921.625 0
101 1.25786 -52.0 1910 921.625 0
001 3.08023 -48.5 2420 921.625 0
100 2.89002 -32.5 2436 921.625 0
101 1.63216 -52.0 2546 921.625 0
001 3.13546 -48.0 3031 921.625 0
100 2.93911 -33.0 3047 921.625 0
101 1.27627 -53.0 3185 921.625 0
001 2.60777 -46.5 3640 922.625 0
100 2.49732 -33.0 3661 922.625 0
101 0.76085 -53.0 3815 922.625 0
001 2.69981 -46.5 4238 922.625 0
100 2.14144 -33.0 4265 922.625 0
101 1.09833 -52.5 4445 922.625 0
001 2.96979 -47.5 4845 922.625 0
100 2.17212 -33.5 4878 922.625 0
101 1.20264 -53.0 5108 922.625 0
001 1.93895 -47.0 5451 923.625 0
101 0.03682 -52.5 5712 923.625 0
001 2.00645 -46.0 6053 923.625 0
100 1.41126 -34.0 6101 923.625 0
101 0.05522 -53.0 6423 923.625 0
001 2.23961 -47.0 6654 923.625 0
101 1.94509 -53.5 7188 920.625 0
001 3.99449 -48.0 7266 920.625 0
100 3.71223 -32.0 7316 920.625 0
101 2.18439 -55.0 7820 920.625 0
001 3.87177 -50.5 7868 920.625 0
100 3.60179 -32.0 7926 920.625 0
101 2.25802 -54.5 8456 920.625 0
001 4.11720 -50.0 8472 920.625 0
100 3.66315 -32.0 8541 920.625 0
001 3.23977 -48.5 9068 921.625 0
100 2.85320 -33.0 9143 921.625 0
101 1.36217 -53.5 9532 921.625 0
001 3.12318 -48.0 9665 921.625 0
100 2.87161 -33.0 9753 921.625 0
100 2.14757 -33.5 20046 922.625 0
001 2.65072 -47.5 20052 922.625 0
101 0.96948 -53.0 20057 922.625 0
001 2.97592 -46.5 20646 922.625 0
100 2.47891 -34.0 20663 922.625 0
101 1.12287 -52.5 20689 922.625 0
001 2.74889 -46.5 21246 922.625 0
100 2.48505 -33.5 21271 922.625 0
101 1.04924 -53.5 21326 922.625 0
001 2.00645 -47.5 21849 923.625 0
100 1.39285 -34.5 21882 923.625 0
001 1.79783 -47.0 22453 923.625 0
101 0.09817 -53.0 22563 923.625 0
001 2.04940 -46.0 23059 923.625 0
101 0.10431 -53.0 23201 923.625 0
001 3.88404 -48.5 23669 920.625 0
100 3.83495 -32.0 23718 920.625 0
101 1.76101 -52.0 23833 920.625 0
001 3.71223 -48.5 24275 920.625 0
100 3.74291 -32.0 24331 920.625 0
101 2.06167 -54.5 24523 920.625 0
001 3.52816 -50.5 24877 920.625 0
100 3.70610 -32.0 24939 920.625 0
101 1.92668 -54.5 25053 920.625 0
001 3.12318 -50.5 25484 921.625 0
100 2.88388 -32.5 25554 921.625 0
101 1.26400 -53.0 25798 921.625 0
001 3.07410 -47.5 26092 921.625 0
100 3.12932 -33.0 26150 921.625 0
101 1.18423 -52.0 26427 921.625 0
001 3.08637 -46.5 26690 921.625 0
100 2.95751 -33.0 26758 921.625 0
101 1.28854 -51.5 27063 921.625 0
001 2.93911 -47.5 27290 922.625 0
100 2.47891 -34.0 27371 922.625 0
101 0.69336 -51.5 27700 922.625 0
001 2.62618 -47.0 27893 922.625 0
100 2.64458 -34.0 27979 922.625 0
101 0.80994 -52.0 28338 922.625 0
001 2.66299 -45.5 28494 922.625 0
100 2.40528 -34.0 28590 922.625 0
101 0.57678 -51.5 28972 922.625 0
001 1.76715 -46.5 29097 923.625 0
100 1.54625 -35.0 29205 923.625 0
101 0.06750 -52.5 29608 923.625 0
001 1.76715 -46.0 29698 923.625 0
100 1.54012 -35.0 29832 923.625 0
100 3.76132 -32.5 40068 920.625 0
001 3.76132 -45.5 40075 920.625 0
101 1.66284 -50.0 40080 920.625 0
001 4.07425 -46.5 40674 920.625 0
100 3.89631 -32.0 40687 920.625 0
101 1.75487 -51.5 40720 920.625 0
001 3.68155 -48.0 41281 920.625 0
100 3.82882 -32.0 41298 920.625 0
101 1.68124 -51.0 41343 920.625 0
101 1.37445 -51.0 41977 921.625 0
001 3.09251 -47.0 42484 921.625 0
101 1.31922 -51.0 42611 921.625 0
001 3.12932 -48.0 43084 921.625 0
100 3.01274 -33.0 43097 921.625 0
101 1.46649 -50.5 43237 921.625 0
001 2.69981 -46.0 43690 922.625 0
100 2.62618 -34.0 43711 922.625 0
101 0.92039 -51.5 43872 922.625 0
001 2.58936 -47.0 44294 922.625 0
100 2.50959 -33.5 44316 922.625 0
101 0.15340 -50.5 44503 922.625 0
001 3.04955 -47.5 44897 922.625 0
100 2.67526 -33.5 44927 922.625 0
101 0.70563 -51.5 45133 922.625 0
001 2.15984 -44.5 45496 923.625 0
100 1.50330 -35.0 45540 923.625 0
101 0.02454 -52.5 45769 923.625 0
001 2.01258 -44.5 46105 923.625 0
101 6.24637 -50.5 46402 923.625 0
001 2.00645 -47.5 46706 923.625 0
101 6.24637 -52.5 47013 923.625 0
001 3.71837 -46.0 47304 920.625 0
100 3.69383 -32.5 47381 920.625 0
101 1.76101 -50.0 47638 920.625 0
001 3.65701 -45.0 47899 920.625 0
100 3.96994 -32.5 47985 920.625 0
101 1.69965 -51.5 48262 920.625 0
001 3.64474 -46.5 48503 920.625 0
100 4.08652 -32.5 48585 920.625 0
101 1.64443 -51.5 48885 920.625 0
001 3.06796 -47.0 49093 921.625 0
101 1.12901 -51.0 49510 921.625 0
001 2.95751 -46.5 49693 921.625 0
100 2.96365 -33.5 49784 921.625 0
