100 2.84093 -27.5 0 922.625 0
101 6.03161 -47.0 5 922.625 0
100 2.69367 -27.5 594 922.625 0
101 5.97639 -47.5 630 922.625 0
100 2.71821 -27.5 1200 922.625 0
101 5.94571 -47.0 1262 922.625 0
100 1.63829 -28.0 1815 923.625 0
101 5.33825 -47.5 1885 923.625 0
100 1.60761 -28.0 2431 923.625 0
101 5.28917 -47.5 2503 923.625 0
100 1.59534 -28.0 3035 923.625 0
001 2.45437 -50.0 3049 923.625 0
101 5.28917 -47.0 3128 923.625 0
100 4.01289 -26.5 3645 920.625 0
101 1.25173 -46.5 3745 920.625 0
100 4.05585 -26.5 4268 920.625 0
101 1.09219 -46.0 4362 920.625 0
100 4.12334 -26.5 4887 920.625 0
101 0.85289 -46.0 4978 920.625 0
100 3.14773 -27.0 5487 921.625 0
101 0.16567 -46.5 5595 921.625 0
100 3.12318 -27.5 6106 921.625 0
101 0.18408 -46.0 6222 921.625 0
100 3.13546 -27.0 6715 921.625 0
101 0.25771 -46.5 6845 921.625 0
100 2.66913 -27.5 7329 922.625 0
101 5.95798 -46.5 7480 922.625 0
100 2.53414 -27.5 7938 922.625 0
101 5.92730 -47.0 8096 922.625 0
100 2.79185 -27.5 8549 922.625 0
101 5.95185 -47.0 8722 922.625 0
100 1.60148 -28.0 9157 923.625 0
101 5.21553 -47.0 9359 923.625 0
100 1.61375 -28.0 9755 923.625 0
101 5.28303 -47.5 9987 923.625 0
101 1.18423 -46.5 20034 920.625 0
100 4.12948 -27.0 20040 920.625 0
101 0.88357 -45.5 20660 920.625 0
100 4.33810 -27.0 20665 920.625 0
001 3.68155 -50.5 20680 920.625 0
001 4.12334 -51.5 21253 920.625 0
100 4.17243 -27.0 21281 920.625 0
101 1.18423 -46.0 21291 920.625 0
001 3.83495 -50.5 21813 920.625 0
100 3.04342 -27.5 21890 921.625 0
101 0.10431 -46.5 21911 921.625 0
001 3.16614 -51.0 22458 921.625 0
100 3.06183 -27.5 22496 921.625 0
101 0.18408 -46.0 22537 921.625 0
001 3.23363 -50.5 23068 921.625 0
101 0.02454 -47.0 23154 921.625 0
001 3.09251 -51.5 23682 922.625 0
100 2.43596 -28.0 23716 922.625 0
101 6.06229 -47.0 23777 922.625 0
001 2.60163 -50.5 24291 922.625 0
100 2.77344 -28.0 24333 922.625 0
101 6.04388 -47.5 24403 922.625 0
100 2.49118 -28.0 24949 922.625 0
001 2.54641 -51.0 25524 923.625 0
100 1.54625 -28.5 25554 923.625 0
101 5.14190 -47.0 25653 923.625 0
001 2.08621 -49.5 26132 923.625 0
100 1.52171 -28.5 26160 923.625 0
101 5.19713 -48.0 26272 923.625 0
001 2.17212 -50.0 26742 923.625 0
100 1.52171 -28.5 26770 923.625 0
101 5.20326 -47.0 26893 923.625 0
001 4.01289 -52.0 27349 920.625 0
100 3.73678 -27.0 27381 920.625 0
101 1.11060 -46.5 27517 920.625 0
001 3.87790 -50.0 27956 920.625 0
100 3.81041 -27.0 27991 920.625 0
101 0.93266 -46.5 28133 920.625 0
001 3.77973 -50.0 28563 920.625 0
100 3.71223 -27.0 28601 920.625 0
101 1.04924 -46.0 28767 920.625 0
001 3.22750 -52.0 29186 921.625 0
101 0.14113 -47.5 29391 921.625 0
001 3.10478 -51.5 29793 921.625 0
101 0.19021 -46.0 30008 921.625 0
101 5.76163 -49.0 40063 922.625 0
100 2.39915 -28.0 40068 922.625 0
001 2.68140 -50.5 40080 922.625 0
001 3.08023 -51.5 40635 922.625 0
100 2.51573 -28.0 40675 922.625 0
101 5.87208 -49.0 40685 922.625 0
001 2.85934 -50.5 41187 922.625 0
100 2.35006 -28.0 41286 922.625 0
101 5.78004 -49.5 41313 922.625 0
001 2.87775 -51.0 41736 922.625 0
100 1.54012 -28.5 41903 923.625 0
101 5.16031 -49.0 41939 923.625 0
001 2.07394 -51.5 42381 923.625 0
100 1.57080 -28.5 42526 923.625 0
101 5.21553 -50.5 42569 923.625 0
001 2.04326 -51.0 42983 923.625 0
100 1.55852 -28.5 43142 923.625 0
101 5.25849 -49.0 43195 923.625 0
001 3.82268 -51.5 43700 920.625 0
100 3.73064 -27.0 43749 920.625 0
101 1.06765 -47.5 43820 920.625 0
001 3.72451 -51.0 44255 920.625 0
100 3.85336 -27.0 44352 920.625 0
101 0.88971 -48.5 44436 920.625 0
001 4.15402 -51.0 44860 920.625 0
100 3.70610 -27.0 44968 920.625 0
101 0.95107 -47.5 45061 920.625 0
001 3.12318 -51.5 45521 921.625 0
100 3.04342 -28.0 45577 921.625 0
101 0.09204 -49.5 45690 921.625 0
001 3.09864 -52.5 46074 921.625 0
101 0.13499 -48.5 46326 921.625 0
001 3.12318 -51.5 46678 921.625 0
101 0.02454 -49.0 46950 921.625 0
001 2.73662 -52.0 47279 922.625 0
100 2.50346 -28.0 47397 922.625 0
101 6.06229 -50.0 47578 922.625 0
001 2.87161 -50.5 47889 922.625 0
100 2.46051 -28.0 48010 922.625 0
101 5.73709 -49.0 48193 922.625 0
001 2.91456 -51.5 48502 922.625 0
100 2.57709 -28.0 48612 922.625 0
101 5.78004 -50.5 48817 922.625 0
001 2.33165 -51.5 49109 923.625 0
100 1.50944 -28.5 49215 923.625 0
101 5.22781 -49.5 49441 923.625 0
001 2.06781 -50.0 49715 923.625 0
100 1.50944 -28.5 49827 923.625 0
