101 4.30128 -46.0 0 920.625 0
100 5.47938 -26.5 5 920.625 0
100 5.42416 -26.5 507 920.625 0
101 4.28287 -46.0 526 920.625 0
001 5.98866 -48.0 909 920.625 0
100 5.66959 -26.5 1013 920.625 0
101 4.44241 -45.0 1047 920.625 0
100 5.89049 -26.5 1524 920.625 0
001 5.45484 -47.5 1535 920.625 0
101 4.43627 -45.0 1569 920.625 0
100 4.99464 -26.5 2038 921.625 0
101 3.72451 -47.5 2098 921.625 0
100 5.06827 -26.5 2549 921.625 0
101 3.56497 -47.5 2627 921.625 0
100 4.89647 -27.0 3067 921.625 0
001 5.28303 -47.0 3079 921.625 0
101 3.59565 -45.5 3148 921.625 0
100 4.90874 -27.0 3570 921.625 0
101 3.25818 -47.5 3681 922.625 0
100 3.97608 -27.0 4079 922.625 0
001 4.38719 -47.0 4095 922.625 0
101 3.14159 -47.5 4211 922.625 0
100 3.95153 -27.0 4587 922.625 0
001 4.37491 -47.0 4598 922.625 0
101 3.04955 -47.5 4736 922.625 0
100 3.92085 -27.0 5091 922.625 0
101 2.94524 -47.5 5268 922.625 0
100 3.40544 -27.5 5586 923.625 0
100 3.34408 -27.5 6093 923.625 0
100 3.40544 -27.5 6597 923.625 0
101 2.31938 -48.5 6608 923.625 0
100 3.22750 -27.5 7099 923.625 0
101 4.28901 -45.5 7188 920.625 0
100 5.37507 -26.5 7611 920.625 0
101 4.25833 -46.0 7718 920.625 0
100 5.44256 -26.5 8108 920.625 0
101 4.37491 -46.5 8245 920.625 0
100 5.62664 -27.0 8611 920.625 0
101 4.27060 -46.0 8778 920.625 0
100 4.62035 -27.0 9120 921.625 0
101 3.45452 -47.0 9305 921.625 0
100 5.12963 -27.0 9623 921.625 0
101 3.65701 -47.5 9837 921.625 0
100 3.87177 -27.0 20034 922.625 0
101 2.94524 -48.0 20039 922.625 0
100 4.06812 -27.5 20547 922.625 0
101 2.92070 -47.0 20573 922.625 0
100 3.97608 -27.5 21053 922.625 0
101 2.96979 -47.5 21110 922.625 0
100 4.17243 -27.0 21560 922.625 0
101 3.00660 -49.0 21654 922.625 0
100 3.28272 -27.5 22069 923.625 0
100 3.27045 -28.0 22573 923.625 0
100 3.13546 -28.0 23080 923.625 0
100 3.12318 -27.5 23584 923.625 0
101 4.34423 -45.5 23626 920.625 0
100 5.38734 -26.5 24086 920.625 0
101 4.31969 -45.5 24151 920.625 0
100 5.39348 -26.5 24590 920.625 0
101 4.35651 -46.5 24684 920.625 0
100 5.44870 -26.5 25103 920.625 0
101 4.35037 -45.5 25222 920.625 0
100 5.05600 -27.0 25609 921.625 0
101 3.66928 -46.5 25756 921.625 0
100 4.70012 -27.0 26121 921.625 0
101 3.69996 -47.5 26287 921.625 0
100 5.01919 -27.0 26619 921.625 0
101 4.00676 -46.5 26818 921.625 0
100 4.60194 -26.5 27130 921.625 0
101 2.92684 -47.0 27361 922.625 0
100 4.29515 -27.0 27645 922.625 0
101 2.96979 -48.5 27904 922.625 0
100 3.88404 -27.0 28152 922.625 0
101 2.95138 -47.5 28447 922.625 0
100 3.92085 -27.0 28664 922.625 0
101 2.96979 -47.5 28983 922.625 0
100 3.44839 -28.0 29177 923.625 0
100 3.12932 -28.0 29686 923.625 0
101 4.35037 -45.5 40066 920.625 0
100 5.30757 -27.0 40072 920.625 0
100 5.38120 -27.0 40579 920.625 0
001 6.07456 -48.0 40590 920.625 0
101 4.22152 -45.0 40606 920.625 0
100 5.28303 -26.5 41095 920.625 0
101 4.49150 -46.5 41143 920.625 0
100 5.18486 -26.5 41599 920.625 0
101 4.19697 -45.5 41677 920.625 0
100 4.53445 -27.0 42101 921.625 0
101 3.74905 -47.5 42214 921.625 0
100 4.71239 -27.0 42602 921.625 0
101 3.71837 -48.5 42757 921.625 0
100 4.64489 -27.0 43119 921.625 0
101 3.69383 -47.5 43295 921.625 0
100 4.69398 -26.5 43622 921.625 0
100 3.76746 -27.5 44136 922.625 0
100 3.77973 -27.5 44649 922.625 0
100 3.76746 -27.5 45158 922.625 0
100 3.38089 -28.0 45675 923.625 0
100 3.08637 -28.0 46191 923.625 0
100 3.20909 -27.5 46704 923.625 0
100 3.41771 -27.5 47214 923.625 0
101 4.16629 -46.0 47259 920.625 0
001 5.84140 -46.5 47266 920.625 0
100 5.26462 -26.5 47731 920.625 0
101 4.15402 -46.0 47787 920.625 0
001 5.71868 -46.0 47793 920.625 0
100 5.19713 -26.5 48246 920.625 0
001 5.29530 -46.5 48310 920.625 0
101 4.52218 -46.5 48322 920.625 0
100 5.31371 -26.5 48757 920.625 0
001 5.52847 -45.5 48835 920.625 0
101 4.39946 -45.5 48852 920.625 0
100 4.56513 -26.5 49262 921.625 0
001 5.03759 -46.0 49357 921.625 0
101 3.46066 -46.5 49384 921.625 0
100 4.62035 -26.5 49768 921.625 0
001 4.68785 -47.5 49878 921.625 0
101 3.71223 -47.5 49920 921.625 0
