100 6.00093 -37.0 0 920.625 0
101 4.99464 -31.0 5 920.625 0
001 3.44839 -42.5 10 920.625 0
101 4.95169 -31.0 316 920.625 0
100 5.99480 -37.0 326 920.625 0
001 3.53429 -42.5 332 920.625 0
101 5.04986 -31.0 618 920.625 0
100 6.05616 -37.0 635 920.625 0
001 3.55884 -42.5 645 920.625 0
101 5.01919 -31.0 929 920.625 0
100 6.09297 -36.5 945 920.625 0
001 3.55884 -43.0 957 920.625 0
101 5.00078 -31.0 1229 920.625 0
100 6.05002 -37.0 1252 920.625 0
001 3.46680 -42.5 1267 920.625 0
101 4.93328 -31.0 1554 920.625 0
100 0.00000 -37.0 1572 920.625 0
001 3.33794 -42.5 1582 920.625 0
101 4.08039 -31.5 1864 921.625 0
100 5.25849 -37.5 1894 921.625 0
001 2.45437 -42.0 1904 921.625 0
101 4.00062 -31.0 2171 921.625 0
100 5.27076 -37.5 2203 921.625 0
001 2.44210 -42.5 2213 921.625 0
101 4.08652 -31.0 2480 921.625 0
100 5.30757 -37.5 2516 921.625 0
001 2.41755 -42.5 2528 921.625 0
101 4.22152 -31.5 2794 921.625 0
001 2.42983 -43.0 2838 921.625 0
100 5.33212 -38.0 2843 921.625 0
101 4.24606 -31.5 3102 921.625 0
100 5.26462 -37.5 3156 921.625 0
001 2.36847 -43.0 3168 921.625 0
101 4.01289 -31.5 3409 921.625 0
100 5.26462 -38.0 3463 921.625 0
001 2.35006 -43.0 3484 921.625 0
101 3.52202 -31.5 3725 922.625 0
100 4.74920 -39.0 3779 922.625 0
001 2.02485 -42.5 3806 922.625 0
101 3.90858 -31.5 4031 922.625 0
100 4.52218 -39.0 4092 922.625 0
001 1.76101 -43.0 4118 922.625 0
101 3.62633 -31.5 4336 922.625 0
100 4.77375 -39.5 4405 922.625 0
001 1.84691 -43.5 4443 922.625 0
101 3.42385 -31.5 4645 922.625 0
100 4.57740 -39.5 4715 922.625 0
001 1.86532 -43.0 4758 922.625 0
101 3.52816 -32.0 4952 922.625 0
100 4.52831 -39.5 5029 922.625 0
001 2.00645 -43.0 5071 922.625 0
101 3.89018 -31.5 5259 922.625 0
100 4.49763 -39.5 5340 922.625 0
001 1.04311 -43.5 5396 923.625 0
101 2.82866 -32.0 5565 923.625 0
100 3.84109 -41.0 5659 923.625 0
001 1.12287 -44.0 5713 923.625 0
101 2.81025 -32.0 5877 923.625 0
100 3.73064 -41.5 5978 923.625 0
001 1.09833 -43.5 6021 923.625 0
101 2.83480 -32.0 6186 923.625 0
100 3.70610 -41.5 6296 923.625 0
001 1.17196 -43.5 6336 923.625 0
101 2.82252 -32.5 6503 923.625 0
100 3.73064 -41.5 6616 923.625 0
001 1.15355 -43.5 6648 923.625 0
101 2.79798 -32.0 6812 923.625 0
100 3.79814 -42.0 6929 923.625 0
001 1.28854 -44.0 6960 923.625 0
101 2.83480 -32.0 7124 923.625 0
100 5.92730 -39.0 7243 920.625 0
001 2.96979 -44.5 7284 920.625 0
101 4.93942 -32.0 7430 920.625 0
100 5.89049 -39.0 7557 920.625 0
001 3.28885 -44.0 7600 920.625 0
101 4.94555 -31.5 7741 920.625 0
100 6.02548 -39.5 7875 920.625 0
001 2.97592 -44.0 7909 920.625 0
101 4.90874 -32.0 8047 920.625 0
100 6.00093 -39.5 8199 920.625 0
001 3.06183 -44.5 8227 920.625 0
101 5.17872 -32.0 8356 920.625 0
100 5.89049 -40.0 8523 920.625 0
001 3.10478 -44.0 8552 920.625 0
101 4.91487 -32.0 8669 920.625 0
100 5.90889 -41.0 8845 920.625 0
001 2.95751 -44.5 8871 920.625 0
101 3.96994 -32.0 8993 921.625 0
100 5.08054 -42.0 9157 921.625 0
001 2.27029 -45.0 9185 921.625 0
101 4.20924 -32.0 9307 921.625 0
100 5.00691 -42.5 9475 921.625 0
101 4.07425 -32.0 9614 921.625 0
001 2.25188 -45.5 9626 921.625 0
101 3.95153 -32.0 9916 921.625 0
001 2.23961 -46.0 9948 921.625 0
100 0.17181 -39.5 20027 922.625 0
001 2.96979 -40.5 20032 922.625 0
101 4.85352 -41.5 20329 922.625 0
100 6.24637 -39.5 20349 922.625 0
001 2.91456 -40.5 20354 922.625 0
101 4.69398 -41.0 20644 922.625 0
001 3.04955 -41.0 20666 922.625 0
100 6.25251 -39.5 20671 922.625 0
101 4.80443 -41.5 20959 922.625 0
001 3.04342 -40.0 20975 922.625 0
100 0.13499 -39.5 20991 922.625 0
101 4.74920 -41.0 21275 922.625 0
001 3.15386 -40.0 21286 922.625 0
100 0.20249 -39.5 21310 922.625 0
001 3.05569 -40.0 21589 922.625 0
101 4.47922 -40.5 21605 922.625 0
100 0.22089 -39.5 21637 922.625 0
001 2.55254 -39.5 21902 923.625 0
101 4.07425 -38.5 21923 923.625 0
100 5.71868 -39.5 21959 923.625 0
001 2.68140 -40.0 22205 923.625 0
100 5.78618 -39.5 22278 923.625 0
001 2.55254 -40.0 22514 923.625 0
101 3.71223 -38.5 22546 923.625 0
100 5.46711 -39.0 22596 923.625 0
001 2.37460 -39.5 22829 923.625 0
101 3.86563 -38.5 22861 923.625 0
100 5.84140 -39.0 22914 923.625 0
001 2.40528 -39.5 23150 923.625 0
101 3.73678 -38.0 23187 923.625 0
100 5.62664 -39.0 23235 923.625 0
001 2.17825 -39.0 23455 923.625 0
101 3.61406 -38.5 23498 923.625 0
001 3.98221 -40.0 23772 920.625 0
100 1.14742 -39.0 23880 920.625 0
001 4.46082 -39.5 24082 920.625 0
101 5.34439 -42.0 24135 920.625 0
100 1.20264 -39.0 24205 920.625 0
001 4.31355 -39.5 24390 920.625 0
100 1.20264 -39.0 24529 920.625 0
001 4.25219 -39.5 24709 920.625 0
101 5.30757 -41.5 24788 920.625 0
100 1.14128 -39.0 24846 920.625 0
001 4.35037 -40.0 25023 920.625 0
101 5.32598 -41.5 25116 920.625 0
100 1.20878 -39.0 25168 920.625 0
001 4.23379 -40.0 25331 920.625 0
101 4.73080 -40.5 25436 921.625 0
100 0.57678 -38.5 25487 921.625 0
001 3.66928 -39.5 25645 921.625 0
101 4.69398 -40.5 25751 921.625 0
100 0.45406 -38.5 25816 921.625 0
001 3.63860 -39.0 25963 921.625 0
101 4.77375 -40.0 26078 921.625 0
100 0.47247 -38.5 26149 921.625 0
001 3.63247 -39.5 26287 921.625 0
101 4.71852 -40.5 26406 921.625 0
100 0.56450 -38.5 26468 921.625 0
001 3.57111 -39.5 26603 921.625 0
101 4.68785 -40.5 26717 921.625 0
100 0.46633 -38.5 26791 921.625 0
001 3.65087 -39.0 26919 921.625 0
101 4.72466 -40.0 27039 921.625 0
100 0.47247 -38.5 27112 921.625 0
001 2.89616 -39.0 27241 922.625 0
101 4.20311 -38.5 27355 922.625 0
100 6.04388 -38.5 27431 922.625 0
001 2.90229 -39.0 27562 922.625 0
101 4.24606 -38.5 27668 922.625 0
100 6.08070 -38.5 27767 922.625 0
001 2.87775 -39.5 27872 922.625 0
101 4.32583 -38.5 27996 922.625 0
100 6.04388 -38.5 28081 922.625 0
001 2.89616 -39.5 28186 922.625 0
101 4.49763 -38.0 28315 922.625 0
100 6.06229 -38.5 28416 922.625 0
001 2.85320 -39.0 28499 922.625 0
101 4.30742 -38.0 28631 922.625 0
100 6.03775 -38.5 28740 922.625 0
001 2.89616 -39.5 28814 922.625 0
101 4.46695 -37.5 28947 922.625 0
100 5.51006 -38.5 29058 923.625 0
001 2.15984 -39.0 29136 923.625 0
101 3.51588 -37.0 29268 923.625 0
100 5.33212 -38.5 29380 923.625 0
001 2.37460 -39.5 29458 923.625 0
101 3.62633 -36.5 29584 923.625 0
100 5.54687 -38.5 29707 923.625 0
001 2.38074 -39.5 29777 923.625 0
101 3.58338 -36.0 29898 923.625 0
100 1.22105 -38.0 40071 920.625 0
001 4.50377 -39.5 40079 920.625 0
001 4.61421 -39.5 40392 920.625 0
100 1.22105 -38.0 40404 920.625 0
101 5.24621 -40.0 40415 920.625 0
001 4.60808 -39.5 40700 920.625 0
100 1.16583 -38.0 40729 920.625 0
101 5.27076 -40.5 40735 920.625 0
001 4.52218 -39.5 41009 920.625 0
100 1.25786 -38.0 41055 920.625 0
101 5.30757 -40.5 41062 920.625 0
001 4.60808 -39.5 41320 920.625 0
100 1.21491 -38.0 41376 920.625 0
101 5.25849 -40.5 41381 920.625 0
001 4.67557 -39.0 41634 920.625 0
101 5.31371 -40.5 41694 920.625 0
100 1.16583 -37.5 41704 920.625 0
001 3.73064 -39.0 41942 921.625 0
101 4.68171 -39.5 42017 921.625 0
100 0.49087 -37.5 42039 921.625 0
001 4.06812 -39.0 42255 921.625 0
101 4.73080 -39.5 42337 921.625 0
100 0.68109 -37.5 42358 921.625 0
001 3.74291 -39.0 42563 921.625 0
101 4.66330 -39.5 42658 921.625 0
100 0.46633 -37.5 42678 921.625 0
001 3.73678 -39.0 42874 921.625 0
101 4.70012 -39.5 42978 921.625 0
100 0.49087 -37.5 43005 921.625 0
001 3.71837 -39.0 43188 921.625 0
101 4.70625 -39.5 43308 921.625 0
100 0.56450 -37.5 43325 921.625 0
001 3.86563 -39.0 43509 921.625 0
101 4.71852 -39.0 43621 921.625 0
100 6.11138 -37.5 43659 922.625 0
001 3.04955 -38.5 43821 922.625 0
101 4.15402 -37.5 43932 922.625 0
100 6.03161 -37.5 43997 922.625 0
001 3.07410 -39.0 44136 922.625 0
101 4.15402 -37.5 44262 922.625 0
100 6.11138 -37.5 44326 922.625 0
001 3.04342 -39.0 44450 922.625 0
101 4.33196 -37.5 44575 922.625 0
100 6.05616 -38.0 44651 922.625 0
001 3.05569 -39.0 44769 922.625 0
101 4.12334 -37.5 44891 922.625 0
100 6.06229 -37.5 44974 922.625 0
001 3.03728 -39.0 45088 922.625 0
101 4.52218 -37.5 45216 922.625 0
100 6.05002 -37.5 45308 922.625 0
001 3.04342 -39.0 45417 922.625 0
101 3.19068 -36.5 45532 923.625 0
100 5.31985 -37.5 45629 923.625 0
001 2.60777 -38.5 45731 923.625 0
101 3.24590 -36.5 45845 923.625 0
100 5.65119 -37.5 45952 923.625 0
001 2.50959 -38.5 46037 923.625 0
101 3.39317 -36.5 46159 923.625 0
100 5.66959 -37.5 46276 923.625 0
001 2.71208 -38.5 46351 923.625 0
101 3.30726 -36.5 46480 923.625 0
100 5.32598 -37.5 46611 923.625 0
001 2.34392 -38.5 46659 923.625 0
101 3.28885 -36.5 46812 923.625 0
100 5.41802 -37.5 46932 923.625 0
001 2.50959 -38.5 46969 923.625 0
101 3.30726 -36.5 47133 923.625 0
100 1.06765 -38.0 47258 920.625 0
001 4.52831 -39.0 47285 920.625 0
101 5.24621 -39.5 47443 920.625 0
100 1.24559 -37.5 47589 920.625 0
001 4.39946 -39.5 47599 920.625 0
101 5.30757 -39.0 47768 920.625 0
100 1.15355 -37.5 47911 920.625 0
001 4.40559 -39.5 47916 920.625 0
101 5.24008 -39.5 48101 920.625 0
001 4.50377 -39.0 48225 920.625 0
100 1.21491 -38.0 48236 920.625 0
101 5.24621 -39.5 48419 920.625 0
001 4.42400 -39.5 48540 920.625 0
100 1.15355 -37.5 48567 920.625 0
101 5.23394 -39.5 48737 920.625 0
001 4.43627 -39.0 48847 920.625 0
100 1.23946 -37.5 48887 920.625 0
101 4.69398 -38.5 49055 921.625 0
001 3.92085 -38.5 49161 921.625 0
100 0.49087 -37.5 49209 921.625 0
101 4.67557 -38.5 49373 921.625 0
001 3.71837 -39.0 49468 921.625 0
100 0.59518 -37.5 49537 921.625 0
101 4.65717 -38.5 49688 921.625 0
001 3.90245 -39.0 49786 921.625 0
100 0.48474 -37.5 49857 921.625 0
101 4.63262 -38.5 50006 921.625 0
