001 2.06167 -45.5 0 923.625 0
100 1.52784 -47.5 747 920.625 0
001 5.93957 -39.5 788 920.625 0
100 1.21491 -48.0 1461 920.625 0
001 5.90276 -32.0 1568 920.625 0
001 5.42416 -34.5 2351 921.625 0
001 3.48520 -42.0 12889 922.625 0
100 5.39348 -48.5 12894 922.625 0
001 3.25204 -45.0 13693 922.625 0
100 5.17258 -49.0 13702 922.625 0
001 3.01274 -45.0 14515 922.625 0
001 2.13530 -42.5 15253 923.625 0
001 2.33165 -45.0 16053 923.625 0
100 0.30066 -49.5 16540 920.625 0
001 4.28901 -43.5 16840 920.625 0
100 0.25157 -49.0 17358 920.625 0
001 4.01903 -43.5 17644 920.625 0
100 0.25771 -49.5 18172 920.625 0
001 3.64474 -44.5 18598 921.625 0
001 2.08621 -44.5 22435 923.625 0
001 4.14175 -43.0 32927 920.625 0
001 4.07425 -42.5 33715 920.625 0
001 4.55285 -42.5 34506 920.625 0
001 3.25818 -43.0 35291 921.625 0
001 3.22136 -43.5 36088 921.625 0
001 2.49118 -44.0 36880 922.625 0
001 2.47891 -43.5 37684 922.625 0
001 2.03099 -43.5 38480 923.625 0
001 2.35619 -43.0 39275 923.625 0
001 1.98190 -43.0 40075 923.625 0
001 4.17856 -43.0 40864 920.625 0
001 4.03744 -42.5 41658 920.625 0
001 3.21522 -42.5 42446 921.625 0
