001 4.42400 -41.0 0 922.625 0
001 4.39332 -41.0 767 922.625 0
001 4.65717 -41.0 1519 922.625 0
001 3.70610 -41.5 2284 923.625 0
001 4.00062 -41.5 3047 923.625 0
001 6.00093 -40.5 3807 920.625 0
001 5.87821 -40.5 4569 920.625 0
001 5.98866 -41.0 5350 920.625 0
001 4.03130 -44.0 6125 921.625 0
001 5.90276 -46.5 6708 921.625 0
001 3.49748 -44.0 7478 922.625 0
001 3.93926 -47.5 9670 923.625 0
001 5.87821 -43.5 20046 920.625 0
001 5.99480 -43.5 20820 920.625 0
001 5.85981 -43.5 21588 920.625 0
001 5.09895 -43.5 22347 921.625 0
001 5.10509 -44.0 23115 921.625 0
001 4.46695 -44.0 23880 922.625 0
001 4.37491 -44.0 24639 922.625 0
001 3.62019 -45.0 26181 923.625 0
001 4.15402 -45.0 26951 923.625 0
001 6.08070 -44.0 27723 920.625 0
001 5.94571 -44.0 28490 920.625 0
001 5.19099 -44.5 29262 921.625 0
001 5.12963 -44.0 30036 921.625 0
001 4.47922 -47.0 40088 922.625 0
001 4.28901 -47.0 40865 922.625 0
001 4.40559 -47.0 41639 922.625 0
001 3.95153 -47.5 42410 923.625 0
001 3.57724 -48.0 43167 923.625 0
001 5.89662 -47.0 43935 920.625 0
001 5.86594 -47.0 44708 920.625 0
001 4.88419 -47.0 45488 921.625 0
001 4.86579 -47.0 46259 921.625 0
001 4.84124 -47.5 47035 921.625 0
