001 1.32536 -45.5 0 922.625 0
100 2.06781 -52.0 6 922.625 0
001 1.16583 -45.5 733 922.625 0
100 2.19052 -51.5 769 922.625 0
001 1.31309 -45.5 1467 922.625 0
100 2.12303 -51.5 1530 922.625 0
001 0.25157 -45.5 2211 923.625 0
100 1.23332 -52.5 2291 923.625 0
001 0.37429 -45.5 2956 923.625 0
100 1.25786 -52.0 3049 923.625 0
001 2.57709 -45.5 3698 920.625 0
100 3.62019 -51.0 3813 920.625 0
001 2.46051 -45.5 4439 920.625 0
100 3.59565 -51.5 4573 920.625 0
001 2.52186 -46.0 5181 920.625 0
100 3.53429 -51.0 5336 920.625 0
001 1.71192 -45.5 5918 921.625 0
100 2.77344 -51.5 6096 921.625 0
001 1.97577 -45.5 6656 921.625 0
100 2.93297 -51.5 6855 921.625 0
001 1.14128 -45.5 7408 922.625 0
100 2.34392 -52.0 7620 922.625 0
001 1.15969 -46.0 8153 922.625 0
100 2.27643 -51.5 8388 922.625 0
001 1.24559 -45.5 8899 922.625 0
100 1.55852 -52.5 9144 923.625 0
001 0.39270 -45.5 9647 923.625 0
100 1.44194 -52.0 9901 923.625 0
100 3.76746 -51.0 20037 920.625 0
001 2.73662 -45.5 20041 920.625 0
001 2.55254 -45.5 20785 920.625 0
100 3.62633 -51.0 20799 920.625 0
001 2.50346 -45.5 21523 920.625 0
100 3.89631 -51.0 21559 920.625 0
001 1.95736 -45.5 22275 921.625 0
100 2.88388 -51.5 22331 921.625 0
001 1.75487 -45.5 23015 921.625 0
100 2.93297 -51.5 23096 921.625 0
001 1.26400 -45.5 23756 922.625 0
100 2.76730 -51.5 23858 922.625 0
001 1.20878 -45.5 24500 922.625 0
100 2.43596 -51.5 24625 922.625 0
001 1.38672 -45.5 25245 922.625 0
100 2.46051 -51.5 25390 922.625 0
001 0.25157 -45.5 25986 923.625 0
100 1.50330 -52.0 26243 923.625 0
001 0.19021 -45.5 26729 923.625 0
100 1.51557 -52.0 27006 923.625 0
001 2.38687 -45.5 27474 920.625 0
100 3.77973 -50.5 27766 920.625 0
001 2.72435 -45.5 28217 920.625 0
100 3.77359 -50.5 28540 920.625 0
001 2.50959 -45.5 28965 920.625 0
100 2.93911 -51.0 29307 921.625 0
001 1.77942 -45.5 29708 921.625 0
001 1.49717 -46.0 40066 922.625 0
100 2.64458 -51.0 40071 922.625 0
001 1.22105 -46.0 40810 922.625 0
100 2.45437 -51.0 40842 922.625 0
001 1.09833 -46.0 41556 922.625 0
100 2.49732 -50.5 41609 922.625 0
001 0.14726 -46.0 42302 923.625 0
001 0.25157 -46.5 43042 923.625 0
100 3.68769 -50.0 43671 920.625 0
001 2.36233 -46.5 43790 920.625 0
100 3.65087 -50.5 44430 920.625 0
001 2.38687 -46.5 44717 920.625 0
100 3.86563 -50.0 45189 920.625 0
001 1.58920 -46.5 45465 921.625 0
100 2.96365 -50.5 45952 921.625 0
001 1.59534 -46.5 46216 921.625 0
100 2.92684 -50.5 46720 921.625 0
001 1.66897 -46.5 46975 921.625 0
100 2.71208 -50.5 47489 922.625 0
001 1.35604 -46.0 47721 922.625 0
100 2.73662 -50.5 48251 922.625 0
001 0.93266 -46.5 48470 922.625 0
100 2.49732 -50.0 49015 922.625 0
001 0.05522 -47.0 49214 923.625 0
001 0.13499 -47.0 49954 923.625 0
