100 3.23977 -48.5 0 921.625 0
001 2.67526 -47.5 374 921.625 0
100 2.67526 -48.0 582 921.625 0
001 5.62051 -45.5 2997 923.625 0
100 0.04909 -48.5 3006 923.625 0
100 3.74291 -45.5 13943 920.625 0
001 2.52186 -44.0 13948 920.625 0
001 2.57709 -44.0 14663 920.625 0
100 3.74905 -45.0 14677 920.625 0
001 2.56482 -44.0 15377 920.625 0
100 3.72451 -45.0 15413 920.625 0
001 1.69351 -44.0 16089 921.625 0
100 3.00660 -45.0 16140 921.625 0
001 1.77328 -44.0 16798 921.625 0
100 2.94524 -45.5 16866 921.625 0
001 1.78555 -44.0 17507 921.625 0
100 2.48505 -45.5 17600 922.625 0
001 1.22718 -44.0 18218 922.625 0
100 2.71208 -45.5 18335 922.625 0
001 1.15355 -44.0 18933 922.625 0
100 2.70594 -45.0 19066 922.625 0
001 0.41724 -44.0 19644 923.625 0
100 1.52784 -45.5 19795 923.625 0
001 0.42338 -44.0 20358 923.625 0
100 1.47876 -45.5 20523 923.625 0
001 0.50315 -44.5 21069 923.625 0
001 2.39915 -44.5 21781 920.625 0
100 3.85950 -45.5 21984 920.625 0
001 2.45437 -44.5 22498 920.625 0
100 3.71837 -45.5 22716 920.625 0
001 1.87146 -44.0 23214 921.625 0
100 3.08023 -45.5 23443 921.625 0
001 1.74260 -44.0 23927 921.625 0
001 1.15969 -44.0 33982 922.625 0
100 2.50346 -46.0 33987 922.625 0
001 1.15969 -44.0 34690 922.625 0
100 2.41142 -45.5 34719 922.625 0
001 1.59534 -44.0 35405 922.625 0
100 2.56482 -45.5 35450 922.625 0
001 0.38656 -44.0 36120 923.625 0
001 0.39884 -44.0 36838 923.625 0
100 1.45421 -46.0 36907 923.625 0
001 0.77313 -44.5 37546 923.625 0
100 3.69996 -45.5 37643 920.625 0
001 2.46051 -44.5 38262 920.625 0
100 3.70610 -45.5 38377 920.625 0
001 2.54027 -44.0 38973 920.625 0
100 3.89631 -45.5 39103 920.625 0
001 1.95122 -44.0 39687 921.625 0
100 2.95138 -45.5 39833 921.625 0
001 1.87759 -44.0 40390 921.625 0
100 2.92684 -45.5 40559 921.625 0
001 1.73647 -44.5 41102 921.625 0
100 2.62004 -46.0 41291 922.625 0
001 1.27014 -44.5 41816 922.625 0
100 2.70594 -46.0 42019 922.625 0
001 1.13515 -44.0 42525 922.625 0
100 2.42983 -46.0 42746 922.625 0
001 0.39884 -44.0 43239 923.625 0
100 1.48489 -46.0 43480 923.625 0
001 0.45406 -44.0 43956 923.625 0
