101 0.23930 -47.5 0 922.625 0
101 5.75550 -47.5 721 923.625 0
101 5.82913 -47.0 1396 923.625 0
101 1.46649 -45.5 2743 920.625 0
101 1.49717 -45.5 3423 920.625 0
101 1.12287 -46.0 4096 921.625 0
101 0.95720 -46.0 4766 921.625 0
101 0.92652 -45.5 5439 921.625 0
101 0.17794 -46.5 6119 922.625 0
101 0.30680 -46.0 6794 922.625 0
101 5.84140 -46.5 7472 923.625 0
101 5.71868 -46.5 8149 923.625 0
101 2.62618 -47.0 19488 920.625 0
101 3.60792 -46.0 20169 921.625 0
100 1.39285 -49.5 20261 921.625 0
100 2.75503 -45.5 20944 921.625 0
001 2.79798 -46.0 21221 921.625 0
100 4.17243 -48.0 21733 921.625 0
001 3.54656 -45.5 21742 921.625 0
001 2.39301 -46.5 22420 922.625 0
100 2.85320 -47.0 22429 922.625 0
001 2.31938 -45.0 23113 922.625 0
100 3.03115 -46.5 23122 922.625 0
001 1.14742 -46.0 23794 923.625 0
001 0.92039 -46.5 24467 923.625 0
100 1.41126 -45.5 24490 923.625 0
001 0.95107 -46.5 25217 923.625 0
001 2.31324 -47.0 38376 922.625 0
101 0.39884 -47.0 38381 922.625 0
100 3.55270 -49.0 38392 922.625 0
001 2.33779 -47.0 39063 922.625 0
101 0.63200 -47.0 39068 922.625 0
100 3.81041 -49.0 39086 922.625 0
001 2.30711 -47.0 39743 922.625 0
101 0.42338 -47.0 39752 922.625 0
100 3.57724 -49.0 39780 922.625 0
001 1.57693 -47.0 40415 923.625 0
101 6.11752 -47.5 40430 923.625 0
100 2.95138 -49.0 40470 923.625 0
001 1.52784 -47.0 41095 923.625 0
101 5.92730 -47.5 41109 923.625 0
100 3.01887 -49.0 41160 923.625 0
001 1.53398 -47.0 41765 923.625 0
101 6.12365 -47.5 41784 923.625 0
100 3.06183 -48.5 41862 923.625 0
001 4.16629 -46.5 42433 920.625 0
101 1.63216 -46.0 42456 920.625 0
100 4.85352 -49.0 42554 920.625 0
001 3.92085 -46.5 43106 920.625 0
101 1.81010 -46.5 43132 920.625 0
100 4.85965 -49.0 43244 920.625 0
001 3.28885 -47.0 43784 921.625 0
101 1.24559 -46.5 43807 921.625 0
100 4.08039 -49.0 43937 921.625 0
001 3.16000 -47.0 44460 921.625 0
101 1.41126 -46.5 44482 921.625 0
100 4.06198 -49.0 44631 921.625 0
001 3.51588 -47.0 45137 921.625 0
101 1.27014 -46.5 45160 921.625 0
100 4.09266 -49.5 45321 921.625 0
101 0.77926 -47.0 45844 922.625 0
001 2.25802 -47.0 45865 922.625 0
100 3.55270 -49.0 46014 922.625 0
101 0.59518 -47.0 46539 922.625 0
001 2.27643 -47.0 46591 922.625 0
100 3.60179 -49.0 46706 922.625 0
101 0.57064 -47.0 47217 922.625 0
001 2.25802 -47.0 47276 922.625 0
100 2.77957 -49.0 47396 923.625 0
101 0.01227 -47.5 47937 923.625 0
001 1.50330 -47.0 47951 923.625 0
100 2.94524 -49.0 48087 923.625 0
