101 4.89033 -45.0 0 920.625 0
101 4.80443 -45.5 391 920.625 0
101 4.82897 -45.0 784 920.625 0
101 4.80443 -47.5 1173 920.625 0
100 3.92699 -47.5 1530 920.625 0
101 5.04373 -47.0 1566 920.625 0
100 2.61390 -43.5 1926 921.625 0
001 1.54625 -48.0 1936 921.625 0
001 1.25173 -48.0 2305 921.625 0
100 2.85320 -42.5 2315 921.625 0
100 2.65685 -43.5 2703 921.625 0
100 2.87775 -45.0 3098 921.625 0
001 0.52769 -45.0 3238 921.625 0
100 2.72435 -44.5 3490 921.625 0
001 6.08070 -46.0 3597 922.625 0
100 1.68124 -45.5 3884 922.625 0
001 5.97639 -44.5 3996 922.625 0
100 2.38074 -46.0 4268 922.625 0
001 5.89049 -44.5 4391 922.625 0
100 1.54012 -47.0 4664 922.625 0
001 6.05616 -43.5 4785 922.625 0
100 1.51557 -46.5 5053 922.625 0
001 5.98253 -44.5 5179 922.625 0
100 0.98788 -46.5 5444 923.625 0
001 5.35052 -44.0 5572 923.625 0
100 1.07379 -46.0 5829 923.625 0
001 5.67573 -44.5 5966 923.625 0
100 0.99402 -46.5 6219 923.625 0
001 5.61437 -44.0 6353 923.625 0
100 0.96948 -46.0 6608 923.625 0
001 5.59596 -45.0 6746 923.625 0
100 1.07379 -46.5 7003 923.625 0
001 5.65732 -44.5 7137 923.625 0
100 3.17227 -46.5 7395 920.625 0
001 1.25173 -44.0 7532 920.625 0
100 3.22136 -47.0 7786 920.625 0
001 1.19037 -43.0 7928 920.625 0
100 3.16000 -46.0 8181 920.625 0
001 1.18423 -44.0 8326 920.625 0
100 3.17227 -47.0 8574 920.625 0
001 1.38672 -43.5 8722 920.625 0
100 3.22136 -46.5 8966 920.625 0
001 0.47860 -44.5 9115 921.625 0
100 2.67526 -47.0 9362 921.625 0
001 1.16583 -44.0 9509 921.625 0
100 2.71821 -46.0 9758 921.625 0
001 0.50928 -45.0 9902 921.625 0
100 1.39899 -45.5 21635 922.625 0
001 5.92117 -47.5 21840 923.625 0
100 0.84062 -45.5 22032 923.625 0
100 0.64427 -45.0 22428 923.625 0
100 0.93880 -45.0 22825 923.625 0
100 0.84062 -45.0 23228 923.625 0
100 3.06796 -45.5 23631 920.625 0
100 3.09251 -46.0 24026 920.625 0
100 2.52186 -45.0 25612 921.625 0
100 2.46664 -45.0 26008 921.625 0
100 2.82252 -45.0 26405 921.625 0
100 2.41142 -45.5 26805 921.625 0
100 2.62618 -45.5 27199 921.625 0
100 1.38672 -45.0 28003 922.625 0
100 1.48489 -45.0 28404 922.625 0
100 1.36831 -45.0 28802 922.625 0
001 5.99480 -46.5 29090 923.625 0
100 1.01856 -45.5 29207 923.625 0
100 0.59518 -45.0 29604 923.625 0
001 5.85981 -47.0 29614 923.625 0
100 0.54610 -45.5 30000 923.625 0
100 2.96979 -46.0 40074 920.625 0
100 2.98206 -45.5 40479 920.625 0
100 2.95138 -45.5 41284 920.625 0
100 2.39301 -45.0 42093 921.625 0
100 2.14757 -45.0 42497 921.625 0
100 2.30711 -45.5 42898 921.625 0
100 2.15984 -45.5 43300 921.625 0
100 1.31922 -45.5 43708 922.625 0
100 1.33150 -45.0 44525 922.625 0
100 1.31922 -45.5 44931 922.625 0
100 1.30082 -45.0 45332 922.625 0
001 5.90889 -46.5 45569 923.625 0
100 1.12287 -45.0 45741 923.625 0
001 6.02548 -47.0 45974 923.625 0
100 0.61359 -45.0 46139 923.625 0
001 5.82913 -47.0 46379 923.625 0
100 0.51542 -45.0 46545 923.625 0
001 5.86594 -47.0 46786 923.625 0
100 0.58905 -45.0 46952 923.625 0
001 5.86594 -45.5 47192 923.625 0
100 2.92684 -45.5 47356 920.625 0
100 2.93911 -45.5 47761 920.625 0
100 2.93297 -45.5 48168 920.625 0
100 3.36249 -45.0 48978 920.625 0
100 2.07394 -45.5 49385 921.625 0
100 2.38074 -45.0 49792 921.625 0
