100 4.72466 -33.5 0 922.625 0
101 1.96963 -42.5 6 922.625 0
011 3.14159 -41.5 11 922.625 0
001 6.27091 -52.5 16 922.625 0
100 4.74920 -33.5 765 922.625 0
101 1.95122 -42.5 770 922.625 0
001 6.25864 -52.5 780 922.625 0
011 3.16000 -41.5 812 922.625 0
100 4.69398 -33.5 1530 922.625 0
101 1.99418 -42.0 1539 922.625 0
001 6.27091 -53.0 1549 922.625 0
011 3.17841 -41.5 1617 922.625 0
100 4.42400 -33.5 2296 923.625 0
101 1.30082 -41.5 2310 923.625 0
001 5.86594 -51.0 2323 923.625 0
011 2.54027 -41.0 2412 923.625 0
100 4.50990 -33.5 3067 923.625 0
101 1.28854 -41.5 3072 923.625 0
001 5.92730 -51.0 3091 923.625 0
011 2.62618 -41.0 3219 923.625 0
101 3.26431 -43.0 3849 920.625 0
001 1.51557 -51.5 3868 920.625 0
011 4.40559 -41.5 4030 920.625 0
101 3.28272 -43.0 4615 920.625 0
001 1.31922 -51.5 4634 920.625 0
011 4.68785 -41.5 4838 920.625 0
100 5.75550 -33.5 5389 921.625 0
101 2.72435 -42.5 5394 921.625 0
001 0.79767 -52.0 5412 921.625 0
011 4.16629 -41.5 5648 921.625 0
100 5.65119 -33.5 6168 921.625 0
101 2.73662 -42.5 6173 921.625 0
001 1.17810 -52.0 6182 921.625 0
011 4.31355 -41.5 6448 921.625 0
101 2.73049 -42.5 6937 921.625 0
100 5.70027 -33.5 6942 921.625 0
001 1.12287 -52.0 6952 921.625 0
011 3.18454 -41.5 7257 922.625 0
101 1.66897 -42.0 7695 922.625 0
100 4.70625 -33.5 7708 922.625 0
001 0.06750 -51.5 7718 922.625 0
011 3.13546 -41.5 8062 922.625 0
101 1.70579 -42.0 8462 922.625 0
100 4.79829 -33.0 8482 922.625 0
001 0.01227 -51.5 8496 922.625 0
011 3.10478 -41.5 8881 922.625 0
101 1.31309 -41.5 9225 923.625 0
100 4.09266 -33.5 9242 923.625 0
001 5.82913 -50.5 9271 923.625 0
011 2.69981 -41.0 9677 923.625 0
101 1.07379 -41.5 9992 923.625 0
100 6.23410 -33.5 20036 920.625 0
001 1.23946 -51.0 20041 920.625 0
011 4.62035 -41.5 20046 920.625 0
101 3.16614 -43.0 20051 920.625 0
100 6.22796 -33.5 20793 920.625 0
001 1.22718 -51.0 20816 920.625 0
101 3.16000 -43.0 20829 920.625 0
011 4.55285 -41.5 20845 920.625 0
100 6.22796 -33.5 21563 920.625 0
001 1.19651 -51.0 21587 920.625 0
101 3.23977 -43.0 21596 920.625 0
011 4.43627 -41.5 21654 920.625 0
100 5.62664 -33.5 22346 921.625 0
101 2.92070 -42.5 22360 921.625 0
001 0.97561 -51.5 22371 921.625 0
011 4.26447 -41.5 22474 921.625 0
100 5.71868 -33.5 23110 921.625 0
101 2.90843 -42.5 23119 921.625 0
001 1.00629 -51.5 23138 921.625 0
011 4.09266 -41.5 23278 921.625 0
101 1.77942 -42.0 23884 922.625 0
100 4.79216 -33.5 23898 922.625 0
001 0.14113 -51.5 23907 922.625 0
011 3.12318 -41.5 24076 922.625 0
101 1.74260 -42.0 24651 922.625 0
001 0.06750 -51.5 24675 922.625 0
100 4.75534 -33.0 24684 922.625 0
011 3.13546 -41.5 24880 922.625 0
101 1.18423 -41.5 25422 923.625 0
001 5.88435 -50.5 25445 923.625 0
100 4.06198 -33.5 25459 923.625 0
011 2.47278 -41.0 25681 923.625 0
101 1.18423 -42.0 26201 923.625 0
001 5.93344 -50.5 26215 923.625 0
100 4.05585 -33.5 26224 923.625 0
011 2.48505 -40.5 26481 923.625 0
101 1.11674 -42.0 26961 923.625 0
100 4.06198 -33.5 26980 923.625 0
001 5.88435 -50.5 26989 923.625 0
011 4.68171 -41.5 27284 920.625 0
101 3.29499 -43.0 27733 920.625 0
100 6.25251 -33.5 27751 920.625 0
001 1.30082 -51.0 27765 920.625 0
011 4.45468 -41.5 28086 920.625 0
101 3.17841 -43.0 28493 920.625 0
100 6.23410 -33.5 28518 920.625 0
001 1.43581 -51.0 28545 920.625 0
011 4.44854 -41.5 28886 920.625 0
101 2.85934 -42.5 29265 921.625 0
100 5.92117 -33.5 29297 921.625 0
001 1.10447 -51.5 29310 921.625 0
011 3.89631 -41.5 29698 921.625 0
101 2.54641 -42.5 30027 921.625 0
100 4.70012 -33.5 40073 922.625 0
001 0.11045 -51.5 40078 922.625 0
101 1.72419 -41.5 40083 922.625 0
011 3.14773 -41.5 40088 922.625 0
001 0.06136 -51.5 40840 922.625 0
100 4.68171 -33.5 40849 922.625 0
101 1.77328 -42.0 40854 922.625 0
011 3.13546 -41.5 40888 922.625 0
101 1.84691 -42.0 41608 922.625 0
001 0.11045 -51.5 41617 922.625 0
100 4.68785 -33.5 41622 922.625 0
011 3.16614 -41.5 41706 922.625 0
101 1.16583 -41.5 42367 923.625 0
001 5.84140 -50.5 42381 923.625 0
100 3.93926 -33.5 42391 923.625 0
011 2.46664 -40.5 42512 923.625 0
101 1.19037 -41.5 43126 923.625 0
001 5.85367 -50.5 43154 923.625 0
100 3.96381 -34.0 43168 923.625 0
011 2.49118 -41.0 43326 923.625 0
101 3.19068 -43.0 43885 920.625 0
001 1.20878 -51.0 43916 920.625 0
100 6.13592 -33.5 43943 920.625 0
011 4.44854 -41.5 44147 920.625 0
101 3.20909 -43.0 44656 920.625 0
001 1.38672 -51.0 44683 920.625 0
011 4.47922 -41.0 44946 920.625 0
101 3.25818 -43.0 45421 920.625 0
001 1.09833 -51.0 45457 921.625 0
100 5.60823 -33.5 45467 921.625 0
011 4.09880 -41.5 45742 921.625 0
101 2.71208 -42.5 46195 921.625 0
001 1.00016 -51.0 46226 921.625 0
100 5.65732 -33.5 46241 921.625 0
011 4.09880 -41.0 46547 921.625 0
101 2.67526 -42.5 46970 921.625 0
001 1.18423 -51.0 46989 921.625 0
100 5.81072 -33.5 47007 921.625 0
011 3.13546 -41.5 47359 922.625 0
101 1.77942 -42.0 47737 922.625 0
001 0.17181 -51.0 47760 922.625 0
100 4.71239 -33.5 47774 922.625 0
011 3.16000 -41.5 48169 922.625 0
101 1.89600 -42.0 48504 922.625 0
001 0.13499 -50.5 48518 922.625 0
100 4.70012 -33.5 48545 922.625 0
011 3.13546 -41.5 48988 922.625 0
101 0.97561 -42.0 49261 923.625 0
001 5.88435 -50.0 49293 923.625 0
100 3.93926 -34.0 49311 923.625 0
011 2.54027 -41.0 49793 923.625 0
101 1.19037 -42.0 50025 923.625 0
001 5.92117 -50.0 50052 923.625 0
100 3.94540 -33.5 50071 923.625 0
