101 2.71208 -33.0 0 922.625 0
011 2.87775 -31.0 5 922.625 0
001 2.75503 -40.0 10 922.625 0
100 1.72419 -40.5 15 922.625 0
101 3.11091 -33.0 732 922.625 0
100 1.84691 -40.0 742 922.625 0
001 2.76117 -40.0 751 922.625 0
011 2.84093 -31.5 761 922.625 0
101 2.67526 -33.0 1455 922.625 0
100 1.71192 -40.5 1474 922.625 0
001 2.77957 -40.0 1487 922.625 0
011 2.91456 -31.5 1515 922.625 0
101 1.95736 -32.5 2179 923.625 0
001 1.95736 -39.5 2215 923.625 0
100 1.10447 -40.5 2220 923.625 0
011 1.65056 -32.0 2262 923.625 0
101 1.85918 -32.5 2899 923.625 0
001 1.99418 -39.0 2929 923.625 0
100 1.47262 -41.0 2948 923.625 0
011 1.68124 -32.0 3022 923.625 0
101 4.17243 -33.5 3617 920.625 0
001 4.27674 -41.0 3653 920.625 0
100 3.22136 -39.5 3676 920.625 0
011 4.11107 -30.5 3772 920.625 0
101 4.17856 -33.5 4332 920.625 0
001 4.33810 -41.5 4390 920.625 0
100 3.15386 -40.0 4418 920.625 0
011 4.06198 -30.5 4528 920.625 0
101 4.33196 -33.5 5054 920.625 0
001 4.33196 -41.0 5118 920.625 0
100 3.11705 -40.0 5147 920.625 0
011 4.03130 -30.5 5284 920.625 0
101 3.28885 -33.5 5774 921.625 0
001 3.47907 -41.0 5842 921.625 0
100 2.45437 -39.5 5878 921.625 0
011 3.11091 -31.5 6048 921.625 0
101 3.29499 -33.5 6483 921.625 0
001 3.51588 -40.5 6570 921.625 0
100 2.63231 -39.5 6615 921.625 0
011 3.08023 -31.5 6797 921.625 0
101 2.99433 -33.0 7208 922.625 0
001 2.91456 -40.0 7300 922.625 0
100 1.38058 -39.5 7371 922.625 0
011 2.57095 -32.0 7550 922.625 0
101 2.73662 -33.0 7924 922.625 0
001 2.76117 -40.0 8020 922.625 0
100 1.36217 -39.0 8105 922.625 0
011 2.83480 -32.0 8310 922.625 0
101 2.63231 -33.0 8658 922.625 0
001 2.74276 -40.0 8744 922.625 0
100 1.32536 -38.5 8857 922.625 0
011 1.38672 -31.0 9072 923.625 0
101 1.71192 -33.5 9373 923.625 0
001 2.62618 -38.0 9464 923.625 0
100 0.19635 -36.0 9595 923.625 0
011 1.36217 -31.0 9816 923.625 0
011 3.54043 -31.0 20042 920.625 0
001 4.66330 -40.0 20048 920.625 0
100 2.54027 -35.0 20055 920.625 0
101 4.14175 -36.5 20060 920.625 0
100 2.12917 -34.5 20786 920.625 0
101 4.21538 -37.0 20792 920.625 0
011 3.53429 -30.5 20797 920.625 0
001 4.66330 -40.0 20802 920.625 0
101 4.12948 -36.5 21502 920.625 0
100 2.23348 -34.5 21525 920.625 0
001 4.64489 -40.0 21539 920.625 0
011 3.53429 -31.0 21562 920.625 0
101 3.22750 -36.5 22240 921.625 0
100 1.30082 -34.0 22249 921.625 0
001 3.98221 -39.0 22272 921.625 0
011 2.76117 -31.0 22314 921.625 0
101 3.23363 -36.5 22959 921.625 0
100 1.28854 -34.0 22981 921.625 0
001 4.02517 -39.0 22991 921.625 0
011 3.00047 -31.0 23070 921.625 0
101 2.62004 -36.0 23679 922.625 0
100 0.65654 -34.0 23723 922.625 0
001 3.12932 -38.5 23728 922.625 0
011 2.06167 -31.5 23821 922.625 0
101 2.72435 -36.0 24396 922.625 0
001 3.13546 -38.5 24447 922.625 0
100 0.48474 -34.0 24458 922.625 0
011 2.15371 -31.5 24569 922.625 0
101 2.58322 -36.0 25118 922.625 0
001 3.12932 -38.5 25168 922.625 0
100 0.77313 -34.0 25192 922.625 0
011 2.23961 -31.5 25328 922.625 0
101 1.69351 -35.5 25848 923.625 0
001 2.54027 -37.5 25897 923.625 0
100 5.98866 -34.0 25928 923.625 0
011 1.31309 -32.5 26072 923.625 0
101 1.76101 -35.5 26565 923.625 0
001 2.42983 -38.0 26617 923.625 0
100 5.91503 -34.0 26677 923.625 0
011 1.33150 -32.5 26843 923.625 0
101 4.06198 -36.5 27289 920.625 0
001 4.62035 -40.0 27340 920.625 0
100 2.01872 -34.0 27424 920.625 0
011 3.92699 -31.0 27595 920.625 0
101 4.08039 -37.0 28017 920.625 0
001 4.64489 -40.0 28062 920.625 0
100 2.09235 -34.0 28153 920.625 0
011 3.62019 -31.0 28365 920.625 0
101 4.54672 -36.5 28740 920.625 0
001 4.65717 -39.5 28783 920.625 0
100 2.05553 -33.5 28903 920.625 0
011 2.73662 -31.5 29114 921.625 0
101 3.14159 -37.0 29457 921.625 0
001 4.23992 -39.0 29507 921.625 0
100 1.25786 -33.5 29638 921.625 0
011 2.83480 -31.5 29872 921.625 0
100 0.41111 -33.0 40078 922.625 0
011 2.31324 -33.0 40083 922.625 0
001 3.11091 -39.0 40090 922.625 0
101 2.73049 -36.5 40095 922.625 0
001 3.11705 -38.5 40807 922.625 0
100 0.16567 -33.5 40822 922.625 0
101 2.73662 -36.5 40827 922.625 0
011 2.23348 -33.0 40850 922.625 0
001 3.11091 -39.0 41530 922.625 0
100 0.23317 -33.5 41558 922.625 0
101 2.60163 -36.5 41567 922.625 0
011 2.27643 -33.0 41617 922.625 0
001 2.77344 -37.5 42240 923.625 0
101 1.59534 -36.0 42288 923.625 0
100 5.76163 -33.5 42303 923.625 0
011 1.31922 -33.5 42380 923.625 0
001 2.48505 -37.5 42979 923.625 0
101 1.66897 -36.0 43008 923.625 0
100 5.86594 -33.5 43027 923.625 0
011 1.31922 -33.5 43131 923.625 0
001 4.61421 -40.0 43717 920.625 0
101 3.93926 -37.0 43740 920.625 0
100 1.73033 -33.5 43754 920.625 0
011 3.50975 -32.0 43876 920.625 0
001 4.61421 -40.0 44453 920.625 0
101 4.06812 -37.0 44467 920.625 0
100 1.73647 -33.0 44485 920.625 0
011 3.54656 -31.5 44630 920.625 0
001 4.58967 -40.0 45184 920.625 0
101 4.15402 -36.5 45207 920.625 0
100 1.73033 -33.0 45221 920.625 0
011 3.58952 -31.5 45398 920.625 0
001 4.19084 -39.0 45905 921.625 0
101 3.11091 -37.0 45940 921.625 0
100 1.07992 -33.5 45961 921.625 0
011 2.80412 -32.5 46158 921.625 0
001 4.16629 -39.0 46630 921.625 0
101 3.09864 -37.0 46675 921.625 0
100 1.12287 -33.5 46697 921.625 0
011 2.79798 -32.5 46916 921.625 0
001 3.06183 -38.5 47363 922.625 0
101 2.57709 -37.0 47395 922.625 0
100 0.14726 -33.5 47437 922.625 0
011 2.06167 -33.0 47679 922.625 0
001 3.08637 -38.5 48091 922.625 0
101 2.67526 -37.0 48128 922.625 0
100 0.15953 -33.5 48164 922.625 0
011 2.62004 -33.0 48448 922.625 0
001 3.09251 -38.5 48824 922.625 0
101 2.42983 -37.0 48856 922.625 0
100 0.00614 -33.5 48898 922.625 0
011 1.33763 -33.5 49206 923.625 0
001 2.58936 -37.5 49540 923.625 0
101 1.66897 -36.5 49576 923.625 0
100 5.88435 -33.0 49634 923.625 0
011 1.31309 -33.5 49970 923.625 0
