011 4.08652 -36.5 0 920.625 0
100 0.83449 -38.0 5 920.625 0
101 5.54074 -52.0 10 920.625 0
100 0.94493 -38.0 716 920.625 0
101 5.55301 -52.0 739 920.625 0
011 4.11107 -36.5 758 920.625 0
100 0.95720 -38.5 1428 920.625 0
101 5.59596 -51.0 1469 920.625 0
011 4.10493 -36.5 1492 920.625 0
100 0.19635 -37.5 2139 921.625 0
101 4.72466 -49.5 2198 921.625 0
011 3.51588 -36.5 2234 921.625 0
100 0.25771 -37.5 2857 921.625 0
101 4.81056 -49.5 2923 921.625 0
011 3.58952 -36.5 2968 921.625 0
100 6.02548 -37.0 3585 922.625 0
101 4.40559 -49.0 3648 922.625 0
011 2.81025 -37.0 3701 922.625 0
100 6.03775 -37.0 4304 922.625 0
101 4.27674 -50.0 4367 922.625 0
011 2.78571 -37.0 4448 922.625 0
100 5.98866 -37.0 5027 922.625 0
101 4.28287 -50.0 5094 922.625 0
011 2.82252 -37.0 5196 922.625 0
100 5.12963 -37.0 5752 923.625 0
101 3.31953 -48.5 5819 923.625 0
011 2.62618 -37.5 5935 923.625 0
100 5.07441 -37.0 6464 923.625 0
101 3.28885 -48.5 6541 923.625 0
011 2.23348 -37.5 6671 923.625 0
100 0.89584 -38.0 7182 920.625 0
101 5.52847 -51.5 7263 920.625 0
011 4.08652 -37.0 7422 920.625 0
100 0.92652 -37.5 7899 920.625 0
101 5.58983 -51.5 7999 920.625 0
011 4.12334 -37.0 8165 920.625 0
100 0.90812 -37.5 8637 920.625 0
101 5.52847 -52.0 8724 920.625 0
011 4.11720 -36.5 8906 920.625 0
100 0.14726 -37.0 9350 921.625 0
101 4.84738 -51.0 9451 921.625 0
011 3.51588 -36.5 9645 921.625 0
100 6.09297 -36.5 20022 922.625 0
011 2.84707 -37.5 20027 922.625 0
101 4.17856 -49.5 20032 922.625 0
100 5.88435 -36.5 20739 922.625 0
101 4.49150 -49.5 20759 922.625 0
011 2.87161 -37.0 20778 922.625 0
100 5.83526 -36.5 21448 922.625 0
101 4.63262 -49.0 21485 922.625 0
011 2.85320 -37.0 21525 922.625 0
100 4.92715 -36.0 22152 923.625 0
101 3.33794 -49.0 22212 923.625 0
011 2.41755 -38.0 22280 923.625 0
100 4.92715 -36.5 22860 923.625 0
101 3.40544 -49.0 22934 923.625 0
011 2.44823 -37.5 23029 923.625 0
100 5.06214 -36.5 23575 923.625 0
101 5.65119 -51.5 23659 920.625 0
011 4.13561 -37.0 23779 920.625 0
100 0.89584 -38.0 24292 920.625 0
101 5.66346 -51.0 24394 920.625 0
011 4.06812 -36.5 24527 920.625 0
100 0.90812 -37.5 25011 920.625 0
101 5.56528 -51.0 25126 920.625 0
011 4.14175 -36.5 25267 920.625 0
100 0.12272 -37.0 25738 921.625 0
101 4.89033 -49.5 25856 921.625 0
011 3.55270 -37.0 26025 921.625 0
100 0.09204 -37.5 26449 921.625 0
101 4.89647 -49.5 26584 921.625 0
011 3.69383 -37.0 26762 921.625 0
100 0.18408 -37.0 27182 921.625 0
101 4.30128 -49.5 27313 922.625 0
011 2.85934 -37.0 27504 922.625 0
100 6.03161 -36.5 27909 922.625 0
101 4.27060 -50.0 28041 922.625 0
011 2.87161 -37.5 28247 922.625 0
100 6.17887 -36.5 28622 922.625 0
101 4.46082 -49.5 28771 922.625 0
011 2.85934 -37.5 28985 922.625 0
100 4.88419 -36.0 29341 923.625 0
101 3.55270 -48.5 29498 923.625 0
011 2.15984 -37.5 29750 923.625 0
100 0.87744 -37.5 40052 920.625 0
011 4.31355 -37.0 40057 920.625 0
100 0.90198 -37.5 40785 920.625 0
011 4.32583 -37.0 40796 920.625 0
100 0.91425 -37.5 41496 920.625 0
011 4.17856 -37.0 41549 920.625 0
100 0.19635 -37.0 42222 921.625 0
011 3.62019 -37.0 42291 921.625 0
101 5.08054 -51.0 42499 921.625 0
100 0.23930 -37.0 42943 921.625 0
011 3.59565 -37.0 43041 921.625 0
101 5.09895 -51.0 43171 921.625 0
100 5.81072 -36.0 43663 922.625 0
011 2.90229 -38.0 43783 922.625 0
101 4.30742 -50.0 43792 922.625 0
100 5.75550 -36.0 44380 922.625 0
101 4.31355 -50.0 44523 922.625 0
011 2.93297 -38.0 44537 922.625 0
100 5.77390 -36.0 45108 922.625 0
101 4.31969 -50.0 45250 922.625 0
011 2.89616 -37.5 45282 922.625 0
100 4.99464 -36.0 45821 923.625 0
101 3.63247 -49.5 45977 923.625 0
011 2.40528 -38.5 46025 923.625 0
100 4.84738 -36.0 46550 923.625 0
101 3.68155 -49.5 46705 923.625 0
011 2.55254 -38.5 46764 923.625 0
100 0.87130 -37.5 47262 920.625 0
011 4.30128 -37.0 47504 920.625 0
100 0.85289 -37.5 47978 920.625 0
011 4.34423 -37.0 48242 920.625 0
100 0.85289 -37.0 48702 920.625 0
011 4.35037 -37.5 48975 920.625 0
100 0.12885 -36.5 49434 921.625 0
011 3.59565 -37.5 49719 921.625 0
