001 0.05522 -39.0 0 922.625 0
100 5.92730 -31.0 5 922.625 0
011 3.63860 -37.5 24 922.625 0
101 4.11720 -42.0 29 922.625 0
100 5.85367 -31.5 614 922.625 0
001 5.91503 -39.0 628 922.625 0
101 4.10493 -42.0 665 922.625 0
011 3.58952 -38.0 675 922.625 0
100 5.86594 -31.5 1232 922.625 0
001 5.90276 -39.5 1251 922.625 0
101 4.08652 -42.0 1282 922.625 0
011 3.29499 -38.0 1324 922.625 0
100 5.15418 -31.5 1843 923.625 0
001 5.20940 -40.5 1884 923.625 0
101 3.25818 -41.5 1917 923.625 0
011 2.95751 -39.0 1966 923.625 0
100 5.17872 -31.5 2459 923.625 0
001 5.26462 -40.5 2519 923.625 0
101 3.20295 -42.0 2542 923.625 0
011 2.92070 -38.5 2611 923.625 0
100 5.08668 -31.5 3075 923.625 0
001 5.20940 -40.5 3147 923.625 0
101 3.25818 -42.0 3165 923.625 0
100 1.01856 -32.0 3690 920.625 0
001 1.04311 -37.0 3770 920.625 0
101 5.55301 -42.5 3784 920.625 0
100 1.30695 -32.0 4313 920.625 0
001 1.19651 -37.0 4398 920.625 0
101 5.68186 -42.5 4421 920.625 0
011 4.54058 -36.5 4564 920.625 0
100 1.31922 -32.0 4926 920.625 0
001 1.51557 -37.0 5015 920.625 0
101 5.46711 -42.5 5043 920.625 0
011 4.54672 -36.5 5220 920.625 0
100 0.77313 -32.5 5531 921.625 0
001 0.36816 -38.0 5642 921.625 0
101 4.70625 -42.5 5679 921.625 0
011 4.40559 -37.5 5871 921.625 0
100 0.38043 -32.0 6134 921.625 0
001 0.46633 -38.0 6268 921.625 0
101 4.69398 -42.5 6300 921.625 0
011 4.16629 -37.5 6509 921.625 0
100 0.35588 -32.5 6751 921.625 0
001 0.44792 -38.0 6910 921.625 0
101 4.70625 -42.5 6924 921.625 0
011 4.19084 -37.0 7161 921.625 0
100 5.86594 -33.0 7367 922.625 0
001 0.00000 -40.0 7549 922.625 0
101 4.17243 -41.5 7554 922.625 0
011 3.58952 -38.0 7805 922.625 0
100 6.05002 -33.0 7982 922.625 0
101 4.06198 -41.5 8169 922.625 0
001 5.92117 -39.5 8188 922.625 0
011 3.50975 -37.5 8470 922.625 0
100 5.80458 -33.0 8603 922.625 0
101 4.15402 -41.5 8785 922.625 0
001 5.93957 -40.0 8813 922.625 0
011 2.96979 -39.0 9109 923.625 0
100 4.91487 -33.0 9216 923.625 0
101 3.17841 -41.5 9403 923.625 0
001 5.27689 -41.0 9439 923.625 0
011 2.95751 -38.5 9752 923.625 0
100 5.08668 -33.0 9833 923.625 0
001 1.14128 -37.5 20043 920.625 0
101 5.67573 -42.0 20049 920.625 0
100 1.35604 -36.0 20054 920.625 0
011 4.66330 -37.0 20059 920.625 0
001 1.52171 -37.5 20662 920.625 0
100 1.08606 -36.0 20672 920.625 0
101 5.93957 -42.0 20677 920.625 0
011 4.64489 -36.5 20699 920.625 0
100 1.20878 -37.0 21288 920.625 0
001 1.08606 -37.0 21293 920.625 0
101 5.32598 -42.0 21312 920.625 0
011 4.52831 -37.5 21353 920.625 0
100 0.19021 -36.5 21916 921.625 0
001 0.49701 -39.0 21921 921.625 0
101 4.66944 -42.0 21941 921.625 0
011 4.31355 -37.0 22003 921.625 0
100 0.34975 -37.0 22532 921.625 0
001 0.46633 -38.5 22546 921.625 0
101 4.66944 -41.5 22566 921.625 0
011 4.38719 -38.0 22652 921.625 0
100 0.44792 -36.5 23149 921.625 0
001 0.44179 -38.5 23177 921.625 0
101 4.63876 -41.5 23200 921.625 0
011 4.16629 -37.0 23293 921.625 0
100 5.86594 -37.0 23768 922.625 0
001 6.02548 -39.5 23814 922.625 0
101 4.03130 -41.5 23831 922.625 0
011 3.61406 -38.0 23935 922.625 0
100 5.90276 -36.5 24387 922.625 0
101 4.54058 -41.5 24442 922.625 0
001 6.03161 -40.0 24456 922.625 0
011 3.57111 -38.0 24586 922.625 0
100 5.90276 -36.5 25009 922.625 0
101 4.38105 -41.0 25063 922.625 0
001 6.01320 -40.0 25082 922.625 0
011 3.57111 -38.5 25253 922.625 0
100 5.16031 -37.0 25644 923.625 0
101 3.11705 -41.5 25675 923.625 0
001 5.20326 -41.5 25721 923.625 0
011 2.93911 -39.0 25900 923.625 0
100 5.22167 -36.0 26251 923.625 0
101 3.11091 -41.5 26296 923.625 0
001 5.63278 -41.5 26349 923.625 0
011 2.98206 -39.0 26564 923.625 0
100 5.12350 -37.5 26876 923.625 0
101 3.12318 -41.5 26930 923.625 0
001 5.27689 -41.0 26979 923.625 0
011 3.00047 -39.0 27211 923.625 0
100 1.54012 -37.5 27491 920.625 0
101 5.78004 -42.0 27558 920.625 0
001 1.54012 -37.5 27609 920.625 0
011 4.65717 -37.0 27852 920.625 0
100 1.15969 -37.5 28108 920.625 0
101 5.57755 -42.0 28180 920.625 0
001 1.19037 -37.5 28248 920.625 0
100 1.17810 -37.5 28736 920.625 0
101 5.76777 -42.0 28797 920.625 0
001 1.19651 -37.5 28883 920.625 0
011 4.08039 -37.5 29158 921.625 0
100 0.41724 -38.0 29355 921.625 0
001 0.46019 -38.5 29517 921.625 0
011 4.17856 -37.5 29812 921.625 0
100 0.42338 -38.0 29975 921.625 0
101 4.66330 -41.5 30039 921.625 0
001 6.08070 -40.5 40090 922.625 0
011 3.64474 -37.5 40096 922.625 0
100 6.25251 -40.0 40101 922.625 0
101 3.96994 -41.0 40107 922.625 0
001 6.07456 -40.5 40727 922.625 0
100 6.25251 -40.0 40733 922.625 0
101 4.04971 -41.0 40738 922.625 0
011 3.50975 -38.0 40757 922.625 0
100 6.20955 -40.0 41346 922.625 0
001 6.00707 -41.0 41360 922.625 0
101 3.86563 -41.0 41374 922.625 0
011 3.56497 -38.0 41428 922.625 0
100 5.65119 -39.5 41966 923.625 0
001 5.49779 -42.5 41997 923.625 0
101 3.05569 -41.0 42003 923.625 0
011 2.89002 -39.0 42078 923.625 0
100 5.66959 -40.5 42584 923.625 0
001 5.57142 -42.5 42629 923.625 0
101 3.09864 -41.0 42644 923.625 0
011 2.90843 -39.5 42723 923.625 0
100 5.77390 -40.0 43197 923.625 0
101 3.01887 -41.0 43261 923.625 0
001 5.51619 -42.5 43271 923.625 0
011 2.90843 -39.0 43369 923.625 0
100 1.56466 -41.5 43810 920.625 0
101 5.46711 -41.5 43882 920.625 0
001 1.61988 -38.0 43905 920.625 0
011 4.62649 -36.5 44032 920.625 0
100 1.49103 -42.5 44425 920.625 0
101 5.40575 -41.5 44505 920.625 0
001 1.14128 -38.0 44532 920.625 0
100 1.54012 -41.0 45045 920.625 0
101 5.38120 -41.5 45130 920.625 0
001 1.20878 -38.0 45162 920.625 0
011 4.54672 -37.0 45315 920.625 0
100 1.09219 -42.0 45671 921.625 0
101 4.54058 -41.5 45747 921.625 0
001 0.46633 -39.5 45794 921.625 0
011 4.08652 -38.0 45972 921.625 0
100 1.34377 -41.0 46286 921.625 0
001 0.48474 -39.5 46433 921.625 0
011 4.16016 -37.5 46634 921.625 0
100 1.12901 -41.5 46916 921.625 0
101 4.66330 -41.0 46989 921.625 0
001 0.44792 -39.5 47068 921.625 0
011 3.39317 -40.5 47292 922.625 0
100 0.09204 -39.0 47534 922.625 0
101 4.01289 -41.0 47607 922.625 0
001 6.16047 -40.5 47695 922.625 0
011 3.53429 -39.0 47945 922.625 0
100 5.82913 -39.0 48151 922.625 0
101 3.60792 -41.5 48244 922.625 0
001 6.11138 -38.5 48320 922.625 0
011 3.70610 -40.0 48595 922.625 0
100 0.06750 -42.0 48775 922.625 0
101 3.96381 -41.0 48865 922.625 0
001 6.22796 -40.0 48956 922.625 0
011 2.93911 -39.5 49252 923.625 0
100 5.74936 -39.0 49394 923.625 0
101 3.04342 -41.0 49488 923.625 0
001 5.45484 -41.5 49585 923.625 0
011 2.97592 -40.5 49920 923.625 0
100 5.84140 -40.5 50005 923.625 0
