001 3.82882 -36.0 0 921.625 0
101 4.03130 -43.0 5 921.625 0
100 3.29499 -48.0 10 921.625 0
001 3.77973 -36.5 384 921.625 0
101 3.96381 -43.0 404 921.625 0
100 3.41771 -47.5 431 921.625 0
001 3.71223 -36.5 765 921.625 0
101 4.00676 -43.0 792 921.625 0
100 3.33181 -47.5 851 921.625 0
001 3.90858 -36.5 1146 921.625 0
101 3.96994 -42.5 1179 921.625 0
100 3.65701 -47.5 1274 921.625 0
001 3.65701 -36.5 1529 921.625 0
101 3.97608 -42.5 1557 921.625 0
100 3.45452 -47.0 1690 921.625 0
001 2.76117 -36.5 1923 922.625 0
101 3.17841 -43.5 1950 922.625 0
100 2.74889 -46.5 2111 922.625 0
001 2.90843 -37.0 2311 922.625 0
101 3.10478 -43.0 2334 922.625 0
100 2.64458 -45.5 2528 922.625 0
001 2.93911 -37.0 2699 922.625 0
101 3.16614 -43.0 2723 922.625 0
100 2.76117 -46.5 2943 922.625 0
001 2.90843 -37.0 3080 922.625 0
101 3.12318 -43.0 3112 922.625 0
100 2.55254 -46.0 3358 922.625 0
001 2.71821 -37.0 3462 922.625 0
100 1.55239 -45.5 3771 923.625 0
001 2.46664 -37.5 3848 923.625 0
101 2.77344 -43.0 3882 923.625 0
100 1.55852 -45.5 4188 923.625 0
001 1.88986 -37.5 4238 923.625 0
101 2.54641 -43.5 4270 923.625 0
100 1.54625 -45.0 4603 923.625 0
001 1.79783 -37.5 4632 923.625 0
101 2.52186 -43.5 4663 923.625 0
001 2.00645 -37.5 5020 923.625 0
100 2.15371 -45.5 5025 923.625 0
101 2.49732 -43.5 5048 923.625 0
001 4.24606 -36.5 5398 920.625 0
101 5.43029 -43.0 5434 920.625 0
100 3.71223 -47.5 5454 920.625 0
001 4.17856 -36.5 5790 920.625 0
101 5.31371 -42.5 5818 920.625 0
100 3.69383 -47.0 5881 920.625 0
001 4.28287 -36.5 6176 920.625 0
101 5.20326 -43.0 6203 920.625 0
100 3.64474 -47.5 6296 920.625 0
001 4.06198 -36.5 6557 920.625 0
101 4.95169 -42.5 6594 920.625 0
100 3.89018 -47.5 6725 920.625 0
001 4.26447 -36.5 6940 920.625 0
101 5.08668 -42.5 6981 920.625 0
100 3.63860 -47.5 7160 920.625 0
001 3.38089 -37.0 7326 921.625 0
101 3.89631 -42.5 7364 921.625 0
100 3.20295 -47.0 7584 921.625 0
001 3.53429 -37.0 7708 921.625 0
101 3.90858 -43.0 7755 921.625 0
100 3.20295 -47.0 8005 921.625 0
001 3.65701 -37.0 8100 921.625 0
101 3.90858 -42.5 8140 921.625 0
100 3.42998 -47.0 8426 921.625 0
001 3.62019 -36.5 8485 921.625 0
101 3.89631 -42.5 8525 921.625 0
100 3.43612 -47.0 8844 921.625 0
001 3.46066 -37.0 8876 921.625 0
101 3.90245 -42.5 8911 921.625 0
100 2.63231 -45.5 9265 922.625 0
001 2.86548 -37.5 9279 922.625 0
101 3.05569 -42.5 9302 922.625 0
001 3.04342 -37.5 9668 922.625 0
100 2.62004 -46.0 9682 922.625 0
101 3.12318 -43.0 9696 922.625 0
100 1.55239 -46.5 20044 923.625 0
001 1.60148 -38.5 20049 923.625 0
101 2.65685 -43.0 20055 923.625 0
001 1.67511 -38.0 20431 923.625 0
101 2.82252 -43.0 20453 923.625 0
100 1.55852 -46.5 20463 923.625 0
001 1.73033 -38.5 20818 923.625 0
101 2.52186 -43.0 20846 923.625 0
100 1.61988 -46.5 20882 923.625 0
001 1.68738 -38.0 21210 923.625 0
101 2.53414 -43.0 21237 923.625 0
100 1.55852 -46.5 21302 923.625 0
001 1.73647 -38.5 21604 923.625 0
101 2.97592 -43.0 21632 923.625 0
100 1.56466 -46.5 21716 923.625 0
001 4.04357 -37.5 21989 920.625 0
101 5.02532 -42.5 22029 920.625 0
001 4.01903 -37.5 22377 920.625 0
101 5.00078 -42.5 22418 920.625 0
001 3.98221 -37.5 22768 920.625 0
101 4.81670 -42.5 22813 920.625 0
001 4.02517 -37.5 23157 920.625 0
101 5.18486 -42.5 23206 920.625 0
001 3.97608 -37.5 23548 920.625 0
101 4.97623 -42.0 23598 920.625 0
001 3.63860 -37.5 23944 921.625 0
101 3.92699 -43.0 23989 921.625 0
001 3.53429 -38.0 24346 921.625 0
101 3.89018 -43.0 24383 921.625 0
100 3.47907 -48.5 24394 921.625 0
001 3.47293 -38.0 24738 921.625 0
101 3.90858 -43.0 24770 921.625 0
001 3.57111 -38.0 25130 921.625 0
101 3.85336 -42.5 25158 921.625 0
100 2.49732 -48.0 25433 922.625 0
001 2.71208 -38.0 25519 922.625 0
101 3.04955 -43.0 25551 922.625 0
100 2.48505 -47.5 25856 922.625 0
001 2.78571 -38.5 25910 922.625 0
101 3.04955 -42.5 25953 922.625 0
100 2.47278 -47.5 26274 922.625 0
001 2.46664 -38.5 26306 922.625 0
101 3.11705 -43.0 26344 922.625 0
001 2.73662 -38.0 26700 922.625 0
100 2.51573 -47.5 26706 922.625 0
101 3.11091 -43.0 26741 922.625 0
001 2.85320 -38.5 27095 922.625 0
100 2.51573 -47.5 27127 922.625 0
101 3.09864 -42.5 27145 922.625 0
001 1.66897 -38.5 27492 923.625 0
101 2.68753 -43.0 27538 923.625 0
100 1.55852 -47.0 27549 923.625 0
001 1.84078 -38.5 27885 923.625 0
101 2.60777 -43.0 27926 923.625 0
100 1.58920 -47.0 27968 923.625 0
001 1.71806 -38.5 28276 923.625 0
101 2.44210 -43.0 28310 923.625 0
100 1.54625 -47.0 28390 923.625 0
001 1.71806 -38.5 28668 923.625 0
101 2.50959 -43.0 28706 923.625 0
100 1.55239 -47.0 28814 923.625 0
001 3.92085 -38.0 29061 920.625 0
101 5.03759 -42.5 29111 920.625 0
001 3.96381 -38.0 29458 920.625 0
101 5.06214 -42.0 29512 920.625 0
001 3.96381 -37.5 29846 920.625 0
101 5.03146 -42.0 29904 920.625 0
001 3.39317 -38.0 40075 921.625 0
101 3.90858 -43.0 40080 921.625 0
001 3.33181 -38.0 40467 921.625 0
101 3.87177 -42.5 40477 921.625 0
001 3.27045 -38.0 40866 921.625 0
101 3.92085 -43.0 40871 921.625 0
001 3.55270 -38.0 41260 921.625 0
101 3.89018 -43.0 41270 921.625 0
001 3.55270 -38.0 41652 921.625 0
101 3.85336 -43.0 41670 921.625 0
001 2.71208 -38.5 42049 922.625 0
101 3.09864 -43.0 42067 922.625 0
001 2.60163 -38.5 42443 922.625 0
101 3.09251 -43.0 42461 922.625 0
001 2.56482 -38.5 42839 922.625 0
101 3.11091 -43.0 42863 922.625 0
001 2.79185 -38.5 43229 922.625 0
101 3.11705 -43.0 43257 922.625 0
001 2.58322 -38.5 43630 922.625 0
101 2.59550 -43.0 43665 923.625 0
001 1.61375 -38.5 44024 923.625 0
101 2.57709 -43.0 44061 923.625 0
001 1.60148 -38.5 44428 923.625 0
101 2.76117 -43.0 44457 923.625 0
001 1.68738 -38.5 44820 923.625 0
101 2.61390 -43.0 44850 923.625 0
001 1.55852 -39.0 45215 923.625 0
101 2.49732 -43.0 45239 923.625 0
001 3.90858 -38.0 45614 920.625 0
101 4.98851 -42.5 45641 920.625 0
001 3.90858 -38.0 46011 920.625 0
101 5.35666 -42.5 46033 920.625 0
001 3.91472 -37.5 46408 920.625 0
101 4.81056 -42.0 46431 920.625 0
001 3.91472 -37.5 46810 920.625 0
101 5.36893 -42.5 46824 920.625 0
001 3.91472 -38.0 47205 920.625 0
101 4.76148 -42.5 47224 920.625 0
001 3.83495 -38.5 47605 921.625 0
101 3.89018 -43.0 47617 921.625 0
001 3.46680 -38.5 48000 921.625 0
101 3.87177 -43.0 48023 921.625 0
001 3.33181 -38.5 48409 921.625 0
101 3.89018 -43.0 48423 921.625 0
001 3.65701 -38.5 48804 921.625 0
101 3.88404 -43.0 48831 921.625 0
001 2.74889 -39.0 49205 922.625 0
101 3.12932 -43.0 49238 922.625 0
001 2.87161 -39.0 49604 922.625 0
101 3.11091 -43.0 49645 922.625 0
001 2.72435 -39.0 50012 922.625 0
101 3.06183 -43.0 50043 922.625 0
