001 5.84140 -31.0 0 922.625 0
100 0.47247 -34.0 5 922.625 0
100 0.39270 -34.0 674 922.625 0
001 5.96412 -31.5 713 922.625 0
100 0.38043 -33.5 1364 922.625 0
001 6.20955 -31.5 1422 922.625 0
100 5.92730 -34.5 2043 923.625 0
001 4.85965 -31.0 2135 923.625 0
100 5.94571 -34.0 2717 923.625 0
001 4.79216 -31.0 2845 923.625 0
100 5.90889 -34.0 3410 923.625 0
001 4.90260 -31.0 3569 923.625 0
001 0.84676 -31.0 4312 920.625 0
001 0.90198 -31.0 5022 920.625 0
001 0.03682 -31.0 5746 921.625 0
100 1.12287 -33.5 6121 921.625 0
001 0.13499 -31.0 6465 921.625 0
100 1.14742 -33.5 6811 921.625 0
001 5.74936 -31.0 7194 922.625 0
100 0.38043 -34.0 7494 922.625 0
001 6.02548 -31.0 7900 922.625 0
100 0.47247 -34.0 8180 922.625 0
001 5.92730 -31.5 8605 922.625 0
100 0.42338 -34.0 8860 922.625 0
001 4.89033 -31.0 9338 923.625 0
100 5.89662 -34.5 9543 923.625 0
001 0.87744 -31.0 20052 920.625 0
001 0.82835 -31.0 20772 920.625 0
001 0.82221 -31.5 21493 920.625 0
001 0.15340 -31.5 22220 921.625 0
001 0.12272 -31.5 22934 921.625 0
001 5.75550 -31.5 23655 922.625 0
001 5.81686 -31.5 24369 922.625 0
001 5.85367 -31.5 25081 922.625 0
001 4.80443 -31.5 25799 923.625 0
001 4.86579 -31.5 26524 923.625 0
001 0.82835 -31.5 27244 920.625 0
001 0.82835 -31.5 27953 920.625 0
001 0.84676 -31.5 28669 920.625 0
001 6.20955 -31.5 29390 921.625 0
001 5.81686 -31.5 40095 922.625 0
001 5.72482 -31.0 40827 922.625 0
001 5.96412 -31.0 41552 922.625 0
001 4.73080 -31.0 42266 923.625 0
001 4.77375 -31.0 42965 923.625 0
001 0.84062 -31.0 43702 920.625 0
001 0.85289 -31.0 44414 920.625 0
001 0.80994 -31.0 45131 920.625 0
001 0.14726 -31.0 45857 921.625 0
001 0.16567 -31.0 46584 921.625 0
001 5.90889 -31.0 47302 922.625 0
001 6.00093 -31.5 48031 922.625 0
001 5.91503 -31.5 48760 922.625 0
001 4.82897 -31.5 49489 923.625 0
