101 4.31355 -31.5 0 922.625 0
001 6.19728 -31.0 5 922.625 0
101 4.30128 -31.5 645 922.625 0
001 5.70027 -31.0 682 922.625 0
101 4.46082 -31.5 1314 922.625 0
001 5.96412 -31.0 1340 922.625 0
100 6.06843 -27.5 1944 923.625 0
101 3.55270 -32.5 1955 923.625 0
001 4.98237 -30.5 2009 923.625 0
101 3.49134 -32.5 2617 923.625 0
001 5.01919 -30.5 2686 923.625 0
101 3.51588 -32.0 3258 923.625 0
001 5.19713 -31.0 3355 923.625 0
100 1.96350 -27.0 3880 920.625 0
101 5.59596 -31.5 3896 920.625 0
001 0.88357 -31.0 4016 920.625 0
100 2.00645 -27.0 4514 920.625 0
101 5.66346 -31.0 4531 920.625 0
001 0.85289 -31.5 4694 920.625 0
100 1.92668 -27.0 5146 920.625 0
101 5.69414 -31.0 5162 920.625 0
001 0.85289 -31.5 5372 920.625 0
100 1.21491 -27.0 5796 921.625 0
101 4.93942 -31.5 5801 921.625 0
001 0.06750 -31.0 6045 921.625 0
101 4.84738 -31.5 6432 921.625 0
100 1.58920 -27.0 6437 921.625 0
001 0.00000 -31.0 6715 921.625 0
101 4.79216 -31.5 7074 921.625 0
100 1.17810 -27.0 7084 921.625 0
001 5.96412 -31.0 7386 922.625 0
101 4.28901 -31.5 7712 922.625 0
100 0.47860 -27.0 7728 922.625 0
001 6.00093 -31.0 8063 922.625 0
101 4.49150 -31.5 8346 922.625 0
100 0.50928 -27.5 8367 922.625 0
001 5.71868 -31.0 8734 922.625 0
101 3.51588 -32.5 8986 923.625 0
100 6.06229 -27.5 9017 923.625 0
001 4.98237 -31.0 9400 923.625 0
101 3.52816 -32.0 9642 923.625 0
100 6.05616 -27.5 9658 923.625 0
001 0.88357 -31.5 20032 920.625 0
100 2.14757 -27.0 20037 920.625 0
101 5.60210 -31.5 20043 920.625 0
101 5.65732 -31.0 20670 920.625 0
001 0.82221 -31.5 20696 920.625 0
101 5.69414 -31.0 21308 920.625 0
100 1.94509 -27.0 21330 920.625 0
001 0.86517 -31.5 21351 920.625 0
101 5.07441 -31.5 21962 921.625 0
100 1.19651 -27.0 21978 921.625 0
001 0.08590 -31.5 22031 921.625 0
101 5.11736 -31.5 22610 921.625 0
001 0.02454 -31.0 22696 921.625 0
101 4.77988 -31.5 23254 921.625 0
001 6.25251 -31.0 23370 921.625 0
101 4.27674 -31.5 23893 922.625 0
001 5.79845 -31.0 24036 922.625 0
101 4.69398 -31.5 24544 922.625 0
100 0.74245 -27.5 24563 922.625 0
001 5.82913 -31.0 24703 922.625 0
101 4.50377 -31.5 25199 922.625 0
100 0.58905 -27.5 25220 922.625 0
001 5.72482 -31.5 25375 922.625 0
101 3.55884 -32.0 25841 923.625 0
100 6.06229 -27.5 25858 923.625 0
001 5.08668 -31.0 26041 923.625 0
101 3.52202 -32.0 26482 923.625 0
001 5.29530 -31.5 26714 923.625 0
101 3.52202 -32.0 27123 923.625 0
001 0.85903 -32.0 27388 920.625 0
101 5.65119 -31.5 27766 920.625 0
001 0.83449 -31.5 28038 920.625 0
101 5.61437 -31.5 28402 920.625 0
100 2.35006 -27.0 28434 920.625 0
001 0.88357 -31.5 28701 920.625 0
101 4.89647 -31.5 29033 921.625 0
100 1.25173 -27.0 29072 921.625 0
001 0.07363 -31.0 29366 921.625 0
101 5.14190 -31.5 29671 921.625 0
100 1.23332 -27.0 29744 921.625 0
001 5.81686 -31.5 40054 922.625 0
100 0.55223 -27.5 40059 922.625 0
101 4.35651 -32.0 40064 922.625 0
101 4.49763 -32.0 40700 922.625 0
100 0.71177 -27.5 40709 922.625 0
001 5.79231 -31.5 40725 922.625 0
101 4.28901 -31.5 41334 922.625 0
100 0.66882 -27.5 41355 922.625 0
001 5.79845 -31.5 41404 922.625 0
101 3.54043 -32.5 41982 923.625 0
001 4.95169 -31.0 42080 923.625 0
101 3.44839 -32.0 42617 923.625 0
001 5.12963 -31.5 42751 923.625 0
101 3.53429 -32.0 43267 923.625 0
001 5.10509 -31.5 43417 923.625 0
101 5.62664 -31.0 43899 920.625 0
001 0.85903 -32.0 44087 920.625 0
101 5.69414 -31.0 44528 920.625 0
001 0.80381 -31.5 44754 920.625 0
101 5.80458 -31.0 45178 920.625 0
001 0.76085 -32.0 45413 920.625 0
101 5.08668 -31.5 45807 921.625 0
100 1.23332 -27.0 45840 921.625 0
001 0.00000 -32.0 46085 921.625 0
101 5.08054 -31.5 46435 921.625 0
100 1.26400 -27.0 46479 921.625 0
001 0.06136 -31.5 46753 921.625 0
101 5.11736 -31.5 47084 921.625 0
100 1.27014 -27.0 47118 921.625 0
001 5.42416 -32.0 47426 922.625 0
101 4.30742 -32.0 47731 922.625 0
100 0.53383 -27.5 47751 922.625 0
001 5.61437 -31.5 48092 922.625 0
101 4.34423 -32.0 48360 922.625 0
100 0.54610 -28.0 48398 922.625 0
001 5.58369 -31.5 48755 922.625 0
101 4.36264 -32.0 49007 922.625 0
100 6.22796 -28.0 49033 923.625 0
001 5.09282 -31.0 49436 923.625 0
101 3.60179 -32.5 49637 923.625 0
100 6.07456 -28.0 49674 923.625 0
