101 4.42400 -31.0 0 922.625 0
100 0.66882 -40.0 5 922.625 0
001 5.21553 -41.0 10 922.625 0
101 4.42400 -31.0 430 922.625 0
100 0.69336 -40.0 443 922.625 0
001 5.22167 -41.0 461 922.625 0
101 4.41173 -31.0 852 922.625 0
100 0.71790 -40.0 876 922.625 0
001 5.16645 -41.0 911 922.625 0
101 4.44854 -31.0 1280 922.625 0
100 0.84062 -40.0 1308 922.625 0
001 5.19713 -41.0 1371 922.625 0
101 4.42400 -31.0 1701 922.625 0
100 0.68722 -40.0 1747 922.625 0
001 4.46082 -41.0 1832 923.625 0
101 3.83495 -31.5 2133 923.625 0
100 6.24023 -41.0 2179 923.625 0
001 4.46082 -41.5 2280 923.625 0
101 3.69383 -31.5 2557 923.625 0
100 6.27091 -41.0 2617 923.625 0
001 4.43014 -42.0 2734 923.625 0
101 3.69383 -31.5 2983 923.625 0
100 6.24023 -41.0 3050 923.625 0
001 4.46695 -41.0 3188 923.625 0
101 3.69383 -31.5 3403 923.625 0
100 6.27705 -41.0 3488 923.625 0
001 0.42951 -40.0 3645 920.625 0
101 5.92117 -30.0 3846 920.625 0
100 1.96963 -38.5 3928 920.625 0
001 0.35588 -39.5 4097 920.625 0
101 5.89049 -30.5 4271 920.625 0
100 1.92668 -38.5 4363 920.625 0
001 0.39270 -40.0 4551 920.625 0
101 5.97025 -30.5 4688 920.625 0
100 2.00645 -38.5 4797 920.625 0
001 0.37429 -40.0 5003 920.625 0
101 5.95185 -30.5 5106 920.625 0
100 1.96350 -38.5 5238 920.625 0
001 5.97025 -40.5 5454 921.625 0
101 5.14804 -30.5 5527 921.625 0
100 1.28241 -39.0 5674 921.625 0
001 5.97639 -41.0 5900 921.625 0
101 5.14190 -30.5 5951 921.625 0
100 1.28854 -39.0 6105 921.625 0
001 5.90276 -41.0 6361 921.625 0
101 5.11122 -31.0 6372 921.625 0
100 1.27627 -39.0 6549 921.625 0
101 5.19099 -30.5 6792 921.625 0
001 5.92117 -40.5 6827 921.625 0
100 1.29468 -39.0 6985 921.625 0
101 4.42400 -31.0 7218 922.625 0
001 5.19099 -41.0 7279 922.625 0
100 0.59518 -40.0 7417 922.625 0
101 4.41173 -31.0 7642 922.625 0
001 5.19713 -40.5 7734 922.625 0
100 0.65041 -40.0 7858 922.625 0
101 4.40559 -31.0 8061 922.625 0
001 5.14804 -41.0 8190 922.625 0
100 0.76085 -40.0 8291 922.625 0
101 4.40559 -31.0 8483 922.625 0
001 5.17258 -41.0 8660 922.625 0
100 0.76699 -40.0 8722 922.625 0
101 4.41786 -31.0 8908 922.625 0
001 4.46082 -41.0 9120 923.625 0
100 6.24023 -41.0 9160 923.625 0
101 3.67542 -31.5 9334 923.625 0
001 4.46695 -41.5 9575 923.625 0
100 6.25251 -41.0 9591 923.625 0
101 3.69383 -31.5 9768 923.625 0
101 5.89049 -31.0 20023 920.625 0
100 1.96963 -40.0 20029 920.625 0
001 0.16567 -40.0 20034 920.625 0
101 5.86594 -31.0 20444 920.625 0
100 1.98804 -40.0 20461 920.625 0
001 0.17181 -39.5 20488 920.625 0
101 5.82913 -31.0 20878 920.625 0
100 2.03099 -40.0 20901 920.625 0
001 0.11658 -39.5 20936 920.625 0
101 5.82913 -31.0 21307 920.625 0
100 1.96963 -40.0 21330 920.625 0
001 0.14726 -40.0 21384 920.625 0
101 5.85367 -31.0 21734 920.625 0
100 1.96963 -40.0 21761 920.625 0
001 5.85367 -40.0 21841 921.625 0
101 5.09282 -31.0 22166 921.625 0
100 1.28241 -41.0 22201 921.625 0
001 5.86594 -40.0 22294 921.625 0
101 5.06214 -31.0 22590 921.625 0
100 1.30082 -40.5 22636 921.625 0
001 5.90276 -40.5 22754 921.625 0
101 5.09895 -31.5 23022 921.625 0
100 1.35604 -40.5 23065 921.625 0
001 5.84140 -40.0 23209 921.625 0
101 5.12963 -31.0 23463 921.625 0
100 1.30695 -40.5 23499 921.625 0
001 5.04986 -40.5 23666 922.625 0
101 4.34423 -31.5 23884 922.625 0
100 0.73631 -41.5 23930 922.625 0
001 5.11122 -40.0 24120 922.625 0
101 4.36264 -31.5 24325 922.625 0
100 0.74858 -41.5 24369 922.625 0
001 4.85352 -40.5 24570 922.625 0
101 4.33196 -31.5 24754 922.625 0
100 0.75472 -41.5 24809 922.625 0
001 5.04373 -40.0 25014 922.625 0
101 4.40559 -31.5 25184 922.625 0
100 0.78540 -41.5 25247 922.625 0
001 4.31969 -40.5 25473 923.625 0
101 3.64474 -32.0 25612 923.625 0
100 0.17181 -42.5 25677 923.625 0
001 4.41786 -40.5 25922 923.625 0
101 3.65087 -32.0 26040 923.625 0
100 0.05522 -42.0 26115 923.625 0
001 4.34423 -40.5 26372 923.625 0
101 3.62633 -32.0 26480 923.625 0
100 0.18408 -42.5 26545 923.625 0
001 4.39332 -40.5 26821 923.625 0
101 3.62633 -32.5 26904 923.625 0
100 6.25251 -42.5 26989 923.625 0
001 0.10431 -39.5 27278 920.625 0
101 6.19115 -31.0 27335 920.625 0
100 2.01258 -40.0 27423 920.625 0
001 0.07363 -39.5 27732 920.625 0
101 6.06229 -31.0 27762 920.625 0
100 1.96350 -40.0 27864 920.625 0
101 5.76163 -31.5 28184 920.625 0
001 0.14726 -40.0 28196 920.625 0
100 1.96963 -40.0 28300 920.625 0
101 5.88435 -31.0 28618 920.625 0
001 0.16567 -39.5 28645 920.625 0
100 2.03713 -40.0 28729 920.625 0
101 5.08668 -31.5 29050 921.625 0
001 5.81072 -40.0 29108 921.625 0
100 1.30082 -41.5 29165 921.625 0
101 5.11122 -31.0 29469 921.625 0
001 5.75550 -40.0 29554 921.625 0
100 1.31309 -41.0 29607 921.625 0
101 5.08668 -31.5 29901 921.625 0
001 5.95798 -40.5 30010 921.625 0
100 0.42338 -38.0 40067 922.625 0
101 4.44241 -31.0 40073 922.625 0
001 0.61359 -40.0 40078 922.625 0
101 4.49763 -31.0 40505 922.625 0
100 0.40497 -38.0 40516 922.625 0
001 0.00614 -40.0 40538 922.625 0
101 4.90874 -31.0 40943 922.625 0
100 0.38043 -37.5 40954 922.625 0
001 0.17794 -39.5 40981 922.625 0
101 4.50990 -30.5 41374 922.625 0
100 0.38043 -37.5 41391 922.625 0
001 0.00614 -39.5 41438 922.625 0
101 4.64489 -31.0 41796 922.625 0
100 0.38043 -37.5 41828 922.625 0
001 5.70027 -40.0 41879 923.625 0
101 3.85950 -31.0 42241 923.625 0
100 5.82913 -38.0 42272 923.625 0
001 5.64505 -40.0 42333 923.625 0
101 4.32583 -31.0 42681 923.625 0
100 5.96412 -38.0 42724 923.625 0
001 5.62051 -40.0 42788 923.625 0
101 3.91472 -30.5 43129 923.625 0
100 5.85981 -38.0 43167 923.625 0
001 5.49165 -40.0 43237 923.625 0
101 3.89018 -30.5 43561 923.625 0
100 5.85367 -38.0 43604 923.625 0
001 1.44194 -38.5 43680 920.625 0
101 6.00707 -31.0 44002 920.625 0
100 1.73647 -37.5 44053 920.625 0
001 1.39899 -38.5 44119 920.625 0
101 6.02548 -31.0 44433 920.625 0
100 1.62602 -37.5 44492 920.625 0
001 1.41126 -38.5 44574 920.625 0
101 5.99480 -31.5 44866 920.625 0
100 1.74260 -37.5 44931 920.625 0
001 1.38672 -38.5 45028 920.625 0
101 6.00707 -30.5 45295 920.625 0
100 1.66284 -37.5 45380 920.625 0
001 1.04311 -39.0 45473 921.625 0
101 5.22167 -31.5 45729 921.625 0
100 1.17810 -37.5 45821 921.625 0
001 0.75472 -39.0 45922 921.625 0
101 5.28303 -31.0 46152 921.625 0
100 1.04924 -37.5 46260 921.625 0
001 0.75472 -39.0 46370 921.625 0
101 5.25849 -31.0 46581 921.625 0
100 1.17196 -37.5 46705 921.625 0
001 0.76085 -39.0 46820 921.625 0
101 5.24621 -31.0 47012 921.625 0
100 1.15969 -37.5 47153 921.625 0
001 6.24637 -39.5 47274 922.625 0
101 4.52831 -31.0 47447 922.625 0
100 0.31293 -38.0 47601 922.625 0
001 6.26478 -39.5 47722 922.625 0
101 4.54672 -30.5 47895 922.625 0
100 0.06750 -38.0 48031 922.625 0
001 6.27091 -39.5 48172 922.625 0
101 4.51604 -31.0 48329 922.625 0
100 0.17794 -38.0 48465 922.625 0
001 6.23410 -39.5 48632 922.625 0
101 4.58967 -31.0 48756 922.625 0
100 0.04909 -38.0 48905 922.625 0
001 5.47938 -40.0 49089 923.625 0
101 3.89018 -30.5 49190 923.625 0
100 5.82299 -38.0 49341 923.625 0
001 5.49165 -39.5 49531 923.625 0
100 5.90276 -38.0 49788 923.625 0
001 5.81686 -39.5 49996 923.625 0
101 3.89631 -31.0 50065 923.625 0
