001 0.46633 -31.0 0 920.625 0
101 1.09219 -41.0 10 920.625 0
001 0.55837 -30.0 731 920.625 0
101 0.96948 -41.5 761 920.625 0
001 0.98788 -30.5 1462 920.625 0
101 0.47860 -30.5 1543 920.625 0
001 6.24637 -31.0 2191 921.625 0
101 0.47860 -30.5 2289 920.625 0
001 6.10524 -31.0 2931 921.625 0
101 5.76163 -31.0 3063 922.625 0
001 5.46711 -31.0 3654 922.625 0
101 0.55223 -31.0 3808 920.625 0
001 5.44870 -31.5 4386 922.625 0
101 0.55223 -31.0 4572 920.625 0
001 5.47938 -31.0 5117 922.625 0
101 5.76163 -31.0 5314 922.625 0
001 4.75534 -31.0 5857 923.625 0
101 6.21569 -31.0 6100 921.625 0
001 4.71239 -31.0 6589 923.625 0
101 0.43565 -31.0 6833 921.625 0
001 0.54610 -30.5 7331 920.625 0
101 0.43565 -31.0 7602 921.625 0
001 0.47860 -30.5 8073 920.625 0
001 0.82835 -30.5 8815 920.625 0
001 6.01320 -31.0 9547 921.625 0
001 5.33212 -31.5 20045 922.625 0
001 5.49165 -31.5 20769 922.625 0
001 5.45484 -31.0 21488 922.625 0
001 4.73693 -31.5 22232 923.625 0
001 4.73693 -31.5 22963 923.625 0
001 0.59518 -30.5 23698 920.625 0
001 0.49087 -30.5 24439 920.625 0
001 0.55223 -31.0 25179 920.625 0
001 6.21569 -31.0 25908 921.625 0
001 0.43565 -31.0 26652 921.625 0
001 5.76163 -31.0 27400 922.625 0
001 5.66959 -31.5 28142 922.625 0
001 5.64505 -31.0 28887 922.625 0
001 4.70625 -31.0 29622 923.625 0
001 6.05616 -32.5 40064 922.625 0
001 6.06843 -32.5 41553 922.625 0