101 4.17243 -33.5 0 922.625 0
001 5.98866 -33.5 11 922.625 0
101 4.41173 -33.0 676 922.625 0
001 5.84753 -33.5 718 922.625 0
101 4.19697 -33.5 1357 922.625 0
001 5.74322 -33.0 1417 922.625 0
101 3.48520 -33.5 2024 923.625 0
001 5.09282 -33.5 2109 923.625 0
101 3.89631 -33.5 2702 923.625 0
001 5.20326 -33.0 2798 923.625 0
101 3.52202 -33.5 3385 923.625 0
001 4.97010 -33.0 3493 923.625 0
101 5.76163 -33.5 4059 920.625 0
001 1.01856 -33.0 4192 920.625 0
101 6.06229 -33.5 4735 920.625 0
001 1.09219 -33.0 4902 920.625 0
101 4.85965 -33.0 5423 921.625 0
001 0.01841 -33.0 5591 921.625 0
101 4.85352 -33.5 6104 921.625 0
001 0.08590 -33.0 6297 921.625 0
101 4.77375 -33.5 6784 921.625 0
001 0.10431 -33.0 7006 921.625 0
101 4.44241 -33.0 7466 922.625 0
001 5.81686 -33.5 7716 922.625 0
101 4.18470 -33.0 8139 922.625 0
001 5.87208 -33.0 8413 922.625 0
101 4.24606 -33.0 8819 922.625 0
001 5.05600 -33.0 9113 923.625 0
101 3.50975 -33.5 9496 923.625 0
001 5.01919 -33.5 9816 923.625 0
101 4.27674 -35.5 40064 922.625 0
001 6.05002 -33.0 40069 922.625 0
001 5.89662 -33.0 40756 922.625 0
101 4.47922 -35.0 40767 922.625 0
101 4.25833 -35.0 41439 922.625 0
001 5.87821 -33.0 41448 922.625 0
101 3.62019 -35.5 42125 923.625 0
001 5.11736 -33.5 42157 923.625 0
101 3.48520 -35.5 42803 923.625 0
001 5.30144 -33.0 42852 923.625 0
101 3.67542 -36.0 43486 923.625 0
001 5.31985 -33.0 43534 923.625 0
101 5.74936 -35.5 44159 920.625 0
001 1.38058 -32.5 44234 920.625 0
101 5.75550 -35.5 44839 920.625 0
001 1.04924 -32.5 44935 920.625 0
101 4.77375 -35.5 45530 921.625 0
001 0.19021 -32.5 45630 921.625 0
101 4.81670 -35.0 46227 921.625 0
001 0.13499 -32.5 46317 921.625 0
101 4.73080 -35.0 46907 921.625 0
001 0.38656 -32.5 47020 921.625 0
101 4.28287 -35.5 47595 922.625 0
001 5.85367 -32.5 47719 922.625 0
101 4.17243 -35.5 48268 922.625 0
001 5.89662 -32.5 48414 922.625 0
101 4.32583 -35.5 48935 922.625 0
001 5.11736 -33.0 49109 923.625 0
101 3.46066 -36.0 49607 923.625 0
001 5.49165 -33.0 49823 923.625 0
