101 5.10509 -33.0 0 920.625 0
001 1.20878 -34.5 10 920.625 0
101 5.09895 -33.0 615 920.625 0
001 1.19037 -34.0 663 920.625 0
101 5.14190 -33.0 1242 920.625 0
001 1.19037 -34.5 1327 920.625 0
101 4.40559 -33.5 1886 921.625 0
001 0.51542 -34.5 1987 921.625 0
101 4.50990 -33.5 2532 921.625 0
001 0.48474 -34.5 2635 921.625 0
101 4.38105 -33.0 3160 921.625 0
001 0.48474 -35.0 3294 921.625 0
101 3.63860 -33.5 3793 922.625 0
001 6.07456 -34.0 3955 922.625 0
101 3.66928 -33.5 4429 922.625 0
001 6.05616 -34.0 4622 922.625 0
101 3.66315 -33.5 5072 922.625 0
001 6.10524 -34.5 5282 922.625 0
101 2.90843 -34.0 5693 923.625 0
001 5.28303 -34.5 5963 923.625 0
101 2.97592 -34.0 6341 923.625 0
001 5.29530 -34.5 6622 923.625 0
101 2.93297 -34.0 6966 923.625 0
001 1.22718 -34.0 7285 920.625 0
101 5.23394 -33.0 7581 920.625 0
001 1.18423 -34.5 7941 920.625 0
101 5.14804 -33.0 8210 920.625 0
001 1.23332 -34.5 8599 920.625 0
101 5.08668 -33.0 8839 920.625 0
001 0.48474 -34.5 9253 921.625 0
101 4.47922 -33.5 9490 921.625 0
001 0.53383 -34.5 9915 921.625 0
101 3.65087 -33.5 20033 922.625 0
001 6.05616 -34.5 20043 922.625 0
101 3.65087 -33.5 20658 922.625 0
001 6.05616 -34.5 20698 922.625 0
101 3.62019 -33.5 21273 922.625 0
001 6.01934 -34.5 21364 922.625 0
101 2.95138 -34.0 21909 923.625 0
001 5.37507 -34.0 22043 923.625 0
101 2.95751 -34.0 22530 923.625 0
001 5.42416 -34.5 22696 923.625 0
101 2.93297 -33.5 23143 923.625 0
001 5.41802 -34.5 23364 923.625 0
101 5.16031 -33.0 23768 920.625 0
001 1.22718 -34.0 24003 920.625 0
101 5.11122 -33.0 24389 920.625 0
001 1.19037 -34.0 24656 920.625 0
101 5.12963 -33.0 25027 920.625 0
001 1.17810 -34.0 25295 920.625 0
101 4.47922 -33.5 25641 921.625 0
001 0.46633 -34.5 25976 921.625 0
101 4.39332 -33.5 26281 921.625 0
001 0.49087 -34.5 26639 921.625 0
101 4.50377 -33.5 26912 921.625 0
001 6.06229 -34.5 27282 922.625 0
101 3.65087 -33.5 27536 922.625 0
001 6.07456 -34.0 27951 922.625 0
101 3.66315 -33.5 28180 922.625 0
001 6.19728 -34.5 28630 922.625 0
101 3.64474 -33.5 28810 922.625 0
001 5.38734 -34.5 29301 923.625 0
101 2.93911 -34.0 29456 923.625 0
001 5.26462 -34.5 29962 923.625 0
001 1.19037 -34.0 40072 920.625 0
101 5.14190 -33.0 40083 920.625 0
101 5.13577 -33.0 40702 920.625 0
001 1.17810 -34.0 40724 920.625 0
101 5.09895 -33.0 41319 920.625 0
001 1.37445 -34.0 41385 920.625 0
101 4.48536 -33.5 41964 921.625 0
001 0.47860 -35.0 42039 921.625 0
101 4.44241 -33.5 42599 921.625 0
001 0.47247 -34.5 42697 921.625 0
101 4.35037 -33.5 43220 921.625 0
001 0.49701 -34.5 43345 921.625 0
101 3.62633 -33.5 43844 922.625 0
001 6.14819 -34.0 43990 922.625 0
101 3.63247 -33.5 44492 922.625 0
001 6.06229 -34.5 44666 922.625 0
101 3.67542 -34.0 45119 922.625 0
001 6.05002 -34.5 45323 922.625 0
101 2.92070 -34.0 45738 923.625 0
001 5.26462 -34.0 45993 923.625 0
101 2.95751 -34.0 46358 923.625 0
001 5.33825 -34.5 46675 923.625 0
101 2.89002 -33.5 46981 923.625 0
001 1.24559 -34.0 47334 920.625 0
101 5.19099 -33.0 47615 920.625 0
001 1.23332 -34.0 47986 920.625 0
101 5.14190 -33.0 48239 920.625 0
001 1.19037 -34.0 48657 920.625 0
101 5.15418 -33.0 48861 920.625 0
001 0.48474 -34.5 49310 921.625 0
101 4.38105 -33.5 49473 921.625 0
001 0.47247 -34.5 49958 921.625 0
