001 3.63860 -37.0 0 922.625 0
101 5.50392 -28.0 5 922.625 0
100 1.33763 -35.5 10 922.625 0
101 5.49165 -28.0 532 922.625 0
100 1.31309 -36.0 543 922.625 0
001 3.52202 -36.5 555 922.625 0
101 5.49165 -28.0 1059 922.625 0
100 1.28854 -36.0 1071 922.625 0
001 3.27658 -37.0 1115 922.625 0
101 5.49165 -28.0 1589 922.625 0
100 1.30695 -36.0 1598 922.625 0
001 3.61406 -37.0 1664 922.625 0
101 5.05600 -28.0 2118 923.625 0
100 0.66268 -36.5 2135 923.625 0
001 2.52800 -37.0 2229 923.625 0
101 5.04986 -28.5 2648 923.625 0
100 0.65654 -36.5 2676 923.625 0
001 2.50346 -37.0 2793 923.625 0
101 4.85352 -28.5 3182 923.625 0
100 0.68109 -36.5 3208 923.625 0
001 2.55254 -37.0 3335 923.625 0
101 0.96948 -26.5 3723 920.625 0
100 2.67526 -35.5 3740 920.625 0
001 5.09895 -36.5 3890 920.625 0
101 0.77313 -26.5 4255 920.625 0
100 2.61390 -35.5 4271 920.625 0
001 4.93328 -36.5 4448 920.625 0
101 0.81608 -26.5 4783 920.625 0
100 2.57709 -35.5 4800 920.625 0
001 4.93328 -37.0 4997 920.625 0
101 0.76699 -26.5 5307 920.625 0
100 2.60777 -35.5 5329 920.625 0
001 4.31969 -36.0 5545 921.625 0
101 6.24023 -28.0 5842 921.625 0
100 2.03713 -36.0 5857 921.625 0
001 4.47922 -37.0 6111 921.625 0
101 6.12365 -27.0 6377 921.625 0
100 1.71806 -35.0 6387 921.625 0
001 4.45468 -36.0 6662 921.625 0
101 6.13592 -27.5 6898 921.625 0
100 1.71192 -36.0 6919 921.625 0
001 3.57724 -36.0 7224 922.625 0
101 5.34439 -28.5 7425 922.625 0
100 1.19651 -36.5 7462 922.625 0
001 3.60179 -36.0 7773 922.625 0
101 5.35666 -28.0 7955 922.625 0
100 1.17196 -36.5 7993 922.625 0
001 3.60179 -36.0 8328 922.625 0
101 5.33825 -28.0 8474 922.625 0
100 1.25786 -36.5 8522 922.625 0
001 3.62019 -36.0 8871 922.625 0
101 4.54672 -29.0 8999 923.625 0
100 0.50315 -37.0 9053 923.625 0
001 2.77957 -36.5 9422 923.625 0
101 4.93942 -28.5 9530 923.625 0
100 0.53996 -37.0 9591 923.625 0
001 2.82866 -36.0 9970 923.625 0
001 5.95185 -37.0 20041 920.625 0
101 0.53383 -26.5 20046 920.625 0
100 2.22734 -36.0 20052 920.625 0
101 0.49701 -27.0 20576 920.625 0
100 2.08008 -37.0 20589 920.625 0
001 6.03775 -35.5 20594 920.625 0
101 0.44792 -27.5 21102 920.625 0
100 2.44823 -38.5 21123 920.625 0
001 6.06843 -35.0 21150 920.625 0
101 0.41111 -28.0 21631 920.625 0
100 2.00645 -38.0 21647 920.625 0
001 6.16047 -36.0 21701 920.625 0
101 6.00707 -28.5 22166 921.625 0
100 1.56466 -38.0 22187 921.625 0
001 4.43627 -36.0 22261 921.625 0
101 6.08684 -28.5 22690 921.625 0
100 1.69965 -38.0 22733 921.625 0
001 4.65717 -36.5 22810 921.625 0
101 6.09297 -29.0 23223 921.625 0
100 1.67511 -38.5 23266 921.625 0
001 4.66944 -37.0 23377 921.625 0
101 5.30757 -30.0 23761 922.625 0
100 1.15969 -39.0 23794 922.625 0
001 3.87790 -36.5 23928 922.625 0
101 5.28917 -29.5 24287 922.625 0
100 1.17810 -39.0 24329 922.625 0
001 3.77359 -37.0 24488 922.625 0
101 5.31985 -30.0 24811 922.625 0
100 1.21491 -39.0 24860 922.625 0
001 3.74905 -37.0 25048 922.625 0
101 5.36280 -30.0 25348 922.625 0
100 1.17196 -38.5 25392 922.625 0
001 2.95751 -37.0 25600 923.625 0
101 4.57126 -31.0 25889 923.625 0
100 0.56450 -39.5 25926 923.625 0
001 2.81639 -37.0 26162 923.625 0
101 4.55285 -30.5 26409 923.625 0
100 0.50928 -39.5 26452 923.625 0
001 2.95138 -37.0 26730 923.625 0
101 4.55899 -30.5 26937 923.625 0
100 0.65041 -39.5 26996 923.625 0
001 5.87821 -36.5 27282 920.625 0
101 0.54610 -28.5 27469 920.625 0
100 2.52186 -38.5 27523 920.625 0
001 5.52847 -36.5 27844 920.625 0
101 0.50315 -28.5 27993 920.625 0
100 2.35006 -38.5 28063 920.625 0
001 5.49165 -36.0 28394 920.625 0
101 0.54610 -28.5 28527 920.625 0
100 2.69981 -38.5 28586 920.625 0
001 5.29530 -36.0 28942 920.625 0
101 6.04388 -29.0 29063 921.625 0
100 1.88373 -38.5 29127 921.625 0
001 4.97623 -36.5 29501 921.625 0
101 6.08070 -29.5 29598 921.625 0
100 1.93895 -38.5 29672 921.625 0
100 1.23946 -38.5 40076 922.625 0
101 5.32598 -30.0 40081 922.625 0
001 3.65087 -36.5 40087 922.625 0
100 1.25786 -38.5 40607 922.625 0
101 5.30144 -30.0 40618 922.625 0
001 3.87177 -36.5 40634 922.625 0
100 1.28241 -38.5 41143 922.625 0
101 5.28303 -29.5 41160 922.625 0
001 3.82882 -36.5 41202 922.625 0
100 1.17196 -38.5 41675 922.625 0
101 5.33212 -30.0 41692 922.625 0
001 3.79200 -36.5 41766 922.625 0
100 0.59518 -38.5 42206 923.625 0
101 4.58353 -30.5 42222 923.625 0
001 2.90843 -36.5 42318 923.625 0
100 0.58291 -39.0 42735 923.625 0
101 4.54058 -30.5 42755 923.625 0
001 2.83480 -36.5 42883 923.625 0
100 0.55223 -38.5 43261 923.625 0
101 4.54058 -30.5 43286 923.625 0
001 2.95751 -37.0 43446 923.625 0
100 2.72435 -38.0 43792 920.625 0
101 0.49701 -28.5 43813 920.625 0
001 5.91503 -36.0 43995 920.625 0
100 2.49732 -38.0 44325 920.625 0
101 0.63200 -28.5 44351 920.625 0
001 5.48552 -36.0 44551 920.625 0
100 2.64458 -38.0 44863 920.625 0
101 0.53996 -28.5 44879 920.625 0
001 5.81686 -36.0 45113 920.625 0
100 2.74276 -38.0 45390 920.625 0
101 0.56450 -28.5 45420 920.625 0
001 4.54672 -36.0 45669 921.625 0
100 1.87146 -38.0 45930 921.625 0
101 6.04388 -29.5 45945 921.625 0
001 4.60194 -36.0 46225 921.625 0
100 1.82237 -38.0 46465 921.625 0
101 6.06843 -29.0 46476 921.625 0
001 4.49150 -36.0 46788 921.625 0
100 2.03713 -38.0 47000 921.625 0
101 6.05616 -29.5 47011 921.625 0
001 3.81041 -36.5 47337 922.625 0
100 1.27014 -38.5 47532 922.625 0
101 5.27689 -30.0 47549 922.625 0
001 3.89018 -36.5 47895 922.625 0
100 1.22718 -38.5 48059 922.625 0
101 5.28303 -29.5 48080 922.625 0
001 3.79200 -36.5 48462 922.625 0
100 1.18423 -38.0 48596 922.625 0
101 5.34439 -29.5 48637 922.625 0
001 3.73064 -36.5 49012 922.625 0
100 0.53996 -38.5 49138 923.625 0
101 4.58353 -30.5 49164 923.625 0
001 2.95751 -37.0 49576 923.625 0
100 0.52769 -38.5 49671 923.625 0
101 4.55899 -30.5 49698 923.625 0
