011 4.16629 -47.0 0 922.625 0
100 0.06136 -42.5 5 922.625 0
101 0.84062 -46.5 10 922.625 0
001 1.31309 -47.5 15 922.625 0
100 0.25157 -42.5 745 922.625 0
011 4.34423 -47.5 827 922.625 0
001 1.31309 -47.0 837 922.625 0
101 0.96948 -46.5 860 922.625 0
100 0.19021 -42.5 1499 922.625 0
001 1.34990 -47.5 1660 922.625 0
011 4.06198 -47.0 1665 922.625 0
101 0.95107 -47.0 1711 922.625 0
100 5.89662 -42.5 2243 923.625 0
001 0.61359 -47.5 2475 923.625 0
100 5.82299 -43.5 2981 923.625 0
100 1.69965 -43.5 3726 920.625 0
011 5.60823 -47.5 4136 920.625 0
101 2.20280 -46.0 4256 920.625 0
100 1.70579 -43.5 4472 920.625 0
011 5.65732 -47.5 4966 920.625 0
101 2.31324 -46.0 5119 920.625 0
100 1.68738 -43.5 5214 920.625 0
100 1.08606 -43.5 5966 921.625 0
101 1.28854 -46.0 5984 921.625 0
011 4.50377 -47.5 6625 921.625 0
100 1.15355 -43.5 6694 921.625 0
101 1.54012 -46.0 6829 921.625 0
100 0.13499 -43.5 7443 922.625 0
011 4.14175 -47.5 7458 922.625 0
101 0.58905 -46.5 7694 922.625 0
100 0.10431 -43.5 8185 922.625 0
011 4.17243 -47.5 8290 922.625 0
101 0.96334 -46.5 8561 922.625 0
100 0.06750 -43.5 8922 922.625 0
011 3.08637 -47.5 9123 923.625 0
101 6.18501 -47.0 9414 923.625 0
100 6.03775 -44.0 9674 923.625 0
011 3.09864 -47.5 9949 923.625 0
100 1.70579 -43.5 20045 920.625 0
101 2.03713 -46.0 20051 920.625 0
011 5.82299 -47.5 20056 920.625 0
100 1.70579 -43.5 20784 920.625 0
011 5.67573 -47.5 20886 920.625 0
101 2.00031 -46.0 20902 920.625 0
100 1.75487 -43.5 21520 920.625 0
011 5.46711 -47.5 21716 920.625 0
101 2.06781 -46.0 21747 920.625 0
100 1.28854 -43.5 22264 921.625 0
011 4.63262 -48.0 22551 921.625 0
101 1.74874 -46.0 22597 921.625 0
100 1.11674 -43.5 23001 921.625 0
011 4.63876 -47.5 23390 921.625 0
101 1.33763 -46.0 23455 921.625 0
100 0.10431 -43.5 23755 922.625 0
011 4.28901 -47.5 24226 922.625 0
101 0.55837 -46.5 24304 922.625 0
100 0.12272 -43.5 24506 922.625 0
011 3.98835 -48.0 25055 922.625 0
101 0.90198 -46.5 25157 922.625 0
100 0.23317 -43.5 25255 922.625 0
100 5.72482 -44.0 26002 923.625 0
101 6.27705 -47.5 26021 923.625 0
011 3.13546 -47.5 26710 923.625 0
100 5.86594 -44.0 26747 923.625 0
100 1.71806 -43.5 27489 920.625 0
011 5.70027 -47.5 27534 920.625 0
101 2.09849 -46.0 27727 920.625 0
100 1.70579 -43.5 28235 920.625 0
011 5.33212 -47.5 28360 920.625 0
101 2.19666 -46.0 28580 920.625 0
100 1.69965 -43.5 28969 920.625 0
011 4.70012 -47.5 29192 921.625 0
101 1.31309 -46.0 29434 921.625 0
100 1.39899 -43.5 29722 921.625 0
011 4.52831 -47.5 30019 921.625 0
101 0.92652 -46.5 40069 922.625 0
011 4.20924 -48.0 40075 922.625 0
100 0.07363 -43.5 40080 922.625 0
100 0.26384 -43.5 40816 922.625 0
011 3.90858 -47.5 40902 922.625 0
101 0.83449 -46.5 40927 922.625 0
100 0.19021 -43.5 41558 922.625 0
011 4.08039 -48.0 41724 922.625 0
101 0.71177 -46.5 41784 922.625 0
100 5.76163 -44.0 42307 923.625 0
101 6.16660 -47.5 42640 923.625 0
100 5.97639 -43.5 43046 923.625 0
011 3.14773 -48.0 43369 923.625 0
101 6.10524 -47.0 43498 923.625 0
100 1.70579 -43.5 43792 920.625 0
011 5.71254 -47.5 44194 920.625 0
101 2.14144 -46.0 44343 920.625 0
100 1.66897 -43.5 44522 920.625 0
011 5.35052 -47.5 45025 920.625 0
101 2.11689 -46.0 45207 920.625 0
100 1.60761 -43.5 45272 920.625 0
011 4.57740 -47.5 45858 921.625 0
100 1.22105 -43.5 46015 921.625 0
101 1.30082 -46.0 46060 921.625 0
100 1.13515 -43.5 46755 921.625 0
101 1.73033 -46.0 46917 921.625 0
100 0.27612 -43.5 47498 922.625 0
011 3.94540 -47.5 47509 922.625 0
101 0.80994 -46.5 47772 922.625 0
100 0.11045 -43.5 48245 922.625 0
011 4.06812 -47.5 48335 922.625 0
101 0.95107 -46.5 48625 922.625 0
100 0.08590 -43.5 48982 922.625 0
101 6.27091 -47.0 49489 923.625 0
100 5.91503 -44.0 49718 923.625 0
011 3.09864 -47.5 49985 923.625 0
