100 0.13499 -43.0 0 922.625 0
100 0.14726 -43.0 720 922.625 0
100 0.14726 -43.0 1445 922.625 0
100 5.81686 -43.0 2171 923.625 0
100 5.73095 -43.0 2913 923.625 0
100 1.63829 -42.5 3630 920.625 0
100 1.69351 -42.5 4366 920.625 0
100 1.69351 -42.5 5082 920.625 0
100 1.13515 -42.5 5805 921.625 0
100 1.18423 -42.5 6532 921.625 0
100 0.18408 -43.0 7264 922.625 0
100 0.12885 -43.0 7999 922.625 0
100 0.11045 -43.0 8724 922.625 0
100 5.84140 -43.0 9450 923.625 0
100 1.65670 -42.5 20061 920.625 0
100 1.69965 -42.5 20791 920.625 0
100 1.74874 -42.5 21522 920.625 0
100 1.15355 -42.5 22249 921.625 0
100 1.34377 -42.5 22972 921.625 0
100 0.15953 -43.0 23695 922.625 0
100 0.12885 -42.5 24413 922.625 0
100 0.17181 -42.5 25137 922.625 0
100 5.88435 -43.0 25867 923.625 0
100 5.76163 -43.0 26595 923.625 0
100 1.70579 -42.5 27323 920.625 0
100 1.69351 -42.5 28045 920.625 0
100 1.69965 -42.5 28782 920.625 0
100 0.96334 -42.5 29512 921.625 0
100 0.14726 -43.0 40099 922.625 0
100 0.19635 -43.0 40818 922.625 0
100 0.17181 -43.0 41544 922.625 0
100 6.05002 -43.0 42268 923.625 0
100 1.68124 -42.5 43718 920.625 0
100 1.69965 -42.5 44448 920.625 0
100 1.67511 -42.5 45175 920.625 0
100 1.32536 -42.5 45903 921.625 0
100 1.34990 -42.5 46633 921.625 0
100 0.04295 -43.0 47361 922.625 0
100 0.17181 -43.0 48095 922.625 0
100 0.04295 -43.0 48822 922.625 0
100 5.85367 -43.0 49556 923.625 0
