100 2.24575 -46.0 0 920.625 0
101 2.78571 -46.5 5 920.625 0
011 1.14128 -49.0 10 920.625 0
100 2.33165 -45.5 696 920.625 0
011 1.00016 -49.0 754 920.625 0
101 2.79185 -46.0 789 920.625 0
100 2.84707 -46.0 1393 920.625 0
011 0.88971 -49.0 1502 920.625 0
101 2.74889 -46.0 1575 920.625 0
100 1.40513 -45.5 2098 921.625 0
011 6.27705 -49.0 2246 921.625 0
101 1.99418 -46.0 2361 921.625 0
011 0.01841 -49.0 2985 921.625 0
101 1.92668 -46.0 3142 921.625 0
100 1.35604 -45.5 3472 921.625 0
011 5.66346 -49.0 3730 922.625 0
101 1.21491 -46.0 3923 922.625 0
100 0.98788 -45.5 4164 922.625 0
011 5.73095 -49.0 4481 922.625 0
101 1.20878 -46.0 4708 922.625 0
100 1.34377 -45.5 4859 922.625 0
011 5.59596 -49.0 5221 922.625 0
101 0.52155 -46.0 5490 923.625 0
100 6.16047 -46.0 5549 923.625 0
101 0.38043 -46.0 6271 923.625 0
011 4.69398 -49.5 6711 923.625 0
101 0.98175 -46.0 7049 923.625 0
011 1.27627 -49.0 7450 920.625 0
100 2.25802 -45.5 7607 920.625 0
101 2.76730 -46.0 7830 920.625 0
011 0.93880 -49.0 8190 920.625 0
100 2.34392 -45.5 8287 920.625 0
101 2.78571 -46.5 8614 920.625 0
011 1.25786 -49.0 8943 920.625 0
100 1.38058 -45.5 8982 921.625 0
101 2.01872 -46.0 9394 921.625 0
100 1.36831 -45.5 9668 921.625 0
011 0.00614 -49.5 9691 921.625 0
101 1.55852 -46.0 20038 922.625 0
011 6.00093 -49.0 20044 922.625 0
100 1.04924 -45.5 20049 922.625 0
100 0.97561 -46.0 20740 922.625 0
011 5.81072 -49.0 20788 922.625 0
101 1.30082 -46.0 20820 922.625 0
100 1.12901 -45.5 21423 922.625 0
011 5.65119 -49.0 21539 922.625 0
101 1.20878 -46.0 21602 922.625 0
101 0.39270 -46.0 22391 923.625 0
011 4.68171 -49.0 23032 923.625 0
101 0.42951 -46.0 23176 923.625 0
011 1.44194 -49.5 23773 920.625 0
101 2.75503 -46.0 23958 920.625 0
100 2.46051 -45.5 24188 920.625 0
011 1.24559 -49.5 24531 920.625 0
101 2.74889 -46.0 24738 920.625 0
100 2.49732 -45.5 24877 920.625 0
011 0.98788 -49.5 25288 920.625 0
101 1.95122 -46.0 25526 921.625 0
100 1.36831 -45.5 25564 921.625 0
100 1.34990 -45.5 26253 921.625 0
101 1.98190 -46.0 26306 921.625 0
011 0.00614 -49.5 26773 921.625 0
100 1.40513 -45.5 26949 921.625 0
101 1.91441 -46.0 27087 921.625 0
011 5.67573 -49.5 27518 922.625 0
100 1.00016 -46.0 27634 922.625 0
101 1.25173 -46.0 27866 922.625 0
011 5.93957 -49.5 28261 922.625 0
100 0.88971 -46.0 28318 922.625 0
101 1.14742 -46.0 28645 922.625 0
100 0.87744 -45.5 29004 922.625 0
011 4.69398 -49.0 29023 923.625 0
101 0.36816 -46.0 29426 923.625 0
100 6.11138 -46.0 29692 923.625 0
011 4.69398 -49.0 29764 923.625 0
100 2.39915 -46.0 40077 920.625 0
101 3.17227 -46.0 40082 920.625 0
011 0.94493 -49.0 40087 920.625 0
100 2.68140 -46.0 40765 920.625 0
011 0.91425 -49.5 40831 920.625 0
101 2.77957 -46.5 40857 920.625 0
100 2.53414 -45.5 41450 920.625 0
011 1.09219 -49.5 41570 920.625 0
101 2.80412 -46.0 41636 920.625 0
100 1.39285 -46.0 42141 921.625 0
011 0.00000 -49.5 42315 921.625 0
101 1.92668 -46.0 42419 921.625 0
100 1.38058 -45.5 42828 921.625 0
011 0.04909 -49.5 43063 921.625 0
101 1.93895 -46.0 43202 921.625 0
100 1.39285 -45.5 43508 921.625 0
011 5.70641 -49.5 43813 922.625 0
101 1.07992 -46.0 43987 922.625 0
100 0.85289 -46.0 44195 922.625 0
011 5.66959 -49.5 44567 922.625 0
101 1.30695 -46.0 44761 922.625 0
100 0.64427 -46.0 44881 922.625 0
011 5.88435 -49.0 45316 922.625 0
101 0.42338 -46.0 45545 923.625 0
100 6.09297 -46.0 45569 923.625 0
011 4.70625 -49.0 46068 923.625 0
100 6.12365 -46.0 46264 923.625 0
101 0.42951 -46.5 46320 923.625 0
011 4.69398 -49.0 46808 923.625 0
100 6.11752 -46.0 46962 923.625 0
101 0.50315 -46.0 47103 923.625 0
011 1.14128 -49.0 47560 920.625 0
100 2.35619 -46.0 47647 920.625 0
101 2.91456 -46.5 47881 920.625 0
011 0.98788 -49.0 48306 920.625 0
100 2.36233 -45.5 48339 920.625 0
101 2.81639 -46.5 48657 920.625 0
100 2.19052 -45.5 49031 920.625 0
011 6.25864 -49.5 49056 921.625 0
101 1.86532 -46.0 49435 921.625 0
100 1.36831 -45.5 49719 921.625 0
011 0.01227 -49.0 49796 921.625 0
