100 1.98190 -46.5 0 922.625 0
101 2.85934 -44.5 5 922.625 0
100 2.03713 -46.5 641 922.625 0
101 2.58322 -44.5 712 922.625 0
100 2.01258 -47.0 1283 922.625 0
101 2.73049 -45.0 1406 922.625 0
100 1.20264 -46.5 1942 923.625 0
101 1.75487 -44.5 2101 923.625 0
100 1.11060 -46.5 2586 923.625 0
101 1.73647 -44.5 2793 923.625 0
100 1.12287 -46.5 3223 923.625 0
101 1.74874 -44.5 3494 923.625 0
100 3.74291 -47.5 3866 920.625 0
101 4.16629 -45.5 4197 920.625 0
100 3.62633 -47.5 4509 920.625 0
101 4.12948 -45.0 4888 920.625 0
100 3.50975 -47.5 5150 920.625 0
101 3.19068 -45.0 5584 921.625 0
100 2.95138 -47.5 5796 921.625 0
101 3.20909 -45.0 6283 921.625 0
100 2.68140 -47.0 6431 921.625 0
101 3.23363 -45.0 6985 921.625 0
100 2.80412 -47.0 7072 921.625 0
101 2.56482 -45.0 7680 922.625 0
100 2.11689 -47.0 7712 922.625 0
100 2.13530 -46.5 8348 922.625 0
101 2.66299 -45.0 8382 922.625 0
100 1.21491 -47.0 8989 923.625 0
101 1.71192 -44.5 9081 923.625 0
100 1.42353 -46.5 9628 923.625 0
101 1.69965 -45.0 9786 923.625 0
100 3.54043 -47.5 20046 920.625 0
101 4.32583 -45.0 20051 920.625 0
100 3.49748 -47.5 20691 920.625 0
101 4.35037 -45.0 20752 920.625 0
100 3.71837 -47.5 21335 920.625 0
101 4.08652 -45.0 21447 920.625 0
100 2.66299 -47.0 21980 921.625 0
101 3.27658 -45.0 22143 921.625 0
100 2.66913 -47.0 22629 921.625 0
101 3.24590 -45.0 22849 921.625 0
100 2.79798 -47.0 23270 921.625 0
101 3.28272 -45.0 23544 921.625 0
100 2.07394 -46.5 23907 922.625 0
101 2.57709 -45.0 24253 922.625 0
100 2.10462 -46.5 24544 922.625 0
101 2.57095 -45.0 24954 922.625 0
100 2.03099 -46.5 25184 922.625 0
101 1.68738 -44.5 25655 923.625 0
100 1.41740 -46.5 25826 923.625 0
101 1.68738 -44.5 26357 923.625 0
100 1.10447 -46.5 26462 923.625 0
101 1.69965 -44.5 27061 923.625 0
100 1.61375 -46.5 27104 923.625 0
100 3.52202 -47.5 27746 920.625 0
101 4.34423 -45.0 27774 920.625 0
100 3.57111 -47.5 28386 920.625 0
101 4.22152 -45.0 28471 920.625 0
100 2.82252 -47.0 29033 921.625 0
101 3.31340 -45.0 29171 921.625 0
100 2.81025 -47.5 29672 921.625 0
101 3.29499 -45.0 29880 921.625 0
100 2.00645 -47.0 40092 922.625 0
101 2.63231 -45.0 40097 922.625 0
100 2.02485 -46.5 40734 922.625 0
101 2.69367 -45.0 40795 922.625 0
100 1.94509 -46.5 41374 922.625 0
101 2.66913 -45.0 41503 922.625 0
100 1.28241 -46.5 42019 923.625 0
101 1.69351 -44.5 42210 923.625 0
100 1.17810 -47.0 42659 923.625 0
101 1.61988 -44.5 42921 923.625 0
100 1.09219 -46.5 43304 923.625 0
101 1.69351 -44.5 43630 923.625 0
100 3.52202 -47.5 43941 920.625 0
101 4.18470 -45.0 44330 920.625 0
100 3.56497 -47.5 44577 920.625 0
101 4.42400 -45.0 45028 920.625 0
100 3.57111 -47.0 45219 920.625 0
101 3.30726 -45.0 45739 921.625 0
100 2.96365 -47.0 45857 921.625 0
101 3.27045 -45.0 46445 921.625 0
100 2.92070 -47.0 46498 921.625 0
100 2.84093 -47.0 47142 921.625 0
101 3.27658 -45.0 47151 921.625 0
100 1.94509 -47.0 47787 922.625 0
101 2.61390 -45.0 47854 922.625 0
100 1.95736 -47.0 48421 922.625 0
101 2.74889 -45.0 48563 922.625 0
100 1.22105 -46.5 49074 923.625 0
101 1.63216 -44.5 49260 923.625 0
100 1.07992 -46.5 49710 923.625 0
101 1.69351 -44.5 49964 923.625 0
