100 4.44854 -55.5 0 922.625 0
100 4.46082 -55.5 512 922.625 0
100 4.70012 -55.5 1023 922.625 0
100 4.88419 -55.5 1534 922.625 0
100 4.02517 -54.0 2051 923.625 0
100 3.68155 -54.0 2572 923.625 0
100 4.06812 -53.5 3086 923.625 0
100 5.89662 -60.0 3594 920.625 0
101 4.26447 -53.0 3605 920.625 0
100 5.91503 -60.0 4101 920.625 0
101 4.00062 -52.5 4159 920.625 0
100 5.78004 -59.5 4617 920.625 0
101 3.88404 -52.5 4709 920.625 0
100 5.87821 -60.0 5125 920.625 0
101 3.87177 -52.5 5265 920.625 0
100 4.98237 -57.0 5644 921.625 0
101 2.95138 -54.0 5789 921.625 0
100 5.21553 -57.0 6157 921.625 0
100 5.68800 -57.0 6677 921.625 0
100 4.46082 -55.5 7196 922.625 0
100 4.46695 -55.0 7711 922.625 0
100 4.43014 -55.5 8218 922.625 0
100 4.12948 -53.5 9250 923.625 0
100 3.72451 -54.0 9761 923.625 0
101 3.98835 -53.0 20038 920.625 0
100 5.95798 -59.5 20043 920.625 0
100 5.84753 -59.5 20563 920.625 0
101 4.04971 -52.5 20590 920.625 0
100 5.70027 -59.5 21082 920.625 0
101 4.03744 -53.0 21150 920.625 0
100 5.91503 -59.5 21590 920.625 0
101 3.76746 -53.0 21702 920.625 0
100 5.11736 -56.5 22104 921.625 0
100 5.25235 -56.5 22619 921.625 0
100 4.85352 -57.5 23135 921.625 0
100 4.46082 -54.5 23655 922.625 0
100 4.41786 -55.0 24164 922.625 0
100 4.62649 -55.0 24683 922.625 0
100 4.44241 -54.5 25194 922.625 0
100 3.80427 -53.5 25711 923.625 0
100 3.90858 -53.0 26230 923.625 0
100 3.66928 -53.0 26736 923.625 0
101 4.03744 -53.0 27230 920.625 0
100 6.14206 -59.5 27248 920.625 0
100 5.78618 -59.0 27759 920.625 0
101 4.36264 -53.0 27796 920.625 0
100 5.84753 -59.0 28268 920.625 0
101 4.16629 -52.5 28358 920.625 0
100 5.86594 -59.5 28784 920.625 0
101 3.81041 -52.5 28912 920.625 0
100 5.19099 -56.5 29294 921.625 0
100 5.16645 -56.0 29799 921.625 0
100 4.47922 -54.5 40088 922.625 0
100 4.50377 -54.0 40607 922.625 0
100 4.87806 -54.5 41121 922.625 0
100 4.50377 -54.0 41630 922.625 0
100 4.00676 -50.0 42151 923.625 0
100 4.03744 -50.5 42657 923.625 0
100 4.25219 -48.5 43161 923.625 0
100 6.03161 -53.5 43680 920.625 0
100 5.43643 -48.5 44191 920.625 0
101 4.63876 -47.5 44224 920.625 0
100 5.80458 -56.0 44693 920.625 0
101 4.24606 -53.0 44833 920.625 0
100 5.83526 -66.0 45215 920.625 0
100 5.70641 -57.0 45739 921.625 0
100 5.33212 -56.5 46254 921.625 0
100 5.13577 -56.5 46774 921.625 0
100 4.46695 -55.0 47291 922.625 0
101 2.78571 -52.5 48033 922.625 0
100 4.68171 -54.0 48322 922.625 0
101 2.66913 -52.5 48497 922.625 0
100 4.18470 -53.0 48841 922.625 0
100 3.35021 -52.0 49359 923.625 0
100 3.81654 -52.5 49884 923.625 0
