100 5.86594 -50.0 0 922.625 0
001 2.68140 -46.0 6 922.625 0
101 5.76777 -47.0 11 922.625 0
001 2.78571 -46.0 369 922.625 0
100 0.14726 -50.0 379 922.625 0
101 5.92730 -47.0 397 922.625 0
001 2.69367 -45.5 736 922.625 0
100 6.08684 -50.0 750 922.625 0
101 5.60823 -47.0 782 922.625 0
001 2.76730 -46.0 1107 922.625 0
100 0.06136 -50.0 1127 922.625 0
101 5.73095 -47.0 1172 922.625 0
001 3.06183 -45.5 1481 922.625 0
100 6.10524 -50.0 1499 922.625 0
101 5.74936 -47.0 1568 922.625 0
001 1.91441 -46.0 1849 923.625 0
100 5.17258 -49.0 1875 923.625 0
101 4.73080 -46.5 1953 923.625 0
001 2.26416 -45.5 2216 923.625 0
100 5.10509 -49.0 2250 923.625 0
101 4.69398 -46.5 2337 923.625 0
001 2.69981 -46.0 2592 923.625 0
100 5.14804 -49.0 2619 923.625 0
101 4.70012 -46.5 2727 923.625 0
001 2.42369 -45.5 2958 923.625 0
100 5.09895 -49.0 2995 923.625 0
101 4.71852 -46.5 3118 923.625 0
001 2.06781 -46.0 3327 923.625 0
100 5.68186 -49.0 3369 923.625 0
101 4.70625 -46.5 3498 923.625 0
001 4.54672 -45.5 3698 920.625 0
101 0.97561 -48.0 3885 920.625 0
001 4.38105 -45.0 4078 920.625 0
101 0.90198 -48.0 4273 920.625 0
001 4.23379 -45.5 4447 920.625 0
101 1.14128 -48.0 4667 920.625 0
001 4.29515 -45.0 4818 920.625 0
101 1.00016 -48.0 5051 920.625 0
001 4.34423 -45.5 5181 920.625 0
100 0.66268 -50.5 5386 921.625 0
101 0.03682 -47.5 5446 921.625 0
001 3.49748 -45.5 5556 921.625 0
100 0.41724 -50.5 5771 921.625 0
101 0.01841 -47.5 5837 921.625 0
001 3.29499 -45.5 5927 921.625 0
100 0.49701 -50.5 6147 921.625 0
101 0.00000 -47.5 6233 921.625 0
001 3.59565 -45.5 6297 921.625 0
100 0.61973 -50.5 6524 921.625 0
101 0.08590 -47.5 6618 921.625 0
001 3.22750 -45.5 6669 921.625 0
100 0.83449 -50.5 6907 921.625 0
101 0.01841 -47.5 7004 921.625 0
001 3.68155 -45.5 7042 921.625 0
100 0.03682 -49.5 7283 922.625 0
101 5.81072 -47.0 7394 922.625 0
001 2.69367 -46.0 7408 922.625 0
100 5.89049 -49.5 7665 922.625 0
001 2.68753 -45.5 7779 922.625 0
101 5.93957 -47.0 7788 922.625 0
100 5.93344 -49.5 8039 922.625 0
001 2.77344 -46.0 8152 922.625 0
101 5.80458 -47.0 8175 922.625 0
100 5.90276 -49.5 8413 922.625 0
001 2.78571 -45.5 8530 922.625 0
101 5.74322 -47.0 8558 922.625 0
100 5.95798 -49.5 8792 922.625 0
001 2.73049 -46.0 8903 922.625 0
101 5.78004 -47.0 8952 922.625 0
100 4.93942 -48.5 9172 923.625 0
001 1.98804 -45.5 9273 923.625 0
101 4.65717 -46.5 9338 923.625 0
100 5.35666 -48.5 9549 923.625 0
001 1.85918 -45.5 9647 923.625 0
101 4.68171 -46.5 9725 923.625 0
100 4.97010 -48.5 9923 923.625 0
101 1.19037 -48.0 20046 920.625 0
001 4.28901 -45.5 20053 920.625 0
001 4.33810 -45.5 20424 920.625 0
100 1.63216 -51.5 20433 920.625 0
101 1.17196 -48.0 20443 920.625 0
001 4.30128 -45.5 20794 920.625 0
100 1.21491 -51.5 20812 920.625 0
101 1.00016 -48.0 20835 920.625 0
001 4.25219 -45.5 21169 920.625 0
100 1.06765 -51.5 21192 920.625 0
101 0.96948 -48.0 21224 920.625 0
001 4.69398 -45.5 21540 920.625 0
100 1.21491 -51.5 21573 920.625 0
101 1.13515 -48.0 21616 920.625 0
001 3.38089 -46.0 21917 921.625 0
100 0.52155 -50.5 21955 921.625 0
101 6.27705 -47.5 22015 921.625 0
001 3.36249 -45.5 22294 921.625 0
100 0.36202 -50.0 22334 921.625 0
101 6.27705 -47.5 22405 921.625 0
001 3.46066 -46.0 22661 921.625 0
100 0.29452 -50.0 22720 921.625 0
101 0.01841 -47.5 22804 921.625 0
001 3.53429 -45.5 23031 921.625 0
100 0.42951 -50.0 23099 921.625 0
001 3.29499 -46.0 23399 921.625 0
100 0.17181 -50.0 23486 921.625 0
101 6.24637 -47.5 23582 921.625 0
001 2.77957 -46.0 23778 922.625 0
100 5.75550 -49.5 23863 922.625 0
101 5.67573 -47.0 23973 922.625 0
001 2.63845 -46.0 24151 922.625 0
100 6.24023 -49.0 24242 922.625 0
101 5.66959 -46.5 24374 922.625 0
001 2.87775 -46.0 24517 922.625 0
100 5.90889 -49.5 24622 922.625 0
101 5.63891 -46.5 24759 922.625 0
001 2.85320 -46.0 24888 922.625 0
100 5.78618 -49.5 25006 922.625 0
101 5.65732 -46.5 25161 922.625 0
001 2.76730 -46.0 25256 922.625 0
100 5.98866 -49.5 25378 922.625 0
001 2.34392 -46.0 25626 923.625 0
100 4.84124 -48.5 25761 923.625 0
101 4.62649 -46.0 25944 923.625 0
001 1.74260 -46.0 26003 923.625 0
100 4.83511 -48.5 26141 923.625 0
101 4.67557 -46.0 26340 923.625 0
001 1.93282 -46.0 26379 923.625 0
100 4.81056 -48.5 26526 923.625 0
101 4.65717 -46.0 26744 923.625 0
001 1.77328 -46.0 26753 923.625 0
100 4.90260 -48.5 26906 923.625 0
001 1.87146 -46.0 27130 923.625 0
101 4.63876 -46.0 27143 923.625 0
100 1.55852 -51.0 27286 920.625 0
001 4.30128 -45.5 27504 920.625 0
101 0.98175 -48.0 27536 920.625 0
100 1.26400 -51.5 27669 920.625 0
001 4.38719 -45.5 27878 920.625 0
101 1.03084 -48.0 27928 920.625 0
100 1.22718 -51.0 28052 920.625 0
001 4.22152 -45.5 28253 920.625 0
101 0.97561 -47.5 28323 920.625 0
100 1.36831 -51.0 28433 920.625 0
001 4.43014 -45.5 28630 920.625 0
101 0.87744 -48.0 28718 920.625 0
100 1.29468 -51.0 28820 920.625 0
001 4.31355 -45.5 28997 920.625 0
101 6.27091 -47.5 29116 921.625 0
100 0.47247 -50.0 29202 921.625 0
001 3.38089 -45.5 29377 921.625 0
101 0.01841 -47.5 29520 921.625 0
100 0.23930 -50.0 29582 921.625 0
001 3.17227 -45.5 29746 921.625 0
101 6.25864 -47.5 29904 921.625 0
100 0.77926 -50.5 29963 921.625 0
101 5.70641 -46.5 40089 922.625 0
100 6.03775 -49.5 40095 922.625 0
001 2.73049 -46.5 40100 922.625 0
100 6.01934 -49.0 40471 922.625 0
101 5.47938 -46.0 40480 922.625 0
001 2.90229 -46.0 40490 922.625 0
100 5.85981 -49.0 40849 922.625 0
001 2.79798 -46.5 40872 922.625 0
101 5.60823 -46.0 40883 922.625 0
100 5.88435 -49.5 41231 922.625 0
001 2.78571 -46.0 41245 922.625 0
101 5.77390 -46.0 41279 922.625 0
100 6.01934 -49.0 41615 922.625 0
001 2.71821 -46.5 41624 922.625 0
101 5.75550 -46.0 41679 922.625 0
001 1.77942 -46.0 41998 923.625 0
100 4.87806 -48.5 42003 923.625 0
001 1.84691 -46.5 42374 923.625 0
100 4.82284 -48.5 42384 923.625 0
101 4.52218 -45.5 42477 923.625 0
001 1.74260 -46.0 42752 923.625 0
100 4.68785 -48.5 42770 923.625 0
101 4.59581 -45.5 42866 923.625 0
001 1.92054 -46.5 43125 923.625 0
100 4.78602 -48.5 43156 923.625 0
001 1.97577 -46.5 43503 923.625 0
100 4.72466 -48.5 43542 923.625 0
101 4.53445 -45.5 43656 923.625 0
001 4.14175 -46.0 43883 920.625 0
100 1.01856 -51.0 43924 920.625 0
101 1.02470 -47.5 44053 920.625 0
001 4.25219 -45.5 44269 920.625 0
100 1.00629 -51.0 44306 920.625 0
101 0.96948 -47.5 44449 920.625 0
001 4.23379 -46.0 44649 920.625 0
100 1.17196 -51.0 44693 920.625 0
101 1.14742 -47.5 44851 920.625 0
001 4.33196 -45.5 45020 920.625 0
100 1.03697 -51.0 45083 920.625 0
101 0.87130 -47.0 45242 920.625 0
001 4.19084 -46.0 45393 920.625 0
100 0.17794 -50.0 45470 921.625 0
001 3.28272 -46.0 45776 921.625 0
100 0.19635 -50.0 45855 921.625 0
001 3.36862 -46.0 46150 921.625 0
100 0.11045 -50.0 46237 921.625 0
001 3.27658 -46.0 46530 921.625 0
100 0.08590 -50.0 46627 921.625 0
001 3.42385 -46.0 46911 921.625 0
100 0.21476 -50.0 47010 921.625 0
001 2.90843 -46.0 47293 922.625 0
100 6.18501 -49.0 47389 922.625 0
101 5.61437 -46.0 47611 922.625 0
001 2.70594 -46.5 47672 922.625 0
100 6.17887 -49.0 47768 922.625 0
101 5.54074 -46.0 48011 922.625 0
001 2.60163 -46.0 48042 922.625 0
100 5.73709 -49.5 48146 922.625 0
101 5.81072 -46.0 48404 922.625 0
001 2.69367 -46.5 48422 922.625 0
100 5.75550 -49.0 48521 922.625 0
001 2.66299 -46.0 48793 922.625 0
101 5.60210 -46.0 48802 922.625 0
100 5.71254 -49.0 48901 922.625 0
001 1.90827 -46.5 49176 923.625 0
101 4.60194 -45.5 49207 923.625 0
100 4.78602 -48.5 49284 923.625 0
001 1.60761 -46.5 49559 923.625 0
101 4.54058 -45.5 49604 923.625 0
100 4.77988 -48.5 49664 923.625 0
001 1.70579 -46.5 49933 923.625 0
100 4.81670 -48.5 50047 923.625 0
