001 5.22167 -48.5 0 920.625 0
001 5.22167 -48.5 726 920.625 0
001 5.18486 -49.5 1464 920.625 0
100 5.93344 -50.0 1469 920.625 0
100 5.80458 -50.5 7133 920.625 0
001 5.09282 -50.0 7138 920.625 0
001 5.22167 -50.0 7873 920.625 0
100 5.82299 -50.0 7883 920.625 0
001 5.09895 -50.0 8602 920.625 0
100 5.72482 -50.5 8625 920.625 0
100 5.55915 -50.0 23595 920.625 0
101 3.63247 -52.0 23604 920.625 0
100 5.25849 -50.0 24338 920.625 0
101 3.76132 -51.0 24343 920.625 0
101 3.60179 -51.0 25071 920.625 0
100 5.34439 -50.5 25080 920.625 0
101 2.83480 -51.5 26887 921.625 0
101 3.31340 -49.5 40027 920.625 0
100 4.77988 -50.5 40032 920.625 0
101 3.53429 -50.0 40753 920.625 0
100 4.68785 -51.0 40771 920.625 0
101 3.40544 -49.5 41482 920.625 0
100 4.71852 -51.0 41521 920.625 0
101 2.88388 -50.0 42205 921.625 0
101 2.77344 -49.5 42935 921.625 0
101 2.00031 -51.0 43661 922.625 0
101 1.98190 -51.0 44387 922.625 0
101 2.07394 -50.5 45114 922.625 0
101 1.31922 -51.5 45841 923.625 0
101 1.41126 -51.5 46577 923.625 0
101 3.39930 -49.5 47295 920.625 0
101 3.28272 -49.5 48017 920.625 0
100 4.54672 -51.0 48336 920.625 0
101 3.25818 -49.0 48748 920.625 0
101 3.05569 -49.5 49476 921.625 0
