100 4.49150 -40.0 0 920.625 0
001 0.50315 -45.0 5 920.625 0
100 4.54672 -40.5 676 920.625 0
001 0.57064 -44.5 685 920.625 0
100 4.55285 -40.5 1358 920.625 0
001 0.46019 -45.0 1363 920.625 0
100 4.24606 -40.0 2031 921.625 0
100 4.17856 -40.0 2697 921.625 0
001 6.22796 -45.5 2803 921.625 0
100 4.00062 -40.0 3377 921.625 0
001 6.12365 -45.0 3479 921.625 0
100 3.40544 -40.0 4049 922.625 0
001 5.54074 -45.5 4149 922.625 0
100 3.39930 -40.0 4725 922.625 0
001 5.41802 -45.5 4815 922.625 0
100 2.63231 -39.5 5392 923.625 0
001 4.82284 -45.0 5481 923.625 0
100 2.44210 -39.5 6062 923.625 0
001 4.77375 -45.0 6156 923.625 0
100 2.81639 -39.5 6739 923.625 0
001 4.77375 -45.0 6834 923.625 0
001 1.09219 -44.5 7502 920.625 0
001 0.82835 -44.5 8175 920.625 0
100 4.62035 -40.0 8755 920.625 0
001 1.09219 -44.0 8840 920.625 0
100 4.24606 -40.0 9426 921.625 0
001 6.27091 -44.0 9506 921.625 0
001 5.78004 -36.5 20052 922.625 0
100 3.95153 -49.5 20058 922.625 0
001 5.84753 -36.5 20706 922.625 0
100 3.82268 -49.5 20752 922.625 0
001 5.95185 -36.5 21370 922.625 0
100 4.05585 -49.5 21437 922.625 0
001 5.30757 -36.0 22030 923.625 0
100 3.37476 -48.5 22123 923.625 0
001 5.12963 -36.5 22695 923.625 0
100 3.31340 -49.0 22809 923.625 0
001 5.21553 -36.0 23342 923.625 0
100 3.20295 -49.0 23497 923.625 0
001 0.76085 -36.5 24005 920.625 0
001 0.79153 -36.5 24666 920.625 0
001 0.87130 -36.5 25322 920.625 0
001 0.12272 -36.5 25988 921.625 0
001 0.03682 -36.5 26641 921.625 0
100 3.87177 -50.0 27238 922.625 0
001 5.85367 -36.5 27309 922.625 0
100 4.03744 -50.0 27928 922.625 0
001 5.78004 -36.5 27965 922.625 0
100 4.09266 -50.0 28620 922.625 0
001 5.81686 -36.5 28648 922.625 0
100 3.27045 -48.5 29303 923.625 0
001 5.07441 -36.5 29318 923.625 0
001 4.99464 -36.5 29973 923.625 0
100 3.28272 -48.5 29986 923.625 0
001 1.14742 -36.5 40093 920.625 0
001 1.03697 -36.0 40762 920.625 0
001 1.10447 -36.5 41410 920.625 0
001 0.20249 -36.0 42079 921.625 0
001 0.07363 -36.5 42744 921.625 0
001 0.07977 -36.5 43395 921.625 0
100 4.03744 -50.5 43682 922.625 0
001 5.76163 -36.5 44053 922.625 0
100 4.12334 -50.0 44369 922.625 0
001 6.00093 -36.0 44710 922.625 0
100 4.06198 -50.0 45057 922.625 0
001 5.78618 -36.5 45383 922.625 0
100 3.18454 -49.0 45746 923.625 0
001 4.98851 -36.5 46038 923.625 0
100 3.17841 -48.5 46434 923.625 0
001 4.81670 -36.5 46695 923.625 0
100 3.18454 -48.5 47124 923.625 0
001 1.14742 -36.5 47348 920.625 0
001 1.02470 -36.5 48010 920.625 0
001 1.03084 -36.5 48660 920.625 0
001 0.07363 -36.5 49318 921.625 0
001 0.06136 -36.5 49975 921.625 0
