001 0.30066 -43.0 0 922.625 0
100 3.33181 -40.5 5 922.625 0
101 3.51588 -48.0 10 922.625 0
001 0.31907 -43.0 598 922.625 0
100 3.36249 -40.5 620 922.625 0
101 3.49134 -48.0 632 922.625 0
001 0.29452 -42.5 1204 922.625 0
100 3.12318 -40.5 1233 922.625 0
101 3.54043 -47.5 1253 922.625 0
001 5.88435 -43.5 1803 923.625 0
100 2.68753 -40.5 1861 923.625 0
101 2.93911 -48.0 1870 923.625 0
001 5.85367 -43.5 2400 923.625 0
100 2.85320 -40.5 2474 923.625 0
101 2.80412 -48.0 2488 923.625 0
001 5.92117 -43.0 2991 923.625 0
100 2.69367 -40.0 3097 923.625 0
101 2.85320 -48.0 3111 923.625 0
001 1.46649 -42.0 3595 920.625 0
100 4.52831 -39.0 3709 920.625 0
101 4.84738 -47.5 3727 920.625 0
001 1.47262 -41.5 4192 920.625 0
100 4.52831 -39.0 4330 920.625 0
101 4.89647 -47.5 4344 920.625 0
001 1.47876 -41.5 4789 920.625 0
100 4.49763 -39.0 4950 920.625 0
101 4.88419 -47.5 4964 920.625 0
001 0.77926 -42.5 5393 921.625 0
100 3.86563 -40.0 5573 921.625 0
101 4.09266 -48.0 5583 921.625 0
001 0.85289 -42.5 5990 921.625 0
100 3.75518 -39.5 6198 921.625 0
101 4.02517 -47.5 6203 921.625 0
001 0.84062 -42.5 6592 921.625 0
100 3.81654 -39.5 6814 921.625 0
101 4.03744 -47.5 6823 921.625 0
001 0.28225 -43.0 7192 922.625 0
100 3.27045 -40.0 7424 922.625 0
101 3.61406 -48.0 7443 922.625 0
001 0.44792 -43.0 7790 922.625 0
100 3.18454 -40.0 8034 922.625 0
101 3.55270 -48.0 8062 922.625 0
001 0.37429 -42.5 8389 922.625 0
100 3.23977 -40.0 8644 922.625 0
101 3.63247 -48.0 8679 922.625 0
001 5.93957 -43.0 8994 923.625 0
100 2.73049 -40.0 9261 923.625 0
101 2.65072 -48.0 9295 923.625 0
001 5.94571 -43.5 9592 923.625 0
100 2.35619 -40.0 9874 923.625 0
101 2.87775 -48.5 9916 923.625 0
101 4.85352 -47.5 20033 920.625 0
100 4.53445 -39.0 20038 920.625 0
001 1.58307 -42.0 20043 920.625 0
100 4.51604 -38.5 20644 920.625 0
001 1.57693 -42.0 20650 920.625 0
101 4.85965 -47.5 20659 920.625 0
001 1.55852 -42.5 21245 920.625 0
100 4.42400 -38.5 21254 920.625 0
101 4.95169 -47.5 21277 920.625 0
001 1.07379 -42.5 21844 921.625 0
100 3.77973 -39.0 21863 921.625 0
101 4.03130 -48.0 21898 921.625 0
001 0.92652 -42.5 22442 921.625 0
100 3.73064 -39.0 22473 921.625 0
101 4.10493 -47.5 22514 921.625 0
001 0.82835 -42.5 23042 921.625 0
100 3.75518 -39.0 23084 921.625 0
101 4.08039 -48.0 23139 921.625 0
001 0.61973 -43.5 23653 922.625 0
100 3.15386 -39.5 23694 922.625 0
101 3.70610 -47.5 23758 922.625 0
001 0.41724 -43.0 24251 922.625 0
100 3.05569 -39.0 24307 922.625 0
101 3.57724 -47.5 24374 922.625 0
001 0.34361 -43.0 24854 922.625 0
100 3.42998 -39.0 24927 922.625 0
101 3.52202 -48.0 24988 922.625 0
001 6.03775 -43.0 25465 923.625 0
100 2.58936 -39.5 25540 923.625 0
101 2.71821 -48.0 25611 923.625 0
001 5.97639 -43.5 26067 923.625 0
100 2.67526 -39.5 26169 923.625 0
101 2.81025 -48.5 26233 923.625 0
001 5.98866 -43.5 26684 923.625 0
100 2.60777 -39.5 26777 923.625 0
101 2.76117 -48.0 26851 923.625 0
001 1.52784 -42.0 27288 920.625 0
100 4.42400 -38.5 27387 920.625 0
101 4.74920 -47.5 27471 920.625 0
001 1.55239 -42.0 27877 920.625 0
100 4.44854 -38.5 28001 920.625 0
101 4.79829 -47.5 28093 920.625 0
001 1.57693 -42.0 28470 920.625 0
100 4.42400 -38.5 28616 920.625 0
101 4.89033 -47.5 28716 920.625 0
001 0.92039 -42.5 29053 921.625 0
100 3.71223 -39.0 29243 921.625 0
101 4.34423 -48.0 29338 921.625 0
001 0.92039 -42.5 29652 921.625 0
100 3.73678 -39.0 29851 921.625 0
101 4.18470 -48.0 29960 921.625 0
001 0.42338 -43.0 40057 922.625 0
100 3.09864 -39.0 40062 922.625 0
101 3.60792 -48.0 40067 922.625 0
001 0.42338 -43.5 40661 922.625 0
100 3.07410 -39.0 40671 922.625 0
101 3.44839 -48.0 40686 922.625 0
001 0.48474 -43.0 41266 922.625 0
100 3.44839 -39.5 41280 922.625 0
101 3.49134 -48.0 41303 922.625 0
001 5.98253 -43.5 41872 923.625 0
100 2.38074 -39.5 41905 923.625 0
101 2.93297 -48.0 41929 923.625 0
001 6.03775 -43.5 42464 923.625 0
100 2.47891 -39.5 42526 923.625 0
101 2.70594 -48.5 42550 923.625 0
001 5.98253 -43.5 43072 923.625 0
100 2.44823 -39.5 43137 923.625 0
101 2.68753 -48.0 43166 923.625 0
001 1.56466 -42.0 43667 920.625 0
100 4.39946 -38.5 43770 920.625 0
101 4.73080 -47.5 43784 920.625 0
001 1.55852 -42.0 44269 920.625 0
100 4.41173 -38.5 44397 920.625 0
101 4.95169 -48.0 44407 920.625 0
001 1.55239 -42.0 44862 920.625 0
100 4.41173 -38.5 45010 920.625 0
101 4.92715 -48.0 45028 920.625 0
001 0.89584 -42.5 45461 921.625 0
100 3.65701 -39.0 45627 921.625 0
101 4.03744 -48.0 45654 921.625 0
001 0.94493 -42.5 46058 921.625 0
100 3.66315 -39.0 46247 921.625 0
101 4.09880 -48.0 46274 921.625 0
001 0.90812 -42.5 46659 921.625 0
101 4.30742 -48.0 46893 921.625 0
001 0.55837 -42.5 47256 922.625 0
100 3.25818 -39.0 47470 922.625 0
101 3.43612 -48.5 47517 922.625 0
001 0.42338 -43.0 47863 922.625 0
100 3.14159 -39.0 48079 922.625 0
101 3.79814 -47.5 48135 922.625 0
001 0.70563 -43.0 48458 922.625 0
100 2.92684 -39.0 48688 922.625 0
101 3.54043 -48.0 48756 922.625 0
001 5.99480 -43.0 49057 923.625 0
100 2.41755 -39.5 49295 923.625 0
101 2.82866 -48.0 49377 923.625 0
001 6.02548 -43.0 49658 923.625 0
100 2.36233 -39.5 49907 923.625 0
101 2.71821 -48.0 50004 923.625 0
