101 6.07456 -54.0 0 920.625 0
001 4.55285 -31.5 5 920.625 0
100 3.57111 -50.5 11 920.625 0
001 4.59581 -31.5 645 920.625 0
100 3.55270 -50.5 656 920.625 0
101 5.80458 -53.5 661 920.625 0
001 4.54672 -31.5 1197 920.625 0
100 3.57724 -50.5 1225 920.625 0
101 5.89049 -54.0 1240 920.625 0
100 2.85934 -48.0 1797 921.625 0
101 5.39961 -54.5 1823 921.625 0
001 4.08039 -31.5 2313 921.625 0
100 2.76117 -48.0 2377 921.625 0
101 5.63891 -54.5 2400 921.625 0
001 4.47309 -31.5 2866 921.625 0
100 2.81639 -47.5 2963 921.625 0
101 5.32598 -54.0 2979 921.625 0
001 4.20311 -31.0 3425 921.625 0
101 5.41188 -54.5 3555 921.625 0
001 3.27045 -31.0 3984 922.625 0
100 2.65685 -43.5 4117 922.625 0
101 4.90260 -52.5 4134 922.625 0
001 3.44839 -31.5 4544 922.625 0
100 2.71821 -42.0 4695 922.625 0
101 4.74307 -52.5 4717 922.625 0
001 3.49748 -31.0 5100 922.625 0
100 2.90843 -42.5 5270 922.625 0
101 4.83511 -52.0 5297 922.625 0
001 2.91456 -31.0 5657 923.625 0
100 1.71192 -41.5 5851 923.625 0
101 4.25219 -52.5 5880 923.625 0
001 3.06183 -31.0 6221 923.625 0
100 1.68124 -41.5 6432 923.625 0
101 4.22765 -52.5 6460 923.625 0
001 2.76117 -31.0 6780 923.625 0
100 1.65670 -41.5 7008 923.625 0
101 4.38719 -52.0 7042 923.625 0
001 4.77988 -31.5 7326 920.625 0
001 4.87806 -31.5 7885 920.625 0
100 4.52218 -45.5 8172 920.625 0
101 6.01934 -52.5 8195 920.625 0
001 4.90874 -31.5 8443 920.625 0
001 4.26447 -31.0 9000 921.625 0
100 3.53429 -44.5 9344 921.625 0
101 5.81686 -52.5 9354 921.625 0
001 4.16016 -31.0 9554 921.625 0
100 3.61406 -44.0 9933 921.625 0
101 5.75550 -52.5 9938 921.625 0
001 3.18454 -31.0 20041 922.625 0
100 2.65685 -44.0 20047 922.625 0
101 4.78602 -52.0 20052 922.625 0
001 3.31340 -31.0 20601 922.625 0
100 2.62004 -43.5 20634 922.625 0
101 4.85965 -52.5 20640 922.625 0
001 3.28885 -31.0 21166 922.625 0
100 2.57709 -44.0 21215 922.625 0
101 5.39961 -54.5 21224 922.625 0
001 3.43612 -31.5 21719 922.625 0
100 2.79798 -44.0 21799 922.625 0
001 2.67526 -31.5 22284 923.625 0
100 1.70579 -43.0 22374 923.625 0
001 2.57709 -31.5 22847 923.625 0
100 1.65056 -43.0 22957 923.625 0
001 2.67526 -31.5 23407 923.625 0
100 1.60761 -43.0 23540 923.625 0
001 4.87192 -32.0 23966 920.625 0
100 4.84738 -47.5 24121 920.625 0
001 4.93942 -32.5 24525 920.625 0
100 4.85965 -47.5 24705 920.625 0
001 4.98237 -32.5 25078 920.625 0
100 4.92101 -47.5 25282 920.625 0
001 4.23992 -32.5 25639 921.625 0
100 3.74905 -46.5 25866 921.625 0
001 4.41786 -32.0 26191 921.625 0
100 3.89631 -47.0 26451 921.625 0
001 4.27060 -32.5 26751 921.625 0
100 4.06198 -47.0 27025 921.625 0
001 3.30726 -32.0 27319 922.625 0
100 2.85934 -45.0 27603 922.625 0
001 3.27045 -32.0 27877 922.625 0
100 2.91456 -45.0 28189 922.625 0
001 3.33794 -32.0 28442 922.625 0
100 2.89616 -45.5 28769 922.625 0
001 2.94524 -32.5 29021 923.625 0
100 1.75487 -44.0 29351 923.625 0
001 2.68140 -32.5 29596 923.625 0
100 2.00645 -43.5 29943 923.625 0
001 5.11736 -33.5 40071 920.625 0
100 5.14804 -49.0 40077 920.625 0
001 5.10509 -33.5 40639 920.625 0
100 5.08054 -49.0 40662 920.625 0
001 5.20940 -33.5 41204 920.625 0
100 5.09282 -49.0 41252 920.625 0
001 5.52233 -33.5 41771 920.625 0
100 5.13577 -49.5 41838 920.625 0
001 4.28287 -33.0 42334 921.625 0
100 4.22765 -48.5 42416 921.625 0
001 4.50377 -33.0 42897 921.625 0
100 4.03130 -48.5 42997 921.625 0
001 4.43627 -33.0 43462 921.625 0
100 4.31969 -48.5 43572 921.625 0
001 3.30113 -33.0 44027 922.625 0
100 2.85934 -46.5 44161 922.625 0
001 3.18454 -33.5 44585 922.625 0
001 3.33181 -33.5 45152 922.625 0
100 2.95138 -47.0 45327 922.625 0
001 2.92070 -33.0 45717 923.625 0
100 1.81623 -45.0 45918 923.625 0
001 2.66913 -33.0 46285 923.625 0
100 1.96350 -45.0 46493 923.625 0
001 2.62618 -33.0 46842 923.625 0
100 1.90214 -45.0 47079 923.625 0
001 5.17872 -34.0 47403 920.625 0
100 5.20326 -49.0 47660 920.625 0
001 4.98237 -34.0 47968 920.625 0
100 5.22167 -49.0 48245 920.625 0
001 5.41188 -34.0 48537 920.625 0
100 5.20940 -49.5 48830 920.625 0
001 4.40559 -33.5 49097 921.625 0
100 4.41786 -49.0 49423 921.625 0
001 4.26447 -33.5 49661 921.625 0
100 4.44241 -49.0 50013 921.625 0
