001 5.85367 -30.5 0 922.625 0
100 5.96412 -41.0 5 922.625 0
001 5.80458 -30.5 513 922.625 0
100 6.12365 -41.0 531 922.625 0
001 5.85981 -30.5 1014 922.625 0
100 5.97639 -41.0 1056 922.625 0
001 6.02548 -30.5 1520 922.625 0
100 5.94571 -40.5 1570 922.625 0
001 4.79216 -30.5 2026 923.625 0
100 5.15418 -41.5 2102 923.625 0
001 4.79829 -30.5 2532 923.625 0
100 5.32598 -41.5 2618 923.625 0
001 4.79829 -30.5 3035 923.625 0
100 4.91487 -41.0 3142 923.625 0
001 4.77988 -30.5 3546 923.625 0
100 1.18423 -40.5 3662 920.625 0
001 0.95720 -30.0 4060 920.625 0
100 1.46035 -40.0 4177 920.625 0
001 0.84676 -30.0 4573 920.625 0
100 1.23332 -40.5 4697 920.625 0
001 0.78540 -30.0 5065 920.625 0
100 1.28854 -41.5 5222 920.625 0
001 6.27705 -30.5 5555 921.625 0
100 0.42951 -41.5 5743 921.625 0
001 6.25864 -30.5 6067 921.625 0
100 0.49087 -42.0 6258 921.625 0
001 0.01841 -30.5 6575 921.625 0
100 0.75472 -42.0 6770 921.625 0
001 6.27091 -31.0 7085 921.625 0
100 0.01227 -42.0 7297 922.625 0
001 5.79231 -31.0 7591 922.625 0
100 5.92117 -42.0 7809 922.625 0
001 5.84753 -30.5 8091 922.625 0
100 5.90889 -42.5 8322 922.625 0
001 5.76163 -31.0 8597 922.625 0
100 5.92730 -42.0 8855 922.625 0
001 4.79216 -31.0 9107 923.625 0
100 5.14190 -43.0 9374 923.625 0
001 4.77988 -30.5 9621 923.625 0
100 5.10509 -42.5 9894 923.625 0
001 1.17810 -30.0 20049 920.625 0
100 1.27627 -41.0 20054 920.625 0
001 0.90198 -30.0 20554 920.625 0
100 1.16583 -41.0 20573 920.625 0
001 0.76699 -30.0 21061 920.625 0
100 1.14742 -41.0 21101 920.625 0
001 0.99402 -30.5 21567 920.625 0
100 1.50330 -41.0 21619 920.625 0
001 0.14726 -30.5 22078 921.625 0
100 0.56450 -41.5 22136 921.625 0
001 0.55837 -30.5 22586 921.625 0
100 0.46633 -41.5 22660 921.625 0
001 0.12885 -30.5 23100 921.625 0
100 0.41724 -41.5 23193 921.625 0
001 0.03068 -30.5 23604 921.625 0
100 5.89662 -42.0 23714 922.625 0
001 5.97025 -31.0 24111 922.625 0
100 6.06843 -42.0 24242 922.625 0
001 5.71868 -31.0 24629 922.625 0
100 5.84753 -42.0 24761 922.625 0
001 5.87208 -31.0 25134 922.625 0
100 5.84753 -42.0 25270 922.625 0
001 4.74307 -31.0 25637 923.625 0
100 5.01305 -42.5 25784 923.625 0
001 4.76761 -30.5 26150 923.625 0
100 4.98237 -43.0 26328 923.625 0
001 4.72466 -31.0 26670 923.625 0
100 4.88419 -42.5 26838 923.625 0
001 4.71852 -30.5 27178 923.625 0
100 1.12287 -41.0 27369 920.625 0
001 0.88971 -30.0 27687 920.625 0
100 1.15969 -41.0 27884 920.625 0
001 0.85903 -30.0 28194 920.625 0
100 1.31922 -41.5 28421 920.625 0
001 0.99402 -30.0 28696 920.625 0
100 1.24559 -41.0 28941 920.625 0
001 0.25771 -30.5 29201 921.625 0
100 0.41724 -42.0 29476 921.625 0
001 6.25251 -30.5 29712 921.625 0
100 0.37429 -42.0 30003 921.625 0
100 5.97639 -43.0 40087 922.625 0
001 5.76777 -31.0 40093 922.625 0
100 6.09911 -42.5 40600 922.625 0
001 5.72482 -30.5 40610 922.625 0
001 5.63891 -31.0 41117 922.625 0
100 5.92117 -43.0 41131 922.625 0
001 5.72482 -30.5 41632 922.625 0
100 5.95798 -42.5 41661 922.625 0
001 4.68171 -31.0 42142 923.625 0
100 4.98237 -43.5 42200 923.625 0
001 4.68171 -31.0 42654 923.625 0
100 5.04986 -43.5 42721 923.625 0
001 4.69398 -31.0 43158 923.625 0
100 5.07441 -43.5 43240 923.625 0
001 0.60746 -30.0 43679 920.625 0
100 1.37445 -42.0 43758 920.625 0
001 0.60746 -30.0 44183 920.625 0
100 1.20878 -42.0 44294 920.625 0
001 0.72404 -30.0 44697 920.625 0
100 1.36831 -42.0 44813 920.625 0
001 0.60746 -30.0 45204 920.625 0
100 1.22718 -41.5 45338 920.625 0
001 0.15953 -30.0 45721 921.625 0
100 0.82221 -42.5 45878 921.625 0
001 0.12272 -30.5 46235 921.625 0
100 0.42338 -42.5 46403 921.625 0
001 6.25864 -30.5 46745 921.625 0
100 0.41724 -42.5 46933 921.625 0
001 5.49779 -30.5 47270 922.625 0
100 5.92730 -43.0 47461 922.625 0
001 5.46711 -30.5 47771 922.625 0
100 5.89662 -43.0 47975 922.625 0
001 5.91503 -30.5 48288 922.625 0
100 5.89049 -43.0 48508 922.625 0
001 5.47324 -30.5 48804 922.625 0
100 5.82299 -43.0 49034 922.625 0
001 4.69398 -30.5 49316 923.625 0
100 5.07441 -43.5 49552 923.625 0
001 4.70012 -31.0 49830 923.625 0
100 5.09282 -44.0 50068 923.625 0
