001 1.36217 -30.0 0 920.625 0
100 1.71806 -37.5 5 920.625 0
001 1.23946 -30.0 432 920.625 0
100 1.65056 -37.0 446 920.625 0
001 1.17196 -30.0 869 920.625 0
100 1.69351 -37.0 892 920.625 0
001 1.36831 -30.0 1320 920.625 0
100 1.70579 -38.0 1330 920.625 0
001 1.20264 -29.5 1750 920.625 0
100 1.66284 -37.0 1778 920.625 0
001 0.48474 -30.0 2186 921.625 0
100 1.22105 -37.5 2222 921.625 0
001 0.48474 -30.0 2625 921.625 0
100 1.12901 -37.5 2670 921.625 0
001 0.49701 -30.0 3056 921.625 0
100 1.06151 -38.5 3109 921.625 0
001 0.47860 -30.0 3500 921.625 0
100 1.07992 -37.5 3549 921.625 0
001 6.05002 -30.5 3941 922.625 0
100 0.19635 -38.0 3997 922.625 0
001 6.06229 -30.5 4366 922.625 0
100 0.14726 -39.0 4446 922.625 0
001 6.05002 -30.5 4808 922.625 0
100 0.20249 -38.5 4901 922.625 0
001 6.05002 -31.0 5246 922.625 0
100 0.14726 -38.0 5349 922.625 0
001 5.41802 -31.0 5675 923.625 0
100 5.82913 -39.0 5790 923.625 0
001 5.49779 -31.0 6116 923.625 0
100 5.84140 -39.5 6235 923.625 0
001 5.33825 -30.5 6562 923.625 0
100 5.79845 -39.0 6686 923.625 0
001 5.42416 -31.0 6999 923.625 0
100 5.84753 -39.0 7128 923.625 0
001 1.09219 -30.0 7433 920.625 0
100 1.61375 -37.5 7579 920.625 0
001 1.10447 -30.0 7880 920.625 0
100 1.57080 -37.5 8022 920.625 0
001 1.55239 -30.0 8317 920.625 0
100 1.66897 -37.5 8467 920.625 0
001 1.55852 -30.0 8760 920.625 0
100 1.67511 -37.5 8906 920.625 0
001 0.42338 -30.5 9195 921.625 0
100 0.90198 -39.0 9356 921.625 0
001 0.49087 -30.5 9631 921.625 0
100 0.91425 -38.5 9799 921.625 0
100 0.14726 -38.5 20028 922.625 0
001 6.00093 -30.5 20033 922.625 0
001 5.98866 -30.5 20477 922.625 0
100 0.12885 -38.5 20486 922.625 0
001 5.93957 -31.0 20915 922.625 0
100 0.15340 -38.5 20937 922.625 0
001 6.06843 -31.0 21362 922.625 0
100 0.19021 -39.5 21389 922.625 0
001 6.04388 -30.5 21808 922.625 0
100 6.10524 -39.0 21840 923.625 0
001 5.25235 -31.0 22251 923.625 0
100 6.02548 -39.0 22283 923.625 0
001 5.25235 -31.0 22694 923.625 0
100 5.83526 -39.0 22748 923.625 0
001 5.25235 -31.0 23137 923.625 0
100 5.79231 -40.0 23203 923.625 0
001 5.41188 -31.0 23575 923.625 0
100 1.62602 -38.0 23652 920.625 0
001 1.57080 -30.0 24013 920.625 0
100 1.61988 -37.5 24106 920.625 0
001 1.14742 -30.0 24454 920.625 0
100 1.60761 -38.0 24557 920.625 0
001 1.17196 -30.0 24901 920.625 0
100 1.60761 -37.5 25008 920.625 0
001 1.20264 -30.0 25347 920.625 0
100 0.88357 -38.5 25457 921.625 0
001 0.40497 -30.5 25792 921.625 0
100 0.88971 -38.0 25904 921.625 0
001 0.39884 -30.5 26231 921.625 0
100 0.88357 -38.5 26348 921.625 0
001 0.46019 -30.5 26670 921.625 0
100 0.90198 -39.0 26807 921.625 0
001 0.47247 -30.5 27114 921.625 0
100 0.13499 -39.0 27259 922.625 0
001 5.92117 -31.0 27555 922.625 0
100 0.12885 -38.5 27714 922.625 0
001 6.00707 -30.5 27995 922.625 0
100 0.14113 -38.5 28165 922.625 0
001 6.00093 -30.5 28432 922.625 0
100 0.17794 -39.5 28613 922.625 0
001 6.00093 -30.5 28881 922.625 0
100 5.74936 -39.5 29073 923.625 0
001 5.19099 -31.0 29321 923.625 0
100 5.70641 -39.0 29525 923.625 0
001 5.21553 -31.0 29757 923.625 0
100 5.87821 -39.0 29970 923.625 0
100 1.55852 -38.0 40073 920.625 0
001 1.23332 -30.0 40078 920.625 0
100 1.54625 -37.5 40519 920.625 0
001 1.15969 -30.0 40529 920.625 0
100 1.54625 -38.5 40975 920.625 0
001 1.11674 -30.0 40985 920.625 0
100 1.54625 -38.5 41428 920.625 0
001 1.34377 -30.5 41442 920.625 0
100 1.00629 -38.0 41880 921.625 0
001 0.39884 -30.5 41890 921.625 0
001 0.39270 -30.5 42334 921.625 0
100 1.07992 -38.0 42339 921.625 0
001 0.39884 -30.5 42781 921.625 0
100 1.12287 -38.0 42791 921.625 0
001 0.37429 -30.5 43228 921.625 0
100 1.15355 -38.5 43246 921.625 0
001 5.92117 -30.5 43669 922.625 0
100 0.29452 -39.0 43705 922.625 0
001 6.00093 -30.5 44114 922.625 0
100 0.22089 -38.5 44159 922.625 0
001 5.89049 -30.5 44562 922.625 0
100 0.36816 -38.5 44611 922.625 0
001 5.98866 -30.5 45005 922.625 0
100 0.26998 -38.5 45059 922.625 0
001 5.19099 -31.0 45462 923.625 0
100 5.71868 -39.5 45511 923.625 0
001 5.19099 -31.0 45906 923.625 0
100 5.81072 -39.0 45961 923.625 0
001 5.17872 -31.0 46346 923.625 0
100 5.77390 -39.0 46413 923.625 0
001 5.25849 -31.0 46801 923.625 0
100 6.19728 -40.0 46864 923.625 0
001 5.19099 -31.0 47236 923.625 0
100 1.56466 -38.0 47323 920.625 0
001 1.12287 -30.0 47678 920.625 0
100 1.52784 -38.0 47781 920.625 0
001 1.13515 -30.0 48122 920.625 0
100 1.53398 -37.5 48233 920.625 0
001 1.36831 -30.0 48562 920.625 0
100 1.51557 -38.0 48685 920.625 0
001 1.19037 -30.0 49021 920.625 0
100 1.17810 -39.0 49141 921.625 0
001 0.42951 -30.5 49460 921.625 0
100 1.11060 -38.0 49598 921.625 0
001 0.35588 -30.5 49900 921.625 0
100 1.19037 -38.0 50054 921.625 0
