100 4.60808 -33.0 0 922.625 0
101 5.35052 -39.0 5 922.625 0
001 0.97561 -45.0 16 922.625 0
100 4.76148 -32.5 647 922.625 0
101 5.18486 -38.5 658 922.625 0
001 1.12901 -44.5 663 922.625 0
101 5.32598 -38.5 1303 922.625 0
001 1.14128 -44.5 1315 922.625 0
100 4.27674 -33.0 1326 922.625 0
101 4.41173 -38.5 1964 923.625 0
100 3.59565 -33.5 1975 923.625 0
001 0.16567 -45.0 1980 923.625 0
101 4.46082 -38.0 2634 923.625 0
001 0.11658 -45.0 2640 923.625 0
100 3.52816 -33.5 2651 923.625 0
001 0.15340 -45.0 3273 923.625 0
100 3.60792 -33.5 3310 923.625 0
101 4.66330 -39.0 3320 923.625 0
001 2.58322 -44.0 3919 920.625 0
100 5.90889 -32.5 3978 920.625 0
101 0.42338 -38.5 3984 920.625 0
001 2.60163 -44.0 4569 920.625 0
101 0.28839 -39.0 4630 920.625 0
100 5.83526 -32.5 4651 920.625 0
001 2.55254 -43.5 5206 920.625 0
101 0.51542 -37.5 5292 920.625 0
100 5.81686 -32.5 5313 920.625 0
001 1.60761 -44.0 5858 921.625 0
100 4.82284 -29.5 5960 921.625 0
101 5.98866 -38.5 5965 921.625 0
001 1.57693 -44.5 6506 921.625 0
100 4.87192 -32.5 6616 921.625 0
101 0.07363 -38.5 6628 921.625 0
001 1.67511 -43.5 7143 921.625 0
100 4.47309 -32.5 7269 922.625 0
101 5.23394 -38.0 7290 922.625 0
001 1.03084 -44.5 7785 922.625 0
100 4.41786 -32.5 7909 922.625 0
101 5.17258 -38.0 7947 922.625 0
001 1.04924 -44.0 8423 922.625 0
100 4.33810 -32.5 8554 922.625 0
101 5.18486 -38.0 8605 922.625 0
001 0.14113 -45.0 9063 923.625 0
100 3.63247 -33.0 9211 923.625 0
101 4.41786 -38.5 9265 923.625 0
001 0.07977 -45.0 9699 923.625 0
100 3.54656 -33.0 9858 923.625 0
101 4.44854 -38.0 9919 923.625 0
101 0.15340 -38.5 20046 920.625 0
100 6.19728 -33.0 20051 920.625 0
001 2.49732 -44.0 20057 920.625 0
001 2.45437 -43.5 20703 920.625 0
101 0.28225 -38.0 20713 920.625 0
100 5.70641 -32.5 20729 920.625 0
001 2.54641 -43.5 21348 920.625 0
101 0.08590 -38.0 21378 920.625 0
100 6.09297 -32.5 21396 920.625 0
001 1.58307 -43.5 21995 921.625 0
101 5.92117 -38.0 22029 921.625 0
100 4.85352 -32.5 22066 921.625 0
001 1.65670 -43.0 22634 921.625 0
101 5.89662 -38.0 22690 921.625 0
100 4.82284 -32.5 22716 921.625 0
001 1.61375 -43.0 23268 921.625 0
101 5.93957 -37.5 23356 921.625 0
100 4.88419 -32.5 23375 921.625 0
001 1.32536 -42.5 23907 922.625 0
101 5.11122 -37.5 24018 922.625 0
100 4.60194 -32.5 24028 922.625 0
001 1.55239 -43.0 24554 922.625 0
100 4.50377 -32.5 24670 922.625 0
101 5.15418 -37.5 24681 922.625 0
001 1.03084 -44.0 25202 922.625 0
100 4.45468 -32.5 25316 922.625 0
101 5.12963 -37.5 25360 922.625 0
001 0.12885 -44.0 25845 923.625 0
100 3.56497 -33.0 25975 923.625 0
101 4.36878 -37.5 26015 923.625 0
001 0.23930 -43.5 26488 923.625 0
100 3.53429 -33.0 26646 923.625 0
101 4.35037 -37.5 26667 923.625 0
001 0.14726 -44.0 27137 923.625 0
100 5.68800 -32.5 27297 920.625 0
101 0.15340 -38.0 27344 920.625 0
001 2.90229 -43.0 27774 920.625 0
100 5.57142 -32.0 27950 920.625 0
101 0.17181 -38.0 28007 920.625 0
001 2.70594 -43.5 28410 920.625 0
100 5.77390 -32.5 28597 920.625 0
101 0.04295 -38.0 28659 920.625 0
001 1.63216 -43.5 29050 921.625 0
100 4.79829 -32.5 29269 921.625 0
101 5.95798 -37.5 29318 921.625 0
001 1.55239 -44.0 29697 921.625 0
100 4.79829 -32.5 29931 921.625 0
101 6.11752 -38.0 29976 921.625 0
100 4.16629 -32.5 40096 922.625 0
101 5.20326 -39.5 40101 922.625 0
001 1.44808 -46.5 40107 922.625 0
001 1.28854 -46.5 40746 922.625 0
101 5.25235 -39.5 40756 922.625 0
100 4.71852 -32.0 40762 922.625 0
001 1.46035 -47.5 41400 922.625 0
100 4.47309 -32.5 41423 922.625 0
101 5.28303 -40.0 41428 922.625 0
001 0.00000 -48.5 42047 923.625 0
101 4.57740 -40.0 42090 923.625 0
100 3.26431 -32.5 42100 923.625 0
001 0.15340 -47.0 42695 923.625 0
101 4.39946 -39.5 42747 923.625 0
100 3.27658 -32.5 42758 923.625 0
001 0.06136 -47.5 43342 923.625 0
101 4.41786 -39.5 43396 923.625 0
100 3.31340 -32.0 43406 923.625 0
001 2.55868 -45.0 43979 920.625 0
101 0.20249 -39.5 44054 920.625 0
100 5.49165 -31.5 44065 920.625 0
001 2.35006 -45.5 44625 920.625 0
100 5.77390 -31.5 44712 920.625 0
101 0.11658 -39.0 44718 920.625 0
001 2.28870 -45.5 45264 920.625 0
100 5.62664 -32.0 45362 920.625 0
101 0.20249 -39.5 45391 920.625 0
001 1.52784 -47.0 45918 921.625 0
100 4.68171 -32.0 46015 921.625 0
101 6.06843 -39.5 46074 921.625 0
001 1.59534 -46.0 46566 921.625 0
100 4.69398 -32.0 46697 921.625 0
101 5.78618 -39.5 46736 921.625 0
001 1.53398 -46.5 47216 921.625 0
100 4.50990 -32.0 47343 922.625 0
101 5.15418 -39.5 47410 922.625 0
001 0.97561 -46.0 47873 922.625 0
100 4.33810 -32.0 47990 922.625 0
101 5.17872 -39.0 48076 922.625 0
001 1.20878 -47.0 48529 922.625 0
100 4.24606 -32.0 48659 922.625 0
101 5.20326 -39.5 48734 922.625 0
001 0.18408 -47.5 49172 923.625 0
100 3.22136 -32.5 49319 923.625 0
101 4.44241 -39.5 49392 923.625 0
001 0.12272 -47.5 49828 923.625 0
100 3.17227 -33.0 49965 923.625 0
101 4.44854 -39.5 50051 923.625 0
