101 1.14128 -48.5 0 920.625 0
100 5.68800 -42.5 5 920.625 0
001 1.79783 -45.5 10 920.625 0
101 1.30695 -48.5 654 920.625 0
001 1.66284 -46.0 665 920.625 0
100 5.60823 -43.0 674 920.625 0
101 1.25173 -48.5 1308 920.625 0
001 1.72419 -46.0 1319 920.625 0
100 5.32598 -43.0 1324 920.625 0
001 1.34990 -47.0 1957 921.625 0
101 0.47860 -49.0 1968 921.625 0
100 4.64489 -43.0 1979 921.625 0
001 1.43581 -46.0 2593 921.625 0
101 0.19021 -49.5 2609 921.625 0
100 4.58967 -43.0 2630 921.625 0
001 1.27014 -46.5 3234 921.625 0
101 0.34361 -50.0 3262 921.625 0
100 4.70012 -42.5 3283 921.625 0
001 0.39270 -47.0 3868 922.625 0
101 5.96412 -49.5 3915 922.625 0
100 3.85336 -43.5 3938 922.625 0
001 0.23930 -47.5 4503 922.625 0
101 6.10524 -49.0 4562 922.625 0
100 4.32583 -43.5 4588 922.625 0
001 0.38656 -47.0 5139 922.625 0
101 6.01934 -50.5 5232 922.625 0
100 3.96994 -43.5 5241 922.625 0
001 5.82299 -48.5 5781 923.625 0
101 5.30144 -49.0 5887 923.625 0
100 3.09251 -43.5 5902 923.625 0
001 5.98866 -48.0 6421 923.625 0
101 5.11122 -50.5 6549 923.625 0
100 2.91456 -43.5 6559 923.625 0
001 0.00614 -48.5 7057 923.625 0
101 1.18423 -50.0 7196 920.625 0
100 5.23394 -42.0 7216 920.625 0
001 1.68738 -46.0 7697 920.625 0
101 1.24559 -50.0 7841 920.625 0
100 5.19099 -42.0 7864 920.625 0
001 1.65670 -46.5 8332 920.625 0
101 1.01243 -48.5 8506 920.625 0
100 5.54687 -42.5 8516 920.625 0
001 1.07379 -46.0 8981 921.625 0
101 0.17794 -49.5 9150 921.625 0
100 4.46082 -43.0 9161 921.625 0
001 1.02470 -46.0 9623 921.625 0
101 0.35588 -49.0 9800 921.625 0
100 4.60194 -42.5 9811 921.625 0
100 3.47907 -43.5 20031 922.625 0
001 0.10431 -47.0 20036 922.625 0
101 5.66346 -49.0 20042 922.625 0
100 3.49134 -43.5 20677 922.625 0
001 0.09817 -47.5 20682 922.625 0
101 5.65119 -49.0 20693 922.625 0
001 0.10431 -47.5 21325 922.625 0
100 3.50975 -43.0 21335 922.625 0
101 5.68800 -49.0 21351 922.625 0
001 5.70027 -48.0 21962 923.625 0
100 3.08637 -43.5 21991 923.625 0
101 4.65103 -50.0 22004 923.625 0
001 5.71868 -48.5 22602 923.625 0
100 2.82252 -43.5 22644 923.625 0
101 4.47309 -49.0 22655 923.625 0
001 5.87821 -48.0 23251 923.625 0
100 2.70594 -44.0 23291 923.625 0
101 4.58967 -49.5 23302 923.625 0
001 1.54012 -46.5 23900 920.625 0
100 4.81670 -42.5 23943 920.625 0
101 0.93266 -49.0 23964 920.625 0
001 1.57080 -46.5 24534 920.625 0
100 4.87192 -42.5 24594 920.625 0
101 1.03084 -49.5 24606 920.625 0
001 1.54625 -47.0 25172 920.625 0
100 4.76148 -42.0 25253 920.625 0
101 0.57678 -49.0 25271 920.625 0
001 1.06151 -47.0 25811 921.625 0
100 4.09880 -42.5 25894 921.625 0
101 6.09911 -49.5 25931 921.625 0
001 1.04311 -46.0 26441 921.625 0
100 4.08652 -39.0 26537 921.625 0
101 6.00093 -47.5 26569 921.625 0
001 1.37445 -46.0 27079 921.625 0
100 4.20311 -40.5 27198 921.625 0
101 5.74936 -48.5 27222 922.625 0
001 0.44792 -46.0 27706 922.625 0
100 3.64474 -39.0 27841 922.625 0
101 5.75550 -48.0 27873 922.625 0
001 0.46019 -44.0 28337 922.625 0
100 3.70610 -40.0 28495 922.625 0
101 5.79231 -48.0 28530 922.625 0
001 0.64427 -47.0 28971 922.625 0
100 2.94524 -40.0 29151 923.625 0
101 4.66330 -48.0 29171 923.625 0
001 5.89662 -48.0 29611 923.625 0
100 3.17227 -40.5 29809 923.625 0
101 4.71239 -49.0 29820 923.625 0
100 4.79216 -39.0 40060 920.625 0
101 0.78540 -48.0 40065 920.625 0
001 1.67511 -46.5 40070 920.625 0
001 2.08008 -45.0 40705 920.625 0
101 0.76085 -46.5 40721 920.625 0
100 4.92101 -39.0 40726 920.625 0
001 2.02485 -46.0 41347 920.625 0
100 4.78602 -40.5 41380 920.625 0
101 0.92652 -48.0 41385 920.625 0
001 1.29468 -46.0 41985 921.625 0
100 4.55899 -39.5 42037 921.625 0
101 6.15433 -47.0 42049 921.625 0
001 1.33763 -46.0 42622 921.625 0
100 4.25833 -39.0 42683 921.625 0
101 6.18501 -47.5 42699 921.625 0
001 1.47262 -46.0 43257 921.625 0
100 4.46695 -39.0 43334 921.625 0
101 6.20955 -47.0 43356 921.625 0
001 0.56450 -46.5 43896 922.625 0
100 3.25204 -39.5 43993 922.625 0
101 5.70027 -47.0 44022 922.625 0
001 0.58291 -47.0 44539 922.625 0
100 3.30113 -39.5 44635 922.625 0
101 5.62051 -46.5 44683 922.625 0
001 0.51542 -46.5 45180 922.625 0
100 3.22750 -39.5 45285 922.625 0
101 5.70641 -46.5 45341 922.625 0
001 6.25864 -47.0 45819 923.625 0
100 2.76117 -39.5 45927 923.625 0
101 4.44241 -46.0 45989 923.625 0
001 6.11752 -46.5 46450 923.625 0
100 2.57709 -39.5 46587 923.625 0
101 4.50990 -46.0 46654 923.625 0
001 6.09911 -47.5 47095 923.625 0
100 4.82284 -39.0 47250 920.625 0
101 0.92652 -46.5 47304 920.625 0
001 2.50959 -45.0 47746 920.625 0
100 4.73693 -39.0 47895 920.625 0
101 0.71177 -46.5 47953 920.625 0
001 1.94509 -46.0 48377 920.625 0
100 4.86579 -38.5 48539 920.625 0
101 0.72404 -47.0 48617 920.625 0
001 1.94509 -45.5 49012 920.625 0
100 4.09880 -39.0 49189 921.625 0
101 6.16660 -46.5 49269 921.625 0
001 1.19651 -46.0 49663 921.625 0
100 4.36264 -39.0 49840 921.625 0
101 6.08684 -47.0 49926 921.625 0
