001 3.84109 -41.5 0 920.625 0
101 1.86532 -55.5 5 920.625 0
100 4.10493 -33.5 10 920.625 0
100 4.35037 -32.5 496 920.625 0
001 3.75518 -42.5 551 920.625 0
101 1.39285 -57.5 579 920.625 0
100 4.30742 -31.5 980 920.625 0
001 3.83495 -40.5 1119 920.625 0
101 1.98190 -53.5 1144 920.625 0
100 4.39946 -31.5 1469 920.625 0
001 3.87177 -41.0 1666 920.625 0
101 1.83464 -57.5 1721 920.625 0
100 3.75518 -32.5 1957 921.625 0
001 3.46066 -40.5 2214 921.625 0
100 3.96381 -33.0 2451 921.625 0
001 3.33794 -41.0 2748 921.625 0
101 1.70579 -54.0 2931 921.625 0
100 3.92085 -32.0 2941 921.625 0
001 3.62019 -42.0 3298 921.625 0
101 2.37460 -55.5 3511 921.625 0
001 2.88388 -39.0 3851 922.625 0
100 2.95751 -33.5 3921 922.625 0
101 1.34377 -57.0 4079 922.625 0
001 2.89616 -40.0 4395 922.625 0
101 1.30082 -60.0 4645 922.625 0
100 2.98206 -35.0 4901 922.625 0
001 2.88388 -40.0 4933 922.625 0
101 1.36831 -53.5 5209 922.625 0
100 2.69981 -35.0 5383 923.625 0
001 2.26416 -40.5 5475 923.625 0
101 0.88357 -52.0 5787 923.625 0
100 2.54027 -34.5 5882 923.625 0
001 1.96963 -40.0 6015 923.625 0
101 6.24637 -54.5 6349 923.625 0
100 2.54027 -35.5 6375 923.625 0
001 2.07394 -40.5 6558 923.625 0
100 2.68140 -34.5 6871 923.625 0
101 0.40497 -55.5 6927 923.625 0
001 2.06781 -39.5 7099 923.625 0
100 4.27674 -34.0 7359 920.625 0
101 2.57095 -53.0 7503 920.625 0
001 4.74307 -39.0 7635 920.625 0
100 4.42400 -34.0 7863 920.625 0
101 2.57095 -53.0 8064 920.625 0
001 4.55899 -39.0 8175 920.625 0
100 4.39332 -33.5 8353 920.625 0
101 2.73049 -53.0 8628 920.625 0
001 4.19697 -39.0 8709 920.625 0
100 4.28287 -34.0 8841 920.625 0
101 1.36217 -54.0 9198 921.625 0
001 3.58338 -40.0 9258 921.625 0
100 3.79814 -33.5 9329 921.625 0
101 1.69965 -56.5 9777 921.625 0
001 3.57111 -40.5 9804 921.625 0
100 3.54656 -33.5 9836 921.625 0
100 2.82252 -33.5 20047 922.625 0
001 2.69367 -41.0 20052 922.625 0
101 1.30695 -58.0 20058 922.625 0
100 3.20909 -33.5 20563 922.625 0
001 2.79185 -40.0 20600 922.625 0
101 1.24559 -58.0 20626 922.625 0
001 3.06796 -41.0 21151 922.625 0
101 1.25173 -58.0 21201 922.625 0
100 2.85320 -33.5 21542 922.625 0
001 2.85934 -41.0 21689 922.625 0
101 1.15969 -55.0 21776 922.625 0
100 2.06781 -34.0 22043 923.625 0
001 2.04940 -41.0 22231 923.625 0
101 0.28839 -57.5 22347 923.625 0
100 2.30097 -34.0 22534 923.625 0
001 2.15371 -40.5 22777 923.625 0
101 0.27612 -55.0 22922 923.625 0
100 2.05553 -34.0 23037 923.625 0
001 2.04326 -40.0 23322 923.625 0
101 0.51542 -58.5 23490 923.625 0
100 2.39915 -34.0 23529 923.625 0
001 4.27674 -40.5 23872 920.625 0
100 4.20924 -32.5 24011 920.625 0
101 2.50346 -56.0 24066 920.625 0
001 4.44854 -40.0 24412 920.625 0
100 4.38719 -32.5 24514 920.625 0
101 2.10462 -56.0 24651 920.625 0
001 4.23379 -40.0 24954 920.625 0
100 4.57740 -33.0 25008 920.625 0
101 2.31324 -54.5 25236 920.625 0
001 3.30113 -40.5 25502 921.625 0
100 3.54043 -33.0 25507 921.625 0
101 1.58307 -54.5 25811 921.625 0
100 3.58338 -33.0 26002 921.625 0
001 3.35021 -40.0 26034 921.625 0
101 1.72419 -58.5 26385 921.625 0
100 3.54043 -33.0 26504 921.625 0
001 3.34408 -40.0 26573 921.625 0
101 1.34377 -55.0 26968 921.625 0
100 3.59565 -33.0 26989 921.625 0
001 3.44839 -40.0 27120 921.625 0
100 2.86548 -34.0 27482 922.625 0
101 0.97561 -54.5 27544 922.625 0
001 2.74276 -40.5 27658 922.625 0
100 2.90843 -34.0 27974 922.625 0
101 1.04924 -55.0 28121 922.625 0
001 2.83480 -40.5 28198 922.625 0
100 3.01887 -33.0 28462 922.625 0
101 1.56466 -56.0 28691 922.625 0
001 3.20295 -41.0 28747 922.625 0
100 2.81639 -33.5 28954 922.625 0
101 0.15953 -55.0 29275 923.625 0
001 2.06167 -40.0 29292 923.625 0
100 2.27643 -33.0 29454 923.625 0
001 2.06167 -39.5 29836 923.625 0
101 0.29452 -52.5 29856 923.625 0
100 2.22120 -35.0 29948 923.625 0
100 4.35651 -32.5 40083 920.625 0
001 4.16629 -40.0 40088 920.625 0
101 2.27643 -55.5 40093 920.625 0
100 4.49763 -32.0 40587 920.625 0
001 4.28901 -40.0 40637 920.625 0
101 2.15984 -54.5 40680 920.625 0
100 4.35651 -32.0 41081 920.625 0
001 4.17243 -40.0 41179 920.625 0
101 2.27029 -53.5 41252 920.625 0
100 4.28901 -32.5 41581 920.625 0
001 4.19697 -40.0 41730 920.625 0
101 2.07394 -54.5 41840 920.625 0
100 3.59565 -33.0 42072 921.625 0
001 3.27658 -39.5 42273 921.625 0
101 1.50330 -56.5 42416 921.625 0
100 3.69383 -32.5 42563 921.625 0
001 3.31953 -39.5 42812 921.625 0
101 1.52171 -55.0 43001 921.625 0
100 3.61406 -32.5 43048 921.625 0
001 3.29499 -40.0 43364 921.625 0
100 3.63860 -33.0 43553 921.625 0
001 2.70594 -40.0 43910 922.625 0
100 2.89616 -33.0 44047 922.625 0
101 1.06151 -56.5 44154 922.625 0
001 2.84093 -39.5 44454 922.625 0
100 2.87161 -33.0 44546 922.625 0
101 0.99402 -54.5 44735 922.625 0
001 2.64458 -40.5 44994 922.625 0
100 2.85320 -33.0 45036 922.625 0
101 1.00016 -57.0 45299 922.625 0
100 2.41755 -33.5 45528 923.625 0
001 1.99418 -40.5 45545 923.625 0
101 0.14726 -54.5 45886 923.625 0
100 2.26416 -33.5 46044 923.625 0
001 2.18439 -40.5 46075 923.625 0
101 6.21569 -56.5 46452 923.625 0
100 2.62618 -33.5 46539 923.625 0
001 2.03713 -40.5 46625 923.625 0
101 0.11045 -54.5 47033 923.625 0
001 1.99418 -40.0 47172 923.625 0
100 4.20311 -32.0 47525 920.625 0
101 2.26416 -56.0 47604 920.625 0
001 4.39332 -39.5 47707 920.625 0
100 4.68171 -32.0 48022 920.625 0
101 2.51573 -56.5 48171 920.625 0
001 4.23992 -39.5 48245 920.625 0
100 4.37491 -32.0 48510 920.625 0
101 2.33779 -55.0 48743 920.625 0
001 4.31355 -40.5 48786 920.625 0
100 4.70012 -32.0 49008 920.625 0
101 1.50944 -54.0 49329 921.625 0
001 3.26431 -40.0 49343 921.625 0
100 3.60792 -32.5 49504 921.625 0
001 3.31953 -40.0 49896 921.625 0
101 1.50944 -54.0 49910 921.625 0
100 3.58338 -32.5 50004 921.625 0
