101 1.48489 -49.0 0 922.625 0
100 2.88388 -34.5 8 922.625 0
001 2.86548 -37.5 546 922.625 0
101 1.39285 -49.5 574 922.625 0
100 2.84093 -34.5 590 922.625 0
001 3.01274 -37.0 1095 922.625 0
100 2.87161 -34.5 1155 922.625 0
001 2.87161 -37.0 1648 922.625 0
100 2.75503 -34.5 1747 922.625 0
001 2.11689 -37.5 2198 923.625 0
101 1.17196 -49.5 2285 923.625 0
100 2.28870 -34.5 2312 923.625 0
001 2.12917 -37.0 2759 923.625 0
101 1.12287 -49.0 2854 923.625 0
100 2.40528 -34.5 2893 923.625 0
001 2.33779 -37.5 3305 923.625 0
101 1.12901 -48.5 3417 923.625 0
100 2.01258 -34.5 3483 923.625 0
001 4.44241 -36.5 3865 920.625 0
101 2.87775 -50.0 4003 920.625 0
100 4.12334 -33.5 4057 920.625 0
001 4.28901 -36.0 4410 920.625 0
100 4.56513 -33.0 4635 920.625 0
001 4.44241 -35.5 4966 920.625 0
101 2.94524 -50.5 5155 920.625 0
100 4.19084 -33.5 5214 920.625 0
001 3.96381 -36.5 5538 921.625 0
101 2.09849 -49.5 5725 921.625 0
100 3.59565 -34.0 5791 921.625 0
001 3.90245 -44.0 6091 921.625 0
101 6.08070 -45.5 6299 921.625 0
100 4.36264 -41.5 6362 921.625 0
001 5.21553 -48.0 6652 921.625 0
101 0.76699 -42.0 6876 921.625 0
100 0.31907 -46.0 6944 921.625 0
100 3.23977 -31.5 7491 922.625 0
001 3.22750 -40.5 7694 922.625 0
100 3.80427 -31.0 8518 922.625 0
101 3.17841 -59.0 8753 922.625 0
100 2.95751 -31.0 9038 923.625 0
101 2.57709 -59.0 9313 923.625 0
001 3.01887 -37.0 9387 923.625 0
100 3.09251 -31.0 9555 923.625 0
101 3.51588 -49.5 9888 923.625 0
001 3.31340 -38.5 9919 923.625 0
100 4.70012 -32.0 20029 920.625 0
001 5.41188 -39.5 20040 920.625 0
101 4.20924 -47.0 20045 920.625 0
001 5.17872 -39.0 20580 920.625 0
100 4.73080 -32.0 20590 920.625 0
101 4.07425 -46.5 20613 920.625 0
001 5.25235 -39.0 21134 920.625 0
100 4.65103 -32.0 21175 920.625 0
101 4.20924 -47.0 21196 920.625 0
001 5.26462 -39.5 21683 920.625 0
100 4.64489 -32.0 21731 920.625 0
101 4.19697 -46.5 21769 920.625 0
001 4.55285 -39.5 22238 921.625 0
100 4.20924 -32.5 22296 921.625 0
101 3.16614 -47.0 22344 921.625 0
001 4.55285 -39.5 22798 921.625 0
100 4.24606 -32.5 22853 921.625 0
101 3.19068 -46.0 22934 921.625 0
001 4.46082 -39.5 23368 921.625 0
100 4.11720 -32.5 23417 921.625 0
101 3.19068 -47.0 23518 921.625 0
001 4.14788 -40.0 23936 922.625 0
100 3.28272 -32.5 23988 922.625 0
101 2.54641 -47.5 24093 922.625 0
001 3.85950 -39.5 24498 922.625 0
100 3.25204 -32.5 24555 922.625 0
101 2.65685 -47.0 24659 922.625 0
001 4.07425 -39.5 25056 922.625 0
100 3.24590 -32.5 25133 922.625 0
101 2.63845 -46.0 25231 922.625 0
001 3.37476 -40.5 25615 923.625 0
100 2.50346 -33.0 25684 923.625 0
101 1.88986 -46.5 25806 923.625 0
001 3.44839 -40.5 26173 923.625 0
100 2.55868 -33.0 26260 923.625 0
101 1.80396 -47.5 26375 923.625 0
001 3.44225 -40.5 26737 923.625 0
100 2.53414 -33.0 26825 923.625 0
101 2.26416 -47.5 26953 923.625 0
001 5.19713 -38.5 27296 920.625 0
100 4.66944 -33.0 27384 920.625 0
101 3.93313 -45.0 27545 920.625 0
001 5.44256 -39.5 27864 920.625 0
100 4.58967 -32.0 27955 920.625 0
101 4.20311 -46.0 28116 920.625 0
001 5.20940 -37.5 28416 920.625 0
100 4.84738 -31.0 28517 920.625 0
101 3.23977 -50.5 28704 920.625 0
001 5.19713 -37.5 28972 920.625 0
100 4.44854 -32.5 29079 921.625 0
101 3.16000 -47.0 29275 921.625 0
001 4.68171 -39.0 29520 921.625 0
100 4.17856 -32.0 29642 921.625 0
101 3.12318 -46.0 29858 921.625 0
100 3.24590 -33.5 40062 922.625 0
101 2.55868 -45.0 40068 922.625 0
001 4.29515 -39.5 40073 922.625 0
100 3.21522 -33.5 40620 922.625 0
101 2.58322 -44.5 40631 922.625 0
001 4.36264 -39.5 40642 922.625 0
100 3.33794 -32.5 41185 922.625 0
001 4.19697 -40.5 41196 922.625 0
101 2.62618 -47.5 41230 922.625 0
001 4.19084 -40.0 41740 922.625 0
100 3.26431 -32.5 41761 922.625 0
101 2.61390 -46.5 41809 922.625 0
001 3.22136 -40.5 42303 923.625 0
100 2.74889 -33.0 42325 923.625 0
101 1.73033 -46.5 42397 923.625 0
001 3.12932 -40.0 42883 923.625 0
100 2.88388 -33.0 42893 923.625 0
101 1.77942 -45.0 42969 923.625 0
001 3.12932 -40.5 43452 923.625 0
100 3.03115 -32.5 43463 923.625 0
101 2.02485 -47.0 43541 923.625 0
001 5.22781 -38.5 44016 920.625 0
100 4.67557 -32.5 44032 920.625 0
101 4.22765 -46.5 44124 920.625 0
001 5.22167 -38.5 44569 920.625 0
101 4.35037 -45.5 44695 920.625 0
001 5.26462 -39.0 45116 920.625 0
100 4.63262 -32.0 45175 920.625 0
101 4.25833 -45.0 45281 920.625 0
001 4.55285 -39.5 45696 921.625 0
100 4.08039 -33.0 45732 921.625 0
101 3.08023 -46.5 45863 921.625 0
001 4.56513 -39.5 46244 921.625 0
100 4.40559 -33.0 46304 921.625 0
101 3.12318 -46.5 46445 921.625 0
001 4.57126 -39.0 46807 921.625 0
100 4.16016 -33.0 46877 921.625 0
101 3.14159 -46.5 47017 921.625 0
001 4.33810 -40.0 47379 922.625 0
100 3.22750 -33.0 47461 922.625 0
101 2.49118 -46.0 47600 922.625 0
001 3.86563 -39.5 47944 922.625 0
100 3.22750 -33.0 48023 922.625 0
101 2.62004 -46.5 48187 922.625 0
001 4.16016 -40.0 48526 922.625 0
100 3.25204 -33.0 48604 922.625 0
101 2.77957 -47.0 48766 922.625 0
001 3.45452 -40.5 49075 923.625 0
100 2.46051 -33.5 49171 923.625 0
101 2.06781 -47.0 49346 923.625 0
001 3.52816 -40.5 49632 923.625 0
100 2.57709 -33.5 49741 923.625 0
101 1.96350 -46.0 49922 923.625 0
