001 5.89049 -37.5 0 920.625 0
100 4.97623 -31.0 6 920.625 0
101 4.86579 -54.5 11 920.625 0
100 4.87806 -29.5 510 920.625 0
001 5.79845 -36.5 520 920.625 0
101 4.14788 -53.0 564 920.625 0
100 4.86579 -30.0 1020 920.625 0
001 6.01320 -36.5 1046 920.625 0
101 4.16629 -51.5 1125 920.625 0
100 4.87192 -30.0 1512 920.625 0
001 5.68800 -36.0 1588 920.625 0
101 4.02517 -54.5 1684 920.625 0
100 4.36878 -30.0 2021 921.625 0
001 4.82284 -36.0 2105 921.625 0
101 3.25204 -53.0 2244 921.625 0
100 4.55899 -29.5 2531 921.625 0
001 4.85352 -36.0 2635 921.625 0
101 3.25204 -54.5 2790 921.625 0
100 4.45468 -29.5 3034 921.625 0
001 4.85352 -36.0 3152 921.625 0
100 4.42400 -30.0 3527 921.625 0
001 4.28287 -36.0 3680 922.625 0
101 2.64458 -59.0 3891 922.625 0
100 3.73678 -30.0 4035 922.625 0
001 4.27674 -36.0 4211 922.625 0
101 2.58322 -59.5 4441 922.625 0
100 3.69383 -30.5 4533 922.625 0
001 4.18470 -35.5 4732 922.625 0
101 2.73049 -56.5 4994 922.625 0
100 4.18470 -30.0 5036 922.625 0
001 4.22152 -36.0 5258 922.625 0
100 3.01274 -30.5 5521 923.625 0
101 1.70579 -58.0 5547 923.625 0
001 3.62019 -36.0 5788 923.625 0
100 2.92684 -30.5 6026 923.625 0
101 1.73647 -54.5 6095 923.625 0
001 3.58338 -36.0 6313 923.625 0
101 1.88373 -54.5 6641 923.625 0
001 3.28885 -36.0 6840 923.625 0
100 3.00047 -30.5 7062 923.625 0
101 4.14788 -57.0 7187 920.625 0
001 5.64505 -36.0 7374 920.625 0
100 4.89647 -29.0 7553 920.625 0
101 4.40559 -53.5 7731 920.625 0
001 5.87821 -36.0 7913 920.625 0
100 5.01919 -29.0 8046 920.625 0
101 3.96381 -54.0 8281 920.625 0
001 5.83526 -35.5 8456 920.625 0
100 5.07441 -29.0 8563 920.625 0
101 4.22152 -55.0 8835 920.625 0
001 4.87806 -35.0 8977 921.625 0
100 4.31969 -30.0 9070 921.625 0
001 4.88419 -36.0 9499 921.625 0
100 4.52831 -29.5 9575 921.625 0
101 3.27045 -59.0 9931 921.625 0
100 3.58952 -31.0 20050 922.625 0
001 4.17856 -36.0 20055 922.625 0
100 3.55270 -31.0 20561 922.625 0
001 4.45468 -36.0 20577 922.625 0
101 3.00047 -53.5 20606 922.625 0
100 3.62019 -31.0 21059 922.625 0
001 4.22152 -36.0 21097 922.625 0
101 2.96979 -55.0 21158 922.625 0
100 3.87177 -31.0 21566 922.625 0
001 4.22152 -35.5 21631 922.625 0
101 2.90229 -52.0 21710 922.625 0
100 2.84707 -31.0 22073 923.625 0
001 3.34408 -36.0 22154 923.625 0
101 2.44210 -53.0 22257 923.625 0
100 2.89616 -31.5 22569 923.625 0
001 3.35021 -36.0 22683 923.625 0
100 2.92070 -31.5 23080 923.625 0
001 3.33181 -36.0 23210 923.625 0
101 2.08621 -51.0 23338 923.625 0
100 2.84093 -32.0 23581 923.625 0
001 5.80458 -36.0 23742 920.625 0
101 4.44854 -51.5 23893 920.625 0
100 4.68785 -32.0 24087 920.625 0
001 5.66959 -36.5 24265 920.625 0
101 4.46695 -54.0 24452 920.625 0
100 4.71239 -32.0 24600 920.625 0
001 5.95798 -36.0 24783 920.625 0
101 4.43627 -56.0 25006 920.625 0
100 4.78602 -32.0 25121 920.625 0
001 5.54074 -36.5 25301 920.625 0
101 4.17243 -55.0 25565 921.625 0
100 4.50990 -32.0 25630 921.625 0
001 4.82897 -36.5 25833 921.625 0
101 3.62633 -52.5 26113 921.625 0
100 4.45468 -32.0 26140 921.625 0
001 4.74307 -36.5 26356 921.625 0
100 4.44241 -31.5 26649 921.625 0
101 3.76132 -54.0 26667 921.625 0
001 4.71852 -37.0 26885 921.625 0
100 4.46695 -32.0 27169 921.625 0
001 4.23379 -36.5 27410 922.625 0
100 3.51588 -32.0 27694 922.625 0
001 4.34423 -36.0 27930 922.625 0
100 3.63247 -32.0 28201 922.625 0
001 4.36878 -36.0 28480 922.625 0
100 3.49748 -32.0 28702 922.625 0
101 3.19682 -54.5 28882 922.625 0
001 4.17243 -36.0 29011 922.625 0
100 2.87161 -32.0 29209 923.625 0
101 2.39915 -54.0 29438 923.625 0
001 3.53429 -36.0 29558 923.625 0
100 2.76117 -32.0 29705 923.625 0
100 4.72466 -33.5 40073 920.625 0
001 5.80458 -37.0 40079 920.625 0
100 4.70012 -33.0 40586 920.625 0
001 5.79845 -37.0 40614 920.625 0
100 4.69398 -33.5 41099 920.625 0
001 5.76163 -36.5 41147 920.625 0
101 4.44854 -52.0 41177 920.625 0
100 4.72466 -33.5 41598 920.625 0
001 6.14206 -36.5 41666 920.625 0
101 4.44854 -51.5 41735 920.625 0
100 4.28287 -33.5 42120 921.625 0
001 4.82897 -36.0 42206 921.625 0
101 4.19697 -53.0 42283 921.625 0
100 4.27060 -33.5 42629 921.625 0
001 4.83511 -36.0 42726 921.625 0
101 3.62633 -51.0 42833 921.625 0
100 4.15402 -33.0 43127 921.625 0
001 4.87806 -36.0 43250 921.625 0
101 3.61406 -51.0 43383 921.625 0
100 4.30128 -33.0 43641 921.625 0
001 4.14175 -36.5 43794 922.625 0
100 3.50975 -33.0 44148 922.625 0
001 4.49763 -36.0 44317 922.625 0
100 3.60179 -33.0 44651 922.625 0
001 4.30128 -36.0 44850 922.625 0
101 3.08637 -53.0 45039 922.625 0
100 3.58952 -33.0 45152 922.625 0
001 4.15402 -37.0 45387 922.625 0
101 2.69367 -53.0 45595 923.625 0
100 2.87775 -32.5 45670 923.625 0
001 3.25818 -36.5 45922 923.625 0
101 3.06796 -52.0 46138 923.625 0
100 2.92684 -32.5 46183 923.625 0
001 3.28885 -36.5 46444 923.625 0
101 2.58936 -50.5 46687 923.625 0
100 2.83480 -33.0 46702 923.625 0
001 3.22136 -37.0 46970 923.625 0
100 2.82866 -33.0 47217 923.625 0
101 2.46664 -51.0 47227 923.625 0
001 5.98253 -36.5 47484 920.625 0
100 4.78602 -33.0 47733 920.625 0
101 4.70625 -54.0 47776 920.625 0
001 5.81686 -36.0 48011 920.625 0
100 4.80443 -33.0 48229 920.625 0
001 5.80458 -37.0 48538 920.625 0
100 4.73693 -33.0 48755 920.625 0
101 4.62649 -52.0 48892 920.625 0
001 4.73693 -36.5 49055 921.625 0
100 4.22152 -32.5 49271 921.625 0
101 4.21538 -53.0 49450 921.625 0
001 4.70625 -36.5 49594 921.625 0
100 4.20311 -32.5 49772 921.625 0
101 4.39332 -53.0 50003 921.625 0
