001 3.30113 -40.5 0 922.625 0
100 3.30113 -32.0 5 922.625 0
001 3.20295 -41.0 526 922.625 0
100 3.35021 -32.0 555 922.625 0
001 3.22750 -42.0 1042 922.625 0
100 3.30113 -31.5 1089 922.625 0
001 3.26431 -41.0 1568 922.625 0
100 3.28885 -31.5 1617 922.625 0
001 2.95751 -41.0 2104 923.625 0
100 2.83480 -31.5 2150 923.625 0
001 2.77344 -42.5 2625 923.625 0
100 2.74276 -32.0 2671 923.625 0
001 2.82252 -42.0 3141 923.625 0
100 2.73049 -32.0 3198 923.625 0
001 4.88419 -41.5 3675 920.625 0
100 4.47922 -31.5 3732 920.625 0
001 4.73693 -42.5 4195 920.625 0
100 4.70012 -31.5 4256 920.625 0
001 4.80443 -42.0 4732 920.625 0
100 4.49150 -31.5 4789 920.625 0
001 4.73080 -42.0 5269 920.625 0
100 4.54672 -31.0 5336 920.625 0
001 4.04971 -42.5 5795 921.625 0
100 3.88404 -32.0 5865 921.625 0
001 3.98221 -41.5 6319 921.625 0
100 3.87790 -32.5 6398 921.625 0
001 4.06198 -43.0 6855 921.625 0
100 3.88404 -32.5 6930 921.625 0
001 3.49134 -43.0 7388 922.625 0
100 3.22136 -32.0 7458 922.625 0
001 3.41157 -43.0 7914 922.625 0
100 3.23363 -32.0 7986 922.625 0
001 3.50975 -43.0 8440 922.625 0
100 3.22136 -32.0 8507 922.625 0
001 3.52816 -43.0 8960 922.625 0
100 2.63845 -32.0 9047 923.625 0
001 2.92684 -43.0 9495 923.625 0
100 2.85320 -32.0 9580 923.625 0
001 4.60808 -41.0 20042 920.625 0
001 4.46695 -41.0 20569 920.625 0
001 4.47922 -41.0 21096 920.625 0
001 4.50990 -41.0 21625 920.625 0
100 4.19084 -31.0 22159 921.625 0
001 3.85336 -41.5 22165 921.625 0
100 4.21538 -31.0 22683 921.625 0
001 3.91472 -41.5 22705 921.625 0
100 4.08039 -31.5 23217 921.625 0
001 4.16629 -41.5 23228 921.625 0
001 3.31953 -42.5 23747 922.625 0
100 3.77359 -31.0 23757 922.625 0
001 3.29499 -42.0 24271 922.625 0
100 3.40544 -31.0 24282 922.625 0
001 3.30726 -43.0 24805 922.625 0
100 3.66315 -31.0 24816 922.625 0
001 3.28272 -43.0 25334 922.625 0
100 3.55270 -31.0 25350 922.625 0
101 4.57126 -53.0 25440 923.625 0
001 2.55868 -43.0 25852 923.625 0
100 3.11705 -30.5 25885 923.625 0
101 4.68785 -53.5 26046 923.625 0
001 2.52800 -43.0 26374 923.625 0
100 2.89002 -31.0 26412 923.625 0
101 4.58967 -53.0 26600 923.625 0
001 2.87161 -43.5 26904 923.625 0
100 2.71821 -31.0 26947 923.625 0
001 4.47309 -41.5 27439 920.625 0
001 4.47922 -41.5 27958 920.625 0
001 4.46082 -41.5 28480 920.625 0
100 4.57126 -30.5 28541 920.625 0
001 4.47922 -41.5 29004 920.625 0
100 3.93926 -31.5 29071 921.625 0
001 3.79200 -42.5 29553 921.625 0
100 3.92699 -31.5 29606 921.625 0
001 3.21522 -43.0 40073 922.625 0
100 3.41157 -31.0 40078 922.625 0
001 3.46066 -42.0 40607 922.625 0
100 3.35635 -31.5 40612 922.625 0
001 3.31953 -42.0 41144 922.625 0
100 3.49134 -31.5 41154 922.625 0
001 3.31340 -43.0 41678 922.625 0
100 3.39317 -31.5 41701 922.625 0
101 4.40559 -53.0 41869 923.625 0
001 2.68140 -42.5 42197 923.625 0
100 2.90229 -31.0 42240 923.625 0
101 4.54672 -53.0 42423 923.625 0
001 2.63845 -42.0 42712 923.625 0
100 2.71821 -31.0 42770 923.625 0
101 4.50990 -53.0 42977 923.625 0
001 2.82866 -43.0 43238 923.625 0
100 2.73662 -31.0 43298 923.625 0
101 4.38105 -52.5 43531 923.625 0
001 4.52218 -41.0 43761 920.625 0
001 4.51604 -41.0 44286 920.625 0
100 4.60194 -31.0 44356 920.625 0
001 4.43014 -41.5 44814 920.625 0
001 4.43627 -41.0 45338 920.625 0
001 4.14788 -42.0 45857 921.625 0
100 4.12948 -31.0 45924 921.625 0
001 3.75518 -42.5 46388 921.625 0
100 4.12948 -31.0 46453 921.625 0
001 3.95767 -42.0 46920 921.625 0
100 4.12948 -31.0 46983 921.625 0
001 3.48520 -43.0 47451 922.625 0
100 3.42998 -31.0 47516 922.625 0
001 3.44839 -43.0 47976 922.625 0
101 5.47938 -54.5 48029 922.625 0
100 3.55884 -31.0 48044 922.625 0
001 3.36862 -42.5 48497 922.625 0
100 3.40544 -31.0 48566 922.625 0
001 3.44839 -42.0 49025 922.625 0
101 4.62649 -52.5 49074 923.625 0
100 2.83480 -31.0 49093 923.625 0
001 2.74889 -43.0 49549 923.625 0
100 2.80412 -31.0 49635 923.625 0
101 4.50377 -52.5 49640 923.625 0
