100 3.08023 -42.5 0 920.625 0
101 2.62004 -29.5 5 920.625 0
001 3.22750 -29.0 10 920.625 0
001 3.17227 -29.0 452 920.625 0
101 2.61390 -29.5 463 920.625 0
001 3.25818 -29.5 901 920.625 0
101 2.88388 -29.5 915 920.625 0
100 2.94524 -43.0 949 920.625 0
001 3.19068 -29.0 1347 920.625 0
101 2.68753 -29.5 1375 920.625 0
001 2.55868 -28.5 1804 921.625 0
101 1.65056 -28.5 1826 921.625 0
100 2.58322 -42.0 1875 921.625 0
001 2.65072 -28.5 2258 921.625 0
101 1.69351 -28.5 2274 921.625 0
100 2.47891 -42.0 2338 921.625 0
001 2.68140 -29.0 2728 921.625 0
101 1.70579 -28.5 2733 921.625 0
100 2.22120 -41.5 2797 921.625 0
101 1.72419 -28.5 3185 921.625 0
001 2.57709 -29.5 3206 921.625 0
100 2.16598 -41.5 3254 921.625 0
101 1.42967 -28.5 3647 922.625 0
001 1.73033 -29.0 3669 922.625 0
100 1.37445 -41.5 3718 922.625 0
101 1.31309 -28.5 4118 922.625 0
001 1.71192 -28.5 4127 922.625 0
100 1.38058 -42.0 4177 922.625 0
001 1.68124 -28.5 4573 922.625 0
101 1.10447 -28.5 4578 922.625 0
001 1.68738 -28.5 5041 922.625 0
101 1.13515 -28.0 5058 922.625 0
001 1.08606 -28.5 5490 923.625 0
101 0.15953 -28.5 5508 923.625 0
100 0.73017 -41.0 5556 923.625 0
001 1.13515 -28.5 5956 923.625 0
101 0.08590 -28.5 5972 923.625 0
100 0.58905 -41.5 6028 923.625 0
101 0.16567 -28.5 6417 923.625 0
001 1.00016 -28.5 6422 923.625 0
100 0.55837 -41.0 6487 923.625 0
101 0.12272 -29.0 6863 923.625 0
001 1.07992 -29.5 6874 923.625 0
100 0.92652 -41.5 6954 923.625 0
101 2.71821 -28.5 7312 920.625 0
001 3.09251 -29.5 7340 920.625 0
101 2.58322 -28.0 7766 920.625 0
001 3.08637 -29.0 7793 920.625 0
101 2.62004 -28.0 8217 920.625 0
001 3.09251 -29.0 8260 920.625 0
101 2.65685 -28.0 8676 920.625 0
001 3.08023 -29.0 8725 920.625 0
101 1.68124 -28.0 9145 921.625 0
001 2.71208 -29.0 9177 921.625 0
100 2.73662 -41.5 9254 921.625 0
101 1.65670 -28.0 9591 921.625 0
001 2.49732 -29.0 9620 921.625 0
100 2.27029 -42.0 9712 921.625 0
101 1.20878 -27.5 20026 922.625 0
001 1.57693 -30.0 20031 922.625 0
101 1.09833 -27.5 20476 922.625 0
001 1.60761 -29.5 20497 922.625 0
101 1.11060 -27.0 20921 922.625 0
001 1.56466 -29.5 20969 922.625 0
101 1.03084 -27.5 21368 922.625 0
001 1.58307 -29.5 21411 922.625 0
101 0.13499 -27.5 21820 923.625 0
001 1.23332 -30.0 21858 923.625 0
100 1.09833 -41.0 21909 923.625 0
101 0.12885 -27.5 22272 923.625 0
001 1.04311 -29.5 22304 923.625 0
100 0.67495 -41.0 22368 923.625 0
101 0.28225 -27.5 22735 923.625 0
001 1.26400 -29.5 22767 923.625 0
100 1.00629 -41.5 22822 923.625 0
101 0.10431 -28.0 23204 923.625 0
001 1.20878 -29.5 23226 923.625 0
100 0.80994 -41.5 23279 923.625 0
101 2.79185 -27.5 23660 920.625 0
001 3.02501 -29.5 23696 920.625 0
101 2.63231 -27.5 24114 920.625 0
001 3.04342 -29.5 24146 920.625 0
101 2.55254 -27.5 24563 920.625 0
001 2.95751 -29.5 24601 920.625 0
101 2.66299 -27.5 25011 920.625 0
001 3.03728 -29.5 25071 920.625 0
101 1.69965 -27.5 25483 921.625 0
001 2.31324 -30.0 25526 921.625 0
100 2.81025 -41.5 25579 921.625 0
101 1.72419 -27.5 25927 921.625 0
001 2.32551 -30.0 25977 921.625 0
100 2.46664 -42.0 26041 921.625 0
101 1.62602 -27.5 26370 921.625 0
001 2.40528 -29.5 26427 921.625 0
100 2.62004 -41.0 26507 921.625 0
101 1.74874 -27.5 26826 921.625 0
001 2.35619 -29.5 26874 921.625 0
100 2.20893 -42.0 26970 921.625 0
101 0.98788 -27.5 27266 922.625 0
001 1.53398 -30.0 27334 922.625 0
101 1.00629 -27.5 27727 922.625 0
001 1.52784 -30.0 27797 922.625 0
100 1.40513 -41.5 27897 922.625 0
101 1.07379 -27.5 28171 922.625 0
001 1.55239 -29.5 28256 922.625 0
100 1.40513 -41.5 28368 922.625 0
101 1.27627 -28.0 28624 922.625 0
001 1.57693 -29.5 28703 922.625 0
100 1.38058 -41.5 28828 922.625 0
101 0.20862 -28.0 29096 923.625 0
001 1.01856 -29.5 29145 923.625 0
100 0.55223 -41.5 29297 923.625 0
101 0.15340 -28.0 29539 923.625 0
001 1.14128 -29.5 29593 923.625 0
100 0.59518 -41.5 29753 923.625 0
101 0.17794 -28.0 29987 923.625 0
101 2.87161 -27.5 40062 920.625 0
001 3.02501 -30.0 40067 920.625 0
101 2.66299 -28.0 40523 920.625 0
001 3.00047 -30.0 40540 920.625 0
101 2.66913 -27.5 40972 920.625 0
001 2.96365 -30.0 40995 920.625 0
101 2.57095 -27.5 41424 920.625 0
001 3.03115 -30.0 41482 920.625 0
101 1.69351 -27.5 41877 921.625 0
001 2.33779 -30.0 41930 921.625 0
100 2.36233 -41.5 41956 921.625 0
101 1.72419 -27.5 42343 921.625 0
001 2.35619 -30.0 42381 921.625 0
100 2.47891 -42.0 42418 921.625 0
101 1.68124 -27.5 42784 921.625 0
001 2.33165 -30.0 42831 921.625 0
100 2.42983 -41.0 42879 921.625 0
101 1.71806 -27.5 43228 921.625 0
001 2.86548 -30.0 43303 921.625 0
100 2.33779 -40.5 43356 921.625 0
101 1.51557 -27.5 43676 922.625 0
001 1.60148 -30.0 43746 922.625 0
101 1.21491 -27.5 44118 922.625 0
001 1.54012 -31.0 44198 922.625 0
101 1.15969 -27.5 44556 922.625 0
001 1.64443 -30.5 44649 922.625 0
101 1.05538 -27.5 45001 922.625 0
001 1.62602 -30.5 45103 922.625 0
101 0.12272 -28.0 45449 923.625 0
001 1.09219 -30.0 45545 923.625 0
100 0.94493 -40.0 45681 923.625 0
101 0.19635 -28.0 45916 923.625 0
001 1.06151 -30.5 45990 923.625 0
100 1.01856 -40.5 46141 923.625 0
101 0.17794 -28.0 46384 923.625 0
001 0.98175 -30.0 46438 923.625 0
100 1.00016 -40.5 46602 923.625 0
101 0.14726 -28.0 46821 923.625 0
001 1.03697 -30.0 46880 923.625 0
100 0.88357 -40.5 47062 923.625 0
101 2.63231 -27.5 47275 920.625 0
001 3.00660 -30.5 47329 920.625 0
101 2.68753 -27.0 47722 920.625 0
001 3.04955 -30.5 47798 920.625 0
101 2.72435 -27.5 48183 920.625 0
100 3.01274 -41.0 48476 920.625 0
101 2.57095 -27.0 48636 920.625 0
101 1.69351 -27.5 49091 921.625 0
001 2.55254 -30.5 49187 921.625 0
100 2.50959 -40.5 49406 921.625 0
101 1.74874 -27.5 49545 921.625 0
001 2.71208 -31.0 49635 921.625 0
100 2.70594 -40.5 49886 921.625 0
101 1.67511 -27.5 49992 921.625 0
