001 0.72404 -34.0 0 922.625 0
101 2.70594 -27.5 5 922.625 0
100 0.01227 -34.5 10 922.625 0
001 0.92652 -33.5 412 922.625 0
101 2.50959 -27.5 424 922.625 0
100 0.01227 -34.0 455 922.625 0
001 0.74858 -34.0 825 922.625 0
101 3.03115 -27.0 841 922.625 0
100 0.00000 -34.0 888 922.625 0
001 0.84062 -34.0 1235 922.625 0
101 2.62618 -27.0 1252 922.625 0
100 0.01841 -34.5 1323 922.625 0
001 0.75472 -33.5 1656 922.625 0
101 2.72435 -27.5 1674 922.625 0
100 6.23410 -34.5 1759 922.625 0
001 6.26478 -34.5 2066 923.625 0
101 1.69351 -27.5 2092 923.625 0
100 5.77390 -34.5 2203 923.625 0
001 6.26478 -34.5 2478 923.625 0
101 1.66897 -27.5 2510 923.625 0
100 5.92730 -34.0 2640 923.625 0
001 6.25864 -34.5 2882 923.625 0
101 1.65056 -27.5 2920 923.625 0
100 5.79845 -34.5 3073 923.625 0
001 0.05522 -34.0 3297 923.625 0
101 1.62602 -27.5 3334 923.625 0
100 6.21569 -34.0 3510 923.625 0
001 2.03099 -33.5 3707 920.625 0
101 3.85950 -27.5 3745 920.625 0
100 1.39899 -34.5 3956 920.625 0
001 2.01872 -33.5 4134 920.625 0
101 3.72451 -27.5 4165 920.625 0
100 1.39899 -34.5 4402 920.625 0
001 2.01872 -33.5 4544 920.625 0
101 3.71223 -27.5 4577 920.625 0
100 1.36217 -34.5 4838 920.625 0
001 2.08621 -33.5 4966 920.625 0
101 3.97608 -27.5 4993 920.625 0
001 1.86532 -33.5 5390 921.625 0
101 3.26431 -28.0 5411 921.625 0
100 0.76085 -35.0 5709 921.625 0
001 1.61988 -33.5 5807 921.625 0
101 3.14159 -28.0 5834 921.625 0
100 0.72404 -35.0 6142 921.625 0
001 1.76715 -34.0 6212 921.625 0
101 3.23363 -28.0 6257 921.625 0
100 0.73631 -35.0 6584 921.625 0
001 1.80396 -33.5 6622 921.625 0
101 3.07410 -28.0 6670 921.625 0
100 0.73631 -35.0 7025 921.625 0
001 1.41740 -34.0 7037 921.625 0
101 3.14159 -28.0 7085 921.625 0
001 0.75472 -34.0 7441 922.625 0
100 0.14113 -35.0 7456 922.625 0
101 2.32551 -28.0 7506 922.625 0
001 0.73631 -34.0 7861 922.625 0
100 0.44792 -35.0 7892 922.625 0
101 2.30711 -28.0 7914 922.625 0
001 0.76699 -34.0 8274 922.625 0
100 0.51542 -35.0 8332 922.625 0
101 2.37460 -28.0 8337 922.625 0
001 0.73017 -34.0 8691 922.625 0
101 2.38074 -28.0 8751 922.625 0
100 0.11045 -35.0 8783 922.625 0
001 0.10431 -33.5 9097 923.625 0
101 1.60148 -27.5 9167 923.625 0
100 6.00707 -34.5 9226 923.625 0
001 0.08590 -33.5 9503 923.625 0
101 1.57080 -27.5 9584 923.625 0
100 5.82913 -34.0 9667 923.625 0
001 0.03682 -33.5 9924 923.625 0
101 3.71837 -27.5 20035 920.625 0
001 2.11689 -33.5 20039 920.625 0
001 2.19052 -34.0 20441 920.625 0
101 3.74291 -27.5 20463 920.625 0
001 2.06781 -33.5 20846 920.625 0
101 3.71837 -27.5 20884 920.625 0
001 2.08621 -34.0 21248 920.625 0
101 3.71223 -27.5 21308 920.625 0
001 2.08008 -33.5 21658 920.625 0
101 3.69996 -27.5 21726 920.625 0
001 1.39899 -33.5 22067 921.625 0
101 3.06183 -28.0 22141 921.625 0
100 0.74245 -34.5 22227 921.625 0
001 1.60761 -34.0 22488 921.625 0
101 3.28885 -28.0 22555 921.625 0
100 0.73631 -34.5 22667 921.625 0
001 1.63829 -33.5 22891 921.625 0
101 3.12318 -28.0 22966 921.625 0
100 0.74245 -34.5 23105 921.625 0
001 1.90214 -34.0 23301 921.625 0
101 3.01274 -28.0 23384 921.625 0
100 0.73631 -35.0 23543 921.625 0
001 1.21491 -34.0 23705 922.625 0
101 2.52186 -28.0 23794 922.625 0
100 0.01841 -34.5 23981 922.625 0
001 1.11060 -33.5 24109 922.625 0
101 2.55254 -28.5 24219 922.625 0
100 6.26478 -34.5 24425 922.625 0
001 1.00629 -34.0 24523 922.625 0
101 2.78571 -28.0 24638 922.625 0
100 0.02454 -34.5 24861 922.625 0
001 0.81608 -34.0 24935 922.625 0
101 2.65685 -28.5 25059 922.625 0
100 0.01227 -34.5 25299 922.625 0
001 1.22718 -34.0 25344 922.625 0
101 1.61988 -28.0 25478 923.625 0
100 5.70641 -34.5 25736 923.625 0
001 0.01841 -33.5 25758 923.625 0
101 1.54012 -28.0 25890 923.625 0
001 0.06750 -33.5 26168 923.625 0
100 5.71868 -34.5 26185 923.625 0
101 1.60761 -28.0 26314 923.625 0
001 0.00614 -33.5 26569 923.625 0
100 5.67573 -34.5 26624 923.625 0
101 1.61988 -28.0 26731 923.625 0
001 0.04295 -33.5 26975 923.625 0
100 5.85367 -34.5 27055 923.625 0
101 1.64443 -28.0 27149 923.625 0
001 2.10462 -34.0 27395 920.625 0
100 1.50330 -34.0 27497 920.625 0
101 3.84722 -27.5 27557 920.625 0
001 2.12303 -35.0 27804 920.625 0
100 1.59534 -35.5 27936 920.625 0
101 3.72451 -31.0 27973 920.625 0
001 1.54625 -45.0 28230 920.625 0
100 0.74245 -33.0 28367 920.625 0
001 2.82252 -54.5 28640 920.625 0
101 3.73678 -35.0 28798 920.625 0
100 6.27091 -48.0 28803 920.625 0
001 5.79845 -49.0 29103 921.625 0
101 2.71208 -43.5 29206 921.625 0
100 5.97639 -44.0 29243 921.625 0
001 0.57678 -39.0 29506 921.625 0
101 2.62618 -27.5 29613 921.625 0
100 5.86594 -32.5 29624 921.625 0
001 1.33150 -29.0 29915 921.625 0
101 3.15386 -36.0 30016 921.625 0
101 0.18408 -49.5 40069 922.625 0
100 4.11720 -30.5 40074 922.625 0
001 4.68785 -36.5 40079 922.625 0
100 4.59581 -41.0 40505 922.625 0
001 6.24023 -35.5 40574 922.625 0
101 2.86548 -45.5 40621 922.625 0
100 5.19713 -31.0 40932 922.625 0
001 0.36202 -37.0 41023 922.625 0
101 1.96963 -39.5 41060 922.625 0
100 5.10509 -28.0 41350 922.625 0
001 1.42967 -31.5 41462 922.625 0
101 2.62004 -41.0 41494 922.625 0
100 5.09895 -26.5 41766 922.625 0
001 0.46019 -32.0 41887 923.625 0
101 1.52171 -42.0 41929 923.625 0
100 4.39332 -27.0 42178 923.625 0
001 0.55837 -32.5 42328 923.625 0
101 1.46649 -44.0 42370 923.625 0
100 4.58353 -26.5 42584 923.625 0
001 0.52769 -32.5 42756 923.625 0
101 1.34990 -43.5 42803 923.625 0
100 4.38105 -26.5 42990 923.625 0
001 0.41111 -32.5 43191 923.625 0
101 1.30695 -43.0 43236 923.625 0
100 4.38105 -27.0 43400 923.625 0
001 0.31907 -34.0 43621 923.625 0
101 3.64474 -37.0 43681 920.625 0
100 0.19635 -28.0 43811 920.625 0
001 2.84093 -33.5 44046 920.625 0
101 3.65087 -36.5 44110 920.625 0
100 0.03068 -29.5 44223 920.625 0
001 2.90229 -34.0 44475 920.625 0
101 4.30128 -37.0 44550 920.625 0
001 2.87775 -33.5 44908 920.625 0
101 3.98835 -39.0 44982 920.625 0
100 5.97639 -29.0 45046 920.625 0
001 2.81639 -34.0 45337 920.625 0
101 4.54672 -40.0 45422 920.625 0
100 4.97010 -29.0 45460 921.625 0
001 2.26416 -34.5 45774 921.625 0
101 3.93313 -42.0 45863 921.625 0
100 5.04986 -29.5 45880 921.625 0
001 2.21507 -34.0 46204 921.625 0
100 5.08668 -31.5 46295 921.625 0
101 4.07425 -40.5 46300 921.625 0
001 2.20280 -34.0 46645 921.625 0
100 5.42416 -33.5 46703 921.625 0
101 4.11720 -41.5 46741 921.625 0
001 2.12303 -34.0 47083 921.625 0
100 5.08054 -35.5 47119 921.625 0
101 3.97608 -42.5 47179 921.625 0
001 1.27014 -34.5 47517 922.625 0
100 4.00062 -38.5 47528 922.625 0
101 3.26431 -44.5 47610 922.625 0
001 1.30082 -35.0 47948 922.625 0
101 2.77344 -44.5 48055 922.625 0
100 3.64474 -37.5 48347 922.625 0
001 1.23332 -36.0 48393 922.625 0
101 2.43596 -43.0 48487 922.625 0
100 3.95153 -36.5 48766 922.625 0
001 0.99402 -40.5 48830 922.625 0
101 2.31324 -46.0 48931 922.625 0
001 6.01320 -41.5 49267 923.625 0
101 0.56450 -43.0 49373 923.625 0
100 5.32598 -40.5 49587 923.625 0
001 5.77390 -39.0 49703 923.625 0
101 0.48474 -43.0 49821 923.625 0
100 5.27689 -40.5 50000 923.625 0
