101 0.92039 -44.5 0 920.625 0
100 1.47262 -49.5 9 920.625 0
001 2.30097 -48.5 14 920.625 0
100 1.41126 -49.5 747 920.625 0
001 2.26416 -48.0 801 920.625 0
101 1.03697 -44.5 832 920.625 0
100 1.34990 -49.5 1481 920.625 0
001 2.07394 -49.0 1592 920.625 0
101 0.92652 -44.5 1672 920.625 0
100 1.01856 -49.5 2227 921.625 0
001 1.24559 -48.5 2387 921.625 0
100 1.16583 -49.0 2961 921.625 0
001 1.46649 -49.0 3180 921.625 0
101 6.20955 -45.0 3349 921.625 0
100 6.22796 -50.5 3694 922.625 0
001 0.55837 -47.5 3973 922.625 0
101 5.60210 -45.0 4192 922.625 0
100 0.06136 -50.0 4434 922.625 0
001 0.57678 -48.5 4768 922.625 0
101 5.69414 -45.5 5039 922.625 0
100 0.00000 -50.0 5179 922.625 0
001 6.16660 -48.5 5563 923.625 0
101 4.63876 -45.5 5874 923.625 0
100 5.85367 -50.0 5919 923.625 0
001 6.08684 -48.0 6354 923.625 0
100 5.94571 -49.5 6657 923.625 0
101 4.70012 -45.5 6704 923.625 0
001 6.07456 -48.0 7153 923.625 0
100 1.47262 -49.0 7390 920.625 0
101 0.88971 -44.5 7534 920.625 0
001 2.23961 -49.0 7939 920.625 0
101 1.06151 -44.5 8380 920.625 0
001 2.39301 -48.5 8724 920.625 0
100 1.35604 -49.0 8857 920.625 0
101 6.20955 -45.5 9201 921.625 0
001 1.29468 -48.0 9518 921.625 0
100 1.00629 -49.5 9590 921.625 0
001 0.90812 -48.0 20049 922.625 0
101 5.74936 -45.5 20054 922.625 0
100 6.27091 -50.5 20061 922.625 0
100 6.18501 -50.0 20798 922.625 0
001 0.71790 -48.0 20840 922.625 0
101 5.90889 -45.5 20900 922.625 0
100 6.20342 -50.0 21540 922.625 0
001 0.56450 -47.5 21632 922.625 0
101 5.71868 -45.0 21733 922.625 0
100 5.72482 -50.0 22278 923.625 0
001 6.08070 -48.5 22426 923.625 0
101 4.72466 -46.0 22576 923.625 0
100 5.87208 -49.5 23013 923.625 0
001 6.08684 -48.0 23218 923.625 0
100 1.43581 -49.5 23740 920.625 0
001 2.00031 -48.5 24014 920.625 0
101 1.04924 -44.5 24228 920.625 0
100 1.46035 -50.0 24473 920.625 0
001 2.22120 -48.5 24811 920.625 0
101 1.00016 -44.5 25059 920.625 0
100 1.41740 -49.0 25212 920.625 0
001 1.73033 -48.0 25598 921.625 0
100 0.95107 -50.0 25946 921.625 0
001 1.25786 -48.0 26392 921.625 0
100 0.83449 -50.0 26675 921.625 0
101 0.04295 -45.0 26720 921.625 0
001 1.25173 -48.0 27190 921.625 0
100 6.25251 -50.0 27415 922.625 0
101 5.62664 -45.5 27549 922.625 0
001 0.74245 -48.5 27981 922.625 0
100 0.07977 -50.5 28158 922.625 0
101 5.60823 -45.5 28377 922.625 0
001 0.65654 -48.5 28777 922.625 0
100 0.09817 -50.0 28886 922.625 0
001 6.16047 -48.0 29574 923.625 0
100 6.19728 -49.5 29624 923.625 0
100 1.36217 -49.5 40089 920.625 0
101 1.01856 -44.5 40094 920.625 0
001 2.15984 -49.0 40099 920.625 0
100 1.44194 -50.0 40832 920.625 0
001 2.33165 -48.5 40893 920.625 0
101 1.09833 -44.5 40921 920.625 0
100 1.37445 -49.0 41565 920.625 0
001 1.98190 -48.5 41687 920.625 0
101 0.86517 -45.0 41759 920.625 0
100 0.93880 -50.0 42298 921.625 0
001 1.52171 -49.0 42480 921.625 0
101 6.18501 -45.5 42587 921.625 0
100 0.85289 -49.5 43038 921.625 0
001 1.26400 -48.5 43274 921.625 0
101 6.22183 -45.0 43427 921.625 0
100 0.06750 -49.5 43776 922.625 0
001 0.74858 -48.5 44077 922.625 0
101 5.72482 -45.5 44258 922.625 0
100 6.19115 -50.0 44508 922.625 0
001 1.17810 -49.5 44874 922.625 0
101 5.78618 -45.5 45089 922.625 0
100 6.23410 -50.0 45247 922.625 0
001 6.17887 -49.0 45665 923.625 0
101 4.68785 -46.0 45927 923.625 0
100 5.70027 -50.0 45980 923.625 0
001 6.20342 -48.5 46457 923.625 0
100 5.84140 -50.0 46720 923.625 0
101 4.71852 -45.5 46760 923.625 0
001 6.14206 -49.0 47249 923.625 0
101 0.96948 -44.5 47594 920.625 0
001 2.24575 -48.5 48043 920.625 0
100 1.52784 -49.0 48184 920.625 0
101 0.83449 -44.5 48422 920.625 0
001 2.10462 -48.5 48840 920.625 0
100 1.33763 -49.0 48916 920.625 0
101 6.12979 -45.5 49252 921.625 0
001 1.23946 -48.0 49635 921.625 0
100 1.05538 -49.5 49654 921.625 0
