101 0.90198 -40.0 0 920.625 0
100 1.35604 -46.0 5 920.625 0
001 2.19052 -46.0 11 920.625 0
100 1.31309 -45.5 716 920.625 0
001 2.23961 -46.5 787 920.625 0
101 0.86517 -40.0 801 920.625 0
100 1.50330 -45.5 1430 920.625 0
001 2.19052 -46.0 1562 920.625 0
101 1.04311 -40.5 1607 920.625 0
100 0.96948 -46.0 2141 921.625 0
001 1.42353 -46.0 2342 921.625 0
101 0.02454 -40.5 2400 921.625 0
100 0.80381 -46.0 2859 921.625 0
001 1.39899 -47.0 3118 921.625 0
101 6.24023 -41.0 3217 921.625 0
100 1.08606 -46.5 3567 921.625 0
001 1.14128 -46.5 3891 922.625 0
101 5.74322 -41.0 4024 922.625 0
100 6.17887 -46.5 4297 922.625 0
001 1.20878 -46.5 4664 922.625 0
101 5.73095 -41.0 4826 922.625 0
100 6.09297 -47.0 5021 922.625 0
001 6.22796 -46.5 5428 923.625 0
101 4.76761 -40.5 5633 923.625 0
100 5.60210 -46.0 5735 923.625 0
001 0.02454 -46.5 6209 923.625 0
101 4.74307 -41.0 6434 923.625 0
100 5.47938 -47.0 6448 923.625 0
001 6.27705 -46.5 6984 923.625 0
100 5.54074 -46.5 7158 923.625 0
101 0.99402 -40.5 7241 920.625 0
001 2.25802 -46.0 7762 920.625 0
100 1.38058 -46.5 7867 920.625 0
101 0.91425 -40.0 8034 920.625 0
001 2.46051 -46.5 8544 920.625 0
100 1.23332 -46.0 8585 920.625 0
101 0.93880 -40.5 8860 920.625 0
100 0.83449 -46.0 9304 921.625 0
001 1.41126 -46.0 9318 921.625 0
101 0.00000 -41.0 9670 921.625 0
101 5.69414 -41.0 20039 922.625 0
100 6.12979 -46.5 20045 922.625 0
001 1.11060 -46.5 20050 922.625 0
100 6.08070 -47.0 20764 922.625 0
001 0.92652 -46.0 20828 922.625 0
101 5.74936 -40.5 20859 922.625 0
100 6.20342 -46.5 21493 922.625 0
001 1.04924 -47.0 21593 922.625 0
101 5.77390 -41.0 21672 922.625 0
100 5.57142 -47.0 22206 923.625 0
001 6.25251 -46.0 22355 923.625 0
101 4.74307 -41.0 22492 923.625 0
100 5.62664 -47.0 22927 923.625 0
001 6.25864 -46.0 23122 923.625 0
101 4.75534 -41.0 23295 923.625 0
100 1.17810 -46.5 23648 920.625 0
001 2.39301 -46.0 23898 920.625 0
101 1.02470 -40.5 24103 920.625 0
100 1.29468 -46.5 24365 920.625 0
001 2.38687 -46.5 24672 920.625 0
101 1.01243 -40.5 24915 920.625 0
100 1.45421 -46.5 25081 920.625 0
001 1.50330 -47.0 25448 921.625 0
101 6.26478 -41.0 25722 921.625 0
100 0.90198 -46.5 25800 921.625 0
001 1.46649 -46.0 26215 921.625 0
100 0.53383 -46.5 26511 921.625 0
001 1.52171 -46.5 26980 921.625 0
100 6.14819 -47.0 27230 922.625 0
101 5.92730 -41.0 27341 922.625 0
001 0.84062 -46.0 27750 922.625 0
100 6.16660 -46.5 27954 922.625 0
101 5.65119 -41.0 28162 922.625 0
001 1.10447 -46.0 28521 922.625 0
100 6.06843 -47.5 28662 922.625 0
101 5.65732 -41.0 28977 922.625 0
001 6.26478 -46.0 29295 923.625 0
100 5.51006 -47.0 29369 923.625 0
101 4.68785 -41.0 29808 923.625 0
101 0.92039 -40.5 40078 920.625 0
001 2.25188 -47.0 40083 920.625 0
100 1.39285 -46.0 40088 920.625 0
100 1.28241 -46.0 40799 920.625 0
001 2.59550 -46.0 40846 920.625 0
101 1.17196 -40.5 40883 920.625 0
100 1.26400 -46.0 41525 920.625 0
001 2.54027 -46.0 41620 920.625 0
101 1.10447 -40.5 41695 920.625 0
100 0.84676 -46.0 42246 921.625 0
001 1.47876 -46.5 42388 921.625 0
101 6.27091 -41.0 42508 921.625 0
100 0.75472 -46.0 42968 921.625 0
001 1.46649 -46.5 43156 921.625 0
101 6.23410 -41.0 43332 921.625 0
100 6.12365 -46.5 43695 922.625 0
001 1.12287 -45.5 43927 922.625 0
101 5.72482 -41.0 44147 922.625 0
100 6.11752 -47.0 44403 922.625 0
001 1.00629 -46.0 44695 922.625 0
101 5.76163 -41.0 44948 922.625 0
100 6.20955 -46.5 45113 922.625 0
001 0.06136 -46.0 45463 923.625 0
101 4.77988 -41.0 45758 923.625 0
100 5.43643 -46.5 45834 923.625 0
100 5.71868 -46.5 46546 923.625 0
101 4.71852 -41.0 46566 923.625 0
001 6.27091 -46.0 46991 923.625 0
100 1.29468 -46.5 47264 920.625 0
101 1.07992 -40.5 47376 920.625 0
001 2.57709 -46.0 47763 920.625 0
100 1.51557 -46.0 47988 920.625 0
101 1.02470 -40.5 48177 920.625 0
001 2.60777 -46.0 48530 920.625 0
100 1.14742 -46.5 48700 920.625 0
101 0.96948 -40.5 48978 920.625 0
001 1.39285 -46.0 49306 921.625 0
100 0.77926 -46.0 49416 921.625 0
101 6.25251 -41.0 49785 921.625 0
001 1.49103 -46.0 50072 921.625 0
