101 5.06827 -50.0 0 922.625 0
011 1.64443 -51.0 5 922.625 0
011 1.88373 -51.0 647 922.625 0
101 5.06214 -50.0 672 922.625 0
011 1.79169 -50.5 1293 922.625 0
101 5.07441 -50.0 1346 922.625 0
011 1.19651 -50.5 1932 923.625 0
101 4.29515 -50.0 2028 923.625 0
011 1.18423 -50.5 2577 923.625 0
101 4.32583 -49.5 2702 923.625 0
011 1.24559 -50.5 3221 923.625 0
101 4.36878 -49.5 3377 923.625 0
011 3.19068 -52.0 3867 920.625 0
101 0.38656 -50.5 4053 920.625 0
011 3.28885 -51.5 4512 920.625 0
101 0.40497 -50.5 4733 920.625 0
011 3.34408 -52.0 5162 920.625 0
101 0.02454 -50.5 5416 921.625 0
011 2.76730 -52.5 5812 921.625 0
101 5.88435 -50.0 6091 921.625 0
011 2.79185 -52.0 6466 921.625 0
101 5.95798 -50.0 6769 921.625 0
011 2.96365 -51.5 7119 921.625 0
101 4.97623 -50.0 7450 922.625 0
011 2.28870 -51.5 7774 922.625 0
101 5.16031 -49.5 8124 922.625 0
011 1.96963 -51.5 8430 922.625 0
101 5.08668 -50.0 8797 922.625 0
011 1.38058 -51.0 9080 923.625 0
100 3.12932 -49.0 9089 923.625 0
101 4.35651 -49.5 9472 923.625 0
100 3.33181 -48.5 9679 923.625 0
011 1.37445 -51.0 9729 923.625 0
101 0.41724 -50.5 20049 920.625 0
011 3.41771 -52.0 20054 920.625 0
011 3.53429 -52.0 20707 920.625 0
101 0.15953 -50.0 20725 920.625 0
011 3.52202 -52.0 21350 920.625 0
101 0.31293 -50.5 21402 920.625 0
011 2.78571 -51.5 21997 921.625 0
101 5.85367 -50.0 22079 921.625 0
011 3.08023 -51.5 22650 921.625 0
101 5.93344 -50.5 22758 921.625 0
011 2.71821 -51.5 23305 921.625 0
101 6.01934 -50.0 23436 921.625 0
011 2.14757 -51.5 23955 922.625 0
101 5.08668 -50.0 24111 922.625 0
011 2.03713 -52.0 24608 922.625 0
101 5.13577 -49.5 24783 922.625 0
011 2.28870 -51.5 25260 922.625 0
100 3.33181 -49.0 25434 923.625 0
101 4.28901 -49.0 25461 923.625 0
011 1.31922 -51.5 25910 923.625 0
100 3.26431 -49.0 26051 923.625 0
101 4.33196 -49.0 26143 923.625 0
011 1.30082 -51.5 26560 923.625 0
100 3.23977 -49.0 26671 923.625 0
101 4.39946 -49.0 26817 923.625 0
011 1.24559 -51.0 27205 923.625 0
101 0.11658 -50.0 27494 920.625 0
011 3.60792 -52.0 27856 920.625 0
101 0.22703 -50.5 28169 920.625 0
011 3.41771 -52.5 28506 920.625 0
101 0.02454 -50.0 28846 920.625 0
011 2.85934 -52.0 29159 921.625 0
101 5.93344 -50.0 29523 921.625 0
011 3.30726 -53.0 29809 921.625 0
101 4.96396 -49.5 40093 922.625 0
011 2.60163 -51.5 40098 922.625 0
011 2.15371 -52.0 40747 922.625 0
101 4.88419 -49.5 40772 922.625 0
011 1.96963 -51.0 41390 922.625 0
101 4.90874 -49.5 41451 922.625 0
100 3.39930 -49.0 41883 923.625 0
011 1.57693 -50.5 42039 923.625 0
101 4.52218 -49.5 42128 923.625 0
100 3.28885 -49.0 42507 923.625 0
011 1.22718 -51.0 42683 923.625 0
101 4.63262 -49.5 42801 923.625 0
100 3.29499 -49.0 43123 923.625 0
011 1.57693 -51.0 43335 923.625 0
101 4.29515 -49.0 43476 923.625 0
011 3.39317 -52.5 43990 920.625 0
101 0.36816 -50.5 44151 920.625 0
011 3.54656 -52.5 44641 920.625 0
101 0.34975 -50.0 44823 920.625 0
011 3.50975 -52.0 45293 920.625 0
101 6.16047 -50.5 45501 921.625 0
011 2.69981 -52.0 45951 921.625 0
101 5.78618 -50.0 46177 921.625 0
011 2.76117 -52.0 46605 921.625 0
101 5.95798 -50.0 46851 921.625 0
011 2.65072 -52.0 47256 921.625 0
101 5.19099 -49.5 47529 922.625 0
011 2.03099 -51.5 47915 922.625 0
101 4.82897 -49.5 48205 922.625 0
011 2.12917 -51.5 48563 922.625 0
101 5.01919 -49.5 48884 922.625 0
011 1.30695 -51.0 49211 923.625 0
100 3.26431 -49.0 49221 923.625 0
101 4.30128 -49.0 49557 923.625 0
100 3.27658 -49.0 49843 923.625 0
011 1.63216 -51.0 49858 923.625 0
