101 5.77390 -43.5 0 923.625 0
001 0.39270 -37.0 5 923.625 0
100 2.00031 -48.5 10 923.625 0
011 1.69351 -48.0 15 923.625 0
101 5.95185 -43.5 753 923.625 0
001 0.42951 -37.0 771 923.625 0
100 1.95736 -48.5 807 923.625 0
011 1.66284 -48.0 830 923.625 0
101 5.68800 -43.5 1531 923.625 0
001 0.46019 -37.0 1541 923.625 0
100 1.69351 -48.5 1604 923.625 0
011 1.76101 -48.0 1640 923.625 0
101 1.24559 -42.5 2289 920.625 0
001 2.34392 -37.5 2307 920.625 0
100 3.93313 -48.0 2400 920.625 0
011 4.06812 -47.5 2445 920.625 0
101 1.15355 -42.5 3051 920.625 0
001 2.33165 -37.5 3065 920.625 0
100 3.92085 -48.5 3194 920.625 0
011 3.81654 -47.5 3261 920.625 0
101 0.92039 -42.5 3816 921.625 0
001 1.65056 -37.5 3825 921.625 0
100 3.24590 -48.5 3981 921.625 0
011 3.05569 -48.0 4072 921.625 0
101 0.50315 -43.0 4594 921.625 0
001 1.66897 -37.0 4599 921.625 0
100 3.20909 -48.5 4767 921.625 0
011 3.08637 -48.0 4885 921.625 0
001 1.60148 -37.0 5354 921.625 0
101 0.82835 -42.5 5368 921.625 0
100 2.46664 -48.5 5557 922.625 0
011 2.37460 -48.0 5699 922.625 0
001 0.99402 -37.0 6113 922.625 0
101 0.06136 -42.5 6136 922.625 0
100 2.52186 -48.5 6345 922.625 0
011 2.39915 -48.0 6509 922.625 0
001 0.97561 -37.0 6873 922.625 0
101 6.25251 -42.5 6900 922.625 0
100 2.41755 -48.5 7130 922.625 0
011 1.72419 -48.0 7325 923.625 0
001 0.44179 -37.0 7630 923.625 0
101 5.70641 -43.0 7667 923.625 0
100 1.92668 -48.5 7930 923.625 0
011 1.73033 -48.0 8133 923.625 0
001 0.34975 -37.0 8393 923.625 0
101 5.70027 -43.0 8438 923.625 0
100 1.69351 -48.5 8719 923.625 0
011 1.65670 -48.0 8943 923.625 0
001 2.32551 -37.5 9168 920.625 0
101 1.24559 -42.5 9208 920.625 0
100 3.90858 -48.5 9508 920.625 0
011 3.65087 -47.5 9759 920.625 0
001 2.31324 -37.5 9918 920.625 0
101 1.15969 -42.5 9967 920.625 0
001 1.68124 -37.0 20034 921.625 0
101 0.75472 -42.0 20039 921.625 0
011 3.11705 -48.0 20045 921.625 0
100 3.21522 -49.0 20050 921.625 0
001 1.67511 -37.0 20789 921.625 0
101 0.52155 -42.0 20799 921.625 0
100 3.23363 -48.5 20840 921.625 0
011 3.11091 -47.5 20867 921.625 0
001 1.61375 -37.0 21542 921.625 0
101 0.84676 -42.0 21565 921.625 0
100 3.19068 -48.5 21636 921.625 0
011 3.11705 -48.0 21686 921.625 0
001 1.08606 -36.5 22302 922.625 0
101 0.23930 -42.0 22338 922.625 0
100 2.46664 -48.5 22431 922.625 0
011 2.36847 -48.0 22495 922.625 0
001 0.89584 -36.5 23056 922.625 0
101 6.05616 -42.0 23111 922.625 0
100 2.47891 -49.0 23222 922.625 0
011 2.40528 -48.0 23302 922.625 0
001 0.39884 -36.5 23836 923.625 0
101 5.95798 -42.5 23876 923.625 0
011 1.74260 -47.5 24125 923.625 0
100 1.77328 -49.0 24135 923.625 0
001 0.44792 -36.5 24598 923.625 0
101 5.62051 -42.0 24638 923.625 0
100 1.70579 -49.0 24924 923.625 0
011 1.68124 -48.0 24934 923.625 0
001 0.36202 -37.0 25368 923.625 0
101 5.70641 -42.5 25401 923.625 0
100 3.90858 -49.0 25718 920.625 0
011 3.73678 -47.5 25754 920.625 0
001 2.32551 -37.5 26121 920.625 0
101 1.16583 -41.5 26170 920.625 0
100 3.90858 -49.0 26517 920.625 0
011 3.74905 -47.5 26569 920.625 0
001 2.33779 -37.5 26875 920.625 0
101 1.20264 -42.0 26930 920.625 0
100 3.19068 -49.0 27332 921.625 0
011 3.11091 -48.0 27398 921.625 0
001 1.61988 -37.0 27640 921.625 0
101 0.63200 -42.0 27698 921.625 0
100 3.15386 -49.0 28127 921.625 0
011 3.08637 -48.0 28212 921.625 0
001 1.66284 -37.0 28393 921.625 0
101 0.96334 -42.0 28461 921.625 0
100 3.14159 -49.0 28923 921.625 0
011 2.65072 -48.0 29023 922.625 0
001 1.19037 -36.5 29160 922.625 0
101 6.08684 -42.0 29236 922.625 0
100 3.05569 -49.0 29717 922.625 0
011 2.89002 -48.0 29829 922.625 0
001 1.21491 -36.5 29922 922.625 0
101 6.06229 -42.0 29994 922.625 0
001 0.35588 -36.5 40069 923.625 0
100 1.69965 -49.0 40074 923.625 0
011 1.72419 -48.0 40080 923.625 0
101 5.60210 -42.0 40085 923.625 0
001 0.45406 -36.5 40826 923.625 0
101 5.74936 -42.0 40845 923.625 0
100 1.65056 -49.0 40868 923.625 0
011 1.69351 -48.0 40890 923.625 0
001 0.39884 -36.5 41583 923.625 0
101 5.56528 -42.0 41611 923.625 0
100 1.73033 -49.0 41660 923.625 0
011 1.69351 -48.0 41710 923.625 0
001 2.35619 -37.0 42352 920.625 0
101 1.80396 -41.5 42375 920.625 0
100 3.91472 -49.0 42456 920.625 0
011 3.76746 -47.5 42523 920.625 0
001 2.33165 -37.0 43125 920.625 0
101 1.19651 -41.5 43139 920.625 0
100 3.89631 -49.0 43249 920.625 0
011 3.77973 -47.5 43336 920.625 0
001 1.61988 -37.0 43896 921.625 0
101 0.85903 -41.5 43914 921.625 0
100 3.16000 -49.0 44044 921.625 0
011 3.08023 -48.0 44150 921.625 0
001 1.65056 -36.5 44645 921.625 0
101 0.96334 -41.5 44678 921.625 0
100 3.12932 -49.0 44837 921.625 0
011 3.06183 -48.0 44961 921.625 0
001 1.61988 -36.5 45405 921.625 0
101 6.14206 -41.5 45463 922.625 0
100 2.53414 -49.0 45636 922.625 0
011 2.72435 -48.0 45774 922.625 0
001 1.22718 -36.5 46164 922.625 0
101 6.13592 -41.5 46222 922.625 0
100 2.61390 -49.0 46427 922.625 0
011 3.04955 -48.0 46591 922.625 0
001 1.14742 -36.0 46928 922.625 0
101 6.09297 -41.5 46985 922.625 0
100 2.70594 -49.0 47217 922.625 0
011 1.71192 -47.5 47399 923.625 0
001 0.41111 -36.0 47695 923.625 0
101 5.63891 -41.5 47744 923.625 0
100 1.63216 -49.0 48113 923.625 0
011 1.73033 -48.0 48224 923.625 0
001 0.47860 -36.0 48447 923.625 0
101 5.81072 -41.5 48503 923.625 0
100 1.85305 -49.0 48898 923.625 0
011 4.15402 -47.5 49055 920.625 0
001 2.84093 -37.0 49214 920.625 0
101 1.36831 -41.0 49259 920.625 0
100 4.17243 -48.5 49692 920.625 0
011 4.06198 -47.5 49870 920.625 0
001 2.52186 -37.0 49976 920.625 0
101 1.32536 -41.0 50021 920.625 0
