101 0.81608 -40.5 0 921.625 0
001 1.98190 -36.0 5 921.625 0
100 2.46664 -47.0 10 921.625 0
011 3.15386 -45.5 16 921.625 0
001 2.09849 -36.0 757 921.625 0
101 0.81608 -40.5 762 921.625 0
100 2.39301 -47.5 790 921.625 0
011 2.83480 -45.5 826 921.625 0
001 2.17825 -36.0 1501 921.625 0
101 0.76699 -40.5 1535 921.625 0
100 2.39301 -47.5 1571 921.625 0
011 3.01274 -46.0 1640 921.625 0
001 1.40513 -36.0 2254 922.625 0
101 0.41724 -40.5 2299 922.625 0
100 2.35006 -47.5 2346 922.625 0
001 1.39285 -36.0 3007 922.625 0
101 0.28839 -40.0 3061 922.625 0
100 2.09849 -47.5 3133 922.625 0
011 2.17212 -46.5 3267 922.625 0
001 0.77313 -36.0 3758 923.625 0
101 5.79845 -40.0 3837 923.625 0
100 1.14742 -47.5 3914 923.625 0
011 1.51557 -47.0 4074 923.625 0
001 0.71790 -36.0 4505 923.625 0
101 6.01934 -39.5 4593 923.625 0
100 1.24559 -47.5 4698 923.625 0
011 1.50944 -47.0 4895 923.625 0
001 0.66882 -36.0 5254 923.625 0
101 6.00707 -39.5 5352 923.625 0
100 3.50975 -47.5 5473 920.625 0
011 3.70610 -45.5 5708 920.625 0
001 2.47278 -36.0 6006 920.625 0
101 1.82851 -41.0 6120 920.625 0
100 3.45452 -48.0 6250 920.625 0
011 3.68155 -45.5 6533 920.625 0
001 2.47891 -36.0 6768 920.625 0
101 2.04940 -41.0 6875 920.625 0
100 3.41771 -47.5 7021 920.625 0
011 2.98819 -46.0 7356 921.625 0
001 2.17212 -36.0 7529 921.625 0
101 0.82221 -40.5 7626 921.625 0
100 2.39915 -47.5 7800 921.625 0
011 3.22136 -45.5 8162 921.625 0
001 2.09849 -36.0 8296 921.625 0
101 0.76699 -40.5 8391 921.625 0
100 2.51573 -47.0 8579 921.625 0
011 2.26416 -46.5 8987 922.625 0
001 1.60761 -36.0 9057 922.625 0
101 0.21476 -40.0 9142 922.625 0
100 2.01872 -47.0 9357 922.625 0
011 2.20280 -46.5 9795 922.625 0
001 1.73033 -36.0 9818 922.625 0
101 0.37429 -40.0 9898 922.625 0
001 0.47247 -36.0 20043 923.625 0
101 5.68186 -39.5 20048 923.625 0
011 1.66284 -47.0 20054 923.625 0
100 1.17810 -47.5 20059 923.625 0
001 0.55223 -36.0 20789 923.625 0
101 5.60210 -39.0 20807 923.625 0
100 1.18423 -47.5 20839 923.625 0
011 2.01872 -47.5 20867 923.625 0
001 0.53383 -36.0 21562 923.625 0
101 5.81686 -39.5 21571 923.625 0
100 1.26400 -47.5 21624 923.625 0
011 1.69965 -47.5 21683 923.625 0
001 2.66913 -36.0 22330 920.625 0
101 1.77328 -41.0 22335 920.625 0
100 3.19068 -47.5 22408 920.625 0
011 3.49748 -45.5 22499 920.625 0
001 2.69981 -36.0 23080 920.625 0
101 1.83464 -40.5 23102 920.625 0
100 3.23977 -47.5 23181 920.625 0
011 3.63247 -46.0 23313 920.625 0
001 2.36233 -36.0 23833 921.625 0
101 0.83449 -40.5 23869 921.625 0
100 2.35619 -47.5 23951 921.625 0
011 2.89616 -46.0 24133 921.625 0
001 1.96350 -36.0 24585 921.625 0
101 0.80994 -40.5 24625 921.625 0
100 2.39301 -47.5 24733 921.625 0
011 2.85934 -46.5 24942 921.625 0
001 2.04326 -36.0 25335 921.625 0
101 0.79767 -40.5 25376 921.625 0
100 2.04940 -47.5 25516 922.625 0
011 2.19052 -46.5 25767 922.625 0
001 1.33763 -36.0 26082 922.625 0
101 0.16567 -40.0 26132 922.625 0
100 2.09849 -47.5 26299 922.625 0
011 2.35006 -46.5 26575 922.625 0
001 1.33150 -36.0 26843 922.625 0
101 0.31907 -40.0 26889 922.625 0
100 1.81010 -47.5 27072 922.625 0
011 2.01258 -47.5 27382 923.625 0
001 0.46019 -36.0 27607 923.625 0
101 5.60823 -39.5 27643 923.625 0
100 1.14742 -47.5 27843 923.625 0
011 1.90827 -47.5 28185 923.625 0
001 0.88357 -36.0 28362 923.625 0
101 5.63891 -39.5 28402 923.625 0
100 1.13515 -47.5 28622 923.625 0
011 1.52171 -47.5 28992 923.625 0
001 2.42983 -36.0 29126 920.625 0
101 1.92668 -40.5 29158 920.625 0
100 3.57724 -47.5 29398 920.625 0
011 3.73064 -46.0 29813 920.625 0
001 2.72435 -36.0 29890 920.625 0
101 1.76101 -40.5 29926 920.625 0
011 3.09864 -46.5 40078 921.625 0
001 2.25802 -36.0 40085 921.625 0
101 0.80381 -40.0 40089 921.625 0
100 2.47278 -47.5 40095 921.625 0
001 1.95736 -35.5 40840 921.625 0
101 0.78540 -40.0 40854 921.625 0
100 2.50959 -47.5 40876 921.625 0
011 3.06796 -46.5 40901 921.625 0
001 2.01258 -35.0 41595 921.625 0
101 0.81608 -39.5 41615 921.625 0
100 2.39301 -47.5 41651 921.625 0
011 3.20909 -47.5 41705 921.625 0
001 1.30082 -35.5 42359 922.625 0
101 0.03682 -39.5 42383 922.625 0
100 1.71806 -47.5 42428 922.625 0
011 2.71821 -47.5 42515 922.625 0
001 1.27014 -36.0 43111 922.625 0
101 0.02454 -40.0 43147 922.625 0
100 1.68738 -47.5 43207 922.625 0
011 2.79798 -47.5 43336 922.625 0
001 0.91425 -36.0 43859 923.625 0
101 6.08070 -39.5 43908 923.625 0
100 1.19651 -47.0 43979 923.625 0
011 1.52784 -48.5 44146 923.625 0
001 0.47860 -36.0 44609 923.625 0
101 5.95185 -39.5 44663 923.625 0
100 1.15355 -47.0 44758 923.625 0
011 1.54012 -48.0 44957 923.625 0
001 0.65654 -35.5 45365 923.625 0
101 5.81686 -39.5 45425 923.625 0
100 3.42998 -47.5 45538 920.625 0
001 2.45437 -36.0 46131 920.625 0
101 1.89600 -40.5 46191 920.625 0
100 3.50361 -47.0 46315 920.625 0
011 3.56497 -46.0 46585 920.625 0
001 2.44210 -36.0 46882 920.625 0
101 1.82851 -40.5 46951 920.625 0
100 3.51588 -47.5 47101 920.625 0
011 2.97592 -46.5 47390 921.625 0
001 1.94509 -36.0 47634 921.625 0
101 0.76699 -40.5 47710 921.625 0
100 2.46664 -47.0 47881 921.625 0
011 3.29499 -46.5 48191 921.625 0
001 2.01872 -36.0 48392 921.625 0
101 0.80381 -40.5 48476 921.625 0
100 2.52186 -47.0 48666 921.625 0
011 3.30113 -46.5 49006 921.625 0
001 1.61988 -36.0 49148 922.625 0
101 0.02454 -40.0 49228 922.625 0
100 1.58920 -47.0 49446 922.625 0
011 2.69981 -47.0 49809 922.625 0
001 1.31922 -36.0 49907 922.625 0
101 0.01227 -40.0 49998 922.625 0
