101 1.19651 -43.0 0 923.625 0
100 1.34377 -39.0 5 923.625 0
001 0.15340 -33.5 10 923.625 0
011 3.17841 -37.5 16 923.625 0
001 0.20862 -33.5 730 923.625 0
101 1.22105 -43.0 744 923.625 0
100 1.34990 -39.0 753 923.625 0
011 3.19068 -38.0 778 923.625 0
001 0.12272 -33.5 1451 923.625 0
101 1.10447 -43.0 1483 923.625 0
100 1.44808 -39.0 1501 923.625 0
011 3.22750 -38.0 1544 923.625 0
001 2.87161 -34.5 2173 920.625 0
101 3.22136 -43.5 2231 920.625 0
100 3.63247 -40.0 2245 920.625 0
011 5.63891 -37.0 2315 920.625 0
001 2.52800 -34.5 2912 920.625 0
100 3.55270 -40.0 2974 920.625 0
101 3.31953 -44.0 2984 920.625 0
011 5.41802 -37.0 3082 920.625 0
001 1.67511 -34.0 3628 921.625 0
100 2.71208 -40.0 3714 921.625 0
101 2.91456 -44.0 3732 921.625 0
011 4.51604 -37.0 3854 921.625 0
001 1.66284 -34.0 4352 921.625 0
100 2.75503 -40.0 4461 921.625 0
101 2.71821 -44.0 4471 921.625 0
011 4.52218 -37.0 4625 921.625 0
001 1.66897 -34.0 5073 921.625 0
100 2.77344 -40.0 5196 921.625 0
101 2.76117 -44.0 5218 921.625 0
011 4.09880 -37.5 5385 922.625 0
001 1.06151 -33.5 5788 922.625 0
100 1.95122 -39.5 5940 922.625 0
101 2.27029 -44.0 5963 922.625 0
011 4.09266 -37.5 6157 922.625 0
001 1.36217 -33.5 6501 922.625 0
100 1.92668 -39.5 6685 922.625 0
101 1.98804 -44.5 6704 922.625 0
011 4.20311 -37.5 6927 922.625 0
001 0.11658 -33.5 7221 923.625 0
100 1.20878 -39.5 7431 923.625 0
101 1.31309 -44.0 7445 923.625 0
011 3.11705 -38.0 7699 923.625 0
001 0.09204 -33.5 7953 923.625 0
100 1.34377 -39.5 8187 923.625 0
011 3.11705 -38.0 8460 923.625 0
001 0.19635 -33.5 8669 923.625 0
100 1.23332 -39.5 8922 923.625 0
101 1.26400 -44.0 8927 923.625 0
011 5.85367 -37.0 9223 920.625 0
001 2.70594 -34.5 9383 920.625 0
100 3.50975 -40.0 9664 920.625 0
101 3.44225 -44.5 9673 920.625 0
011 5.38734 -37.5 9976 920.625 0
001 1.66897 -34.0 20038 921.625 0
011 4.49763 -38.0 20044 921.625 0
100 2.72435 -40.0 20049 921.625 0
101 3.10478 -45.5 20054 921.625 0
001 1.66897 -34.0 20767 921.625 0
100 2.81025 -40.0 20795 921.625 0
101 2.71208 -45.5 20804 921.625 0
011 4.43627 -38.0 20809 921.625 0
001 1.65670 -34.0 21494 921.625 0
101 2.93297 -45.5 21549 921.625 0
011 4.50377 -38.0 21578 921.625 0
001 1.21491 -33.5 22219 922.625 0
100 1.96963 -40.0 22266 922.625 0
101 1.93282 -45.5 22289 922.625 0
011 3.98221 -38.5 22349 922.625 0
001 1.11674 -33.5 22934 922.625 0
100 1.88373 -40.0 23007 922.625 0
101 2.04326 -45.5 23037 922.625 0
011 4.43014 -38.5 23105 922.625 0
001 0.19635 -33.5 23674 923.625 0
100 1.19651 -39.5 23737 923.625 0
101 1.27014 -45.5 23776 923.625 0
011 3.08023 -38.5 23865 923.625 0
001 0.16567 -33.5 24402 923.625 0
100 1.17810 -39.5 24475 923.625 0
101 1.34990 -45.5 24522 923.625 0
011 3.04342 -38.5 24628 923.625 0
001 0.15340 -33.5 25120 923.625 0
100 1.42967 -39.5 25216 923.625 0
101 1.16583 -45.5 25270 923.625 0
011 3.09251 -38.5 25396 923.625 0
001 3.05569 -34.0 25839 920.625 0
100 3.49748 -40.5 25961 920.625 0
101 3.21522 -46.5 26011 920.625 0
011 5.43643 -38.0 26147 920.625 0
001 2.89002 -34.0 26575 920.625 0
100 3.49134 -40.5 26700 920.625 0
101 3.25204 -46.0 26758 920.625 0
011 5.49779 -38.0 26914 920.625 0
001 1.61988 -34.0 27299 921.625 0
100 2.92684 -40.0 27441 921.625 0
101 3.01274 -46.0 27500 921.625 0
011 4.40559 -38.0 27669 921.625 0
001 1.59534 -34.0 28033 921.625 0
100 2.93297 -40.0 28187 921.625 0
101 2.79798 -46.0 28243 921.625 0
011 4.39946 -38.5 28433 921.625 0
001 1.61988 -34.0 28754 921.625 0
100 2.94524 -40.0 28919 921.625 0
101 2.68140 -46.0 28988 921.625 0
011 4.25833 -38.5 29195 922.625 0
001 1.15969 -33.5 29467 922.625 0
100 1.90827 -39.5 29668 922.625 0
101 1.95122 -46.0 29736 922.625 0
011 4.34423 -38.5 29953 922.625 0
100 1.15355 -40.0 40082 923.625 0
001 0.15340 -33.5 40088 923.625 0
011 3.07410 -39.5 40095 923.625 0
100 1.22718 -40.0 40820 923.625 0
001 0.14113 -33.5 40830 923.625 0
011 3.09864 -39.5 40858 923.625 0
001 0.09204 -34.0 41547 923.625 0
100 1.03084 -40.0 41561 923.625 0
011 2.98206 -39.5 41622 923.625 0
001 2.54027 -34.5 42277 920.625 0
100 3.23363 -41.0 42309 920.625 0
011 5.16645 -38.5 42387 920.625 0
001 2.50959 -34.5 43007 920.625 0
100 3.33794 -40.5 43051 920.625 0
011 5.38120 -39.0 43156 920.625 0
001 1.60148 -34.0 43732 921.625 0
100 2.68140 -40.5 43785 921.625 0
011 4.39332 -39.0 43921 921.625 0
001 1.60761 -33.5 44448 921.625 0
100 2.91456 -40.0 44531 921.625 0
011 4.38105 -39.0 44690 921.625 0
001 1.61375 -34.0 45171 921.625 0
100 2.93297 -40.0 45277 921.625 0
011 3.85950 -39.0 45470 922.625 0
001 1.20878 -33.5 45881 922.625 0
100 1.69965 -40.0 46020 922.625 0
011 3.71223 -39.0 46251 922.625 0
001 1.53398 -33.5 46596 922.625 0
100 1.65670 -40.0 46764 922.625 0
011 4.14175 -39.5 47017 922.625 0
001 0.13499 -33.5 47314 923.625 0
100 1.26400 -39.5 47517 923.625 0
011 3.01274 -40.0 47799 923.625 0
001 0.14113 -33.5 48031 923.625 0
100 1.22105 -40.0 48262 923.625 0
011 2.95751 -39.5 48556 923.625 0
001 0.14726 -33.5 48758 923.625 0
100 1.09833 -39.5 49015 923.625 0
011 5.06214 -38.5 49307 920.625 0
001 2.47278 -34.5 49485 920.625 0
100 3.51588 -40.5 49774 920.625 0
