001 2.51573 -43.5 0 921.625 0
101 5.47938 -43.5 5 921.625 0
011 1.93895 -50.0 10 921.625 0
101 5.47324 -43.5 737 921.625 0
001 2.58936 -43.5 746 921.625 0
011 1.92054 -50.5 786 921.625 0
101 5.48552 -43.0 1468 921.625 0
001 2.45437 -43.5 1484 921.625 0
011 1.93895 -50.5 1558 921.625 0
101 4.92101 -43.0 2194 922.625 0
001 1.87146 -43.5 2212 922.625 0
011 0.81608 -51.0 2334 922.625 0
001 2.06781 -43.0 2929 922.625 0
101 4.93942 -42.5 2935 922.625 0
011 0.74858 -51.0 3115 922.625 0
001 0.95107 -43.5 3652 923.625 0
101 4.05585 -43.0 3664 923.625 0
011 0.36202 -51.0 3893 923.625 0
001 1.23332 -43.5 4371 923.625 0
101 4.07425 -43.0 4394 923.625 0
011 0.33134 -51.0 4662 923.625 0
001 0.90812 -43.5 5094 923.625 0
101 4.08652 -43.0 5125 923.625 0
011 2.00031 -50.5 5431 920.625 0
001 3.30113 -43.5 5817 920.625 0
101 6.08684 -41.5 5857 920.625 0
011 2.04326 -50.5 6202 920.625 0
001 3.14159 -43.5 6544 920.625 0
101 6.19728 -41.5 6599 920.625 0
011 2.09849 -50.5 6968 920.625 0
001 2.41142 -43.0 7271 921.625 0
101 5.46711 -41.5 7336 921.625 0
011 1.52171 -50.5 7744 921.625 0
001 2.44210 -43.5 8003 921.625 0
101 5.43643 -41.5 8068 921.625 0
011 1.39899 -51.0 8514 921.625 0
001 2.38074 -43.5 8726 921.625 0
101 5.44870 -41.5 8793 921.625 0
011 0.57064 -51.5 9301 922.625 0
001 1.79169 -43.0 9457 922.625 0
101 5.11122 -42.0 9520 922.625 0
101 3.97608 -42.0 20032 923.625 0
001 1.09833 -43.5 20037 923.625 0
101 3.97608 -42.0 20760 923.625 0
001 1.12901 -43.5 20769 923.625 0
101 3.95153 -42.0 21495 923.625 0
001 1.21491 -43.5 21509 923.625 0
101 5.97025 -40.0 22226 920.625 0
001 3.12318 -43.5 22244 920.625 0
101 6.19728 -40.5 22964 920.625 0
001 3.18454 -43.5 22974 920.625 0
001 2.40528 -43.0 23695 921.625 0
101 5.31371 -41.0 23716 921.625 0
001 2.39301 -43.0 24419 921.625 0
101 5.29530 -40.5 24446 921.625 0
001 2.41755 -43.0 25141 921.625 0
101 5.39961 -40.5 25185 921.625 0
001 2.30097 -43.0 25860 922.625 0
101 4.86579 -41.0 25924 922.625 0
001 1.97577 -43.0 26593 922.625 0
101 5.06214 -41.0 26642 922.625 0
001 0.99402 -43.0 27324 923.625 0
001 1.12287 -43.5 28063 923.625 0
101 3.91472 -41.5 28105 923.625 0
001 0.92652 -43.5 28782 923.625 0
101 3.89631 -41.5 28830 923.625 0
001 3.11705 -43.0 29513 920.625 0
101 6.01934 -40.0 29564 920.625 0
101 5.36893 -39.5 40061 921.625 0
001 2.51573 -42.5 40066 921.625 0
101 5.27076 -39.5 40780 921.625 0
001 2.41142 -42.5 40794 921.625 0
001 2.55254 -42.5 41510 921.625 0
101 5.33825 -40.0 41532 921.625 0
001 1.95122 -42.5 42234 922.625 0
101 4.91487 -40.0 42267 922.625 0
001 1.97577 -42.5 42962 922.625 0
101 4.86579 -40.5 42999 922.625 0
001 1.11060 -43.0 43701 923.625 0
101 3.77359 -41.0 43743 923.625 0
001 1.23332 -43.0 44432 923.625 0
101 3.62633 -41.0 44475 923.625 0
001 1.24559 -43.0 45163 923.625 0
101 3.71837 -41.0 45202 923.625 0
001 3.18454 -42.5 45892 920.625 0
101 5.84753 -40.0 45928 920.625 0
001 3.19068 -42.5 46612 920.625 0
101 5.93344 -40.0 46658 920.625 0
001 2.48505 -42.5 47328 921.625 0
101 5.07441 -40.0 47392 921.625 0
001 2.51573 -42.5 48047 921.625 0
101 5.16031 -40.0 48116 921.625 0
001 2.53414 -42.5 48770 921.625 0
101 5.11736 -40.0 48846 921.625 0
001 1.97577 -42.5 49499 922.625 0
101 4.39332 -40.5 49595 922.625 0
