101 1.30695 -44.0 0 923.625 0
100 0.61359 -49.0 6 923.625 0
101 1.37445 -44.0 737 923.625 0
100 0.58291 -49.0 747 923.625 0
101 1.64443 -44.5 1470 923.625 0
100 0.65041 -49.0 1493 923.625 0
101 3.31340 -44.0 2216 920.625 0
100 2.74276 -49.0 2239 920.625 0
101 3.29499 -44.5 2952 920.625 0
100 2.96365 -49.0 2983 920.625 0
101 2.70594 -44.0 3688 921.625 0
100 2.37460 -48.5 3725 921.625 0
101 2.89616 -44.0 4416 921.625 0
100 2.12917 -48.5 4470 921.625 0
101 2.72435 -44.0 5138 921.625 0
100 2.30711 -48.5 5213 921.625 0
101 2.01872 -44.0 5869 922.625 0
100 1.54625 -48.5 5956 922.625 0
101 1.92668 -44.0 6597 922.625 0
100 1.30082 -48.5 6700 922.625 0
011 2.11076 -56.0 7315 923.625 0
101 1.42967 -44.0 7334 923.625 0
100 0.62586 -49.0 7443 923.625 0
101 1.52171 -44.5 8060 923.625 0
011 2.12917 -55.5 8119 923.625 0
101 1.66284 -44.0 8786 923.625 0
011 2.15371 -55.5 8902 923.625 0
100 0.57064 -49.0 8934 923.625 0
101 3.25818 -44.5 9520 920.625 0
100 2.85934 -48.5 9687 920.625 0
100 2.41755 -48.5 20032 921.625 0
101 2.90843 -44.0 20037 921.625 0
101 2.66299 -44.0 20765 921.625 0
100 2.04326 -48.5 20780 921.625 0
011 4.36878 -57.5 20967 921.625 0
101 2.59550 -45.5 21496 921.625 0
100 2.37460 -47.0 21528 921.625 0
011 0.54610 -60.5 21555 921.625 0
100 2.46664 -49.0 22104 922.625 0
001 0.03682 -59.5 22150 922.625 0
101 2.46051 -50.0 22204 922.625 0
011 0.86517 -58.5 22457 922.625 0
101 4.14788 -48.5 22836 922.625 0
001 4.15402 -49.5 22876 922.625 0
100 2.58936 -46.5 22965 922.625 0
001 4.92715 -41.0 23437 922.625 0
101 1.52171 -48.5 23447 922.625 0
100 2.77344 -52.0 23688 923.625 0
011 3.48520 -60.5 23944 923.625 0
001 3.90245 -48.0 24153 923.625 0
101 1.95122 -46.0 24191 923.625 0
001 1.16583 -54.5 24880 923.625 0
101 3.54043 -47.0 24927 923.625 0
011 0.82835 -47.0 25084 923.625 0
100 1.12287 -46.5 25155 923.625 0
101 2.71821 -43.0 25535 920.625 0
001 4.25833 -49.5 25598 920.625 0
011 4.88419 -52.5 25851 920.625 0
101 2.36847 -45.0 26263 920.625 0
001 2.65685 -40.5 26323 920.625 0
100 2.78571 -48.5 26535 920.625 0
011 4.75534 -48.5 26624 920.625 0
101 2.53414 -48.5 26989 920.625 0
001 2.74276 -41.5 27039 920.625 0
100 2.90843 -51.0 27291 921.625 0
011 3.10478 -43.0 27381 921.625 0
101 4.30128 -50.0 27691 921.625 0
001 4.77375 -49.5 27719 921.625 0
011 2.57095 -45.0 28147 921.625 0
101 4.24606 -46.5 28424 921.625 0
001 4.31355 -45.5 28438 921.625 0
011 2.63845 -45.0 28904 921.625 0
101 3.29499 -44.5 29153 922.625 0
001 3.11091 -45.5 29173 922.625 0
011 1.54012 -44.5 29678 922.625 0
101 3.11705 -45.0 29879 922.625 0
001 3.10478 -44.5 29912 922.625 0
001 1.18423 -47.5 40074 923.625 0
100 4.79829 -44.0 40080 923.625 0
011 0.76085 -45.5 40085 923.625 0
101 1.60761 -44.0 40091 923.625 0
101 1.54012 -44.0 40822 923.625 0
100 4.67557 -53.0 40842 923.625 0
011 5.75550 -61.0 40860 923.625 0
001 6.00093 -53.5 41085 923.625 0
101 1.55852 -44.0 41546 923.625 0
100 4.50377 -51.0 41672 923.625 0
001 6.23410 -51.5 41823 923.625 0
101 4.26447 -45.0 42268 920.625 0
011 2.52186 -50.0 42278 920.625 0
100 0.14726 -56.5 42515 920.625 0
001 2.91456 -48.5 42559 920.625 0
101 4.12334 -43.5 43011 920.625 0
011 2.61390 -50.5 43025 920.625 0
001 2.80412 -50.0 43291 920.625 0
101 3.10478 -43.5 43735 921.625 0
011 1.73647 -49.0 43909 921.625 0
001 1.99418 -45.5 44012 921.625 0
101 3.08023 -47.5 44469 921.625 0
100 1.05538 -53.0 44506 921.625 0
011 1.36831 -52.0 44687 921.625 0
001 3.29499 -57.0 44745 921.625 0
100 0.49087 -56.5 45146 921.625 0
101 2.87161 -45.5 45354 921.625 0
011 2.16598 -50.5 45458 922.625 0
001 2.78571 -51.5 45557 922.625 0
100 5.97025 -52.0 46040 922.625 0
101 1.30695 -42.5 46094 922.625 0
011 1.54625 -47.5 46209 922.625 0
001 4.72466 -44.0 46222 922.625 0
100 1.25786 -52.0 46763 922.625 0
101 1.05538 -40.5 46839 922.625 0
001 3.51588 -46.5 46946 922.625 0
011 1.54625 -41.5 46983 922.625 0
100 5.43643 -50.0 47479 923.625 0
101 0.57678 -48.0 47542 923.625 0
001 3.90245 -48.0 47619 923.625 0
101 0.43565 -43.0 48270 923.625 0
001 0.21476 -49.0 48510 923.625 0
101 0.50928 -44.0 49009 923.625 0
001 2.38687 -50.5 49096 920.625 0
001 2.40528 -51.0 49618 920.625 0
101 2.03713 -42.0 49736 920.625 0
