100 6.11138 -36.5 0 923.625 0
101 0.87130 -38.5 5 923.625 0
001 1.32536 -45.0 10 923.625 0
001 1.36831 -44.5 718 923.625 0
100 6.16660 -36.0 728 923.625 0
101 1.20878 -38.5 737 923.625 0
001 1.34990 -44.5 1420 923.625 0
101 0.87130 -38.5 1453 923.625 0
100 6.11752 -36.5 1458 923.625 0
001 3.50975 -43.5 2128 920.625 0
101 3.00047 -38.0 2164 920.625 0
100 2.03099 -36.5 2178 920.625 0
001 3.52816 -43.5 2828 920.625 0
101 2.94524 -38.0 2891 920.625 0
100 1.99418 -36.0 2909 920.625 0
001 3.49134 -43.5 3531 920.625 0
101 2.65685 -38.0 3596 921.625 0
100 1.19037 -36.0 3647 921.625 0
001 2.93297 -44.0 4253 921.625 0
101 2.62004 -38.0 4302 921.625 0
100 1.31309 -36.0 4375 921.625 0
001 3.04342 -44.0 4958 921.625 0
101 2.53414 -38.0 5018 921.625 0
100 1.23332 -36.0 5095 921.625 0
001 2.19052 -44.5 5680 922.625 0
100 0.53996 -36.0 5812 922.625 0
001 2.21507 -44.0 6386 922.625 0
100 0.55837 -36.0 6553 922.625 0
001 2.41755 -44.0 7097 922.625 0
101 1.15969 -38.5 7183 923.625 0
100 5.93957 -36.0 7278 923.625 0
001 1.74874 -44.0 7806 923.625 0
101 0.96948 -38.0 7889 923.625 0
100 5.93344 -36.5 7999 923.625 0
001 1.30695 -44.5 8511 923.625 0
101 0.82835 -38.5 8608 923.625 0
001 3.50361 -43.5 9234 920.625 0
101 2.95138 -38.0 9324 920.625 0
100 1.71806 -36.0 9449 920.625 0
001 3.54656 -43.5 9935 920.625 0
101 2.38074 -38.0 20037 921.625 0
100 1.23946 -36.0 20042 921.625 0
001 2.90843 -44.0 20047 921.625 0
101 2.59550 -38.0 20754 921.625 0
001 2.74276 -44.0 20764 921.625 0
100 1.12901 -36.0 20778 921.625 0
001 2.83480 -44.0 21472 921.625 0
101 2.78571 -38.0 21492 921.625 0
100 1.09833 -36.0 21510 921.625 0
001 1.98804 -44.5 22175 922.625 0
100 0.51542 -36.0 22233 922.625 0
001 2.09235 -44.5 22896 922.625 0
100 0.45406 -36.0 22946 922.625 0
001 1.96963 -44.5 23611 922.625 0
100 6.20342 -36.5 23673 923.625 0
001 1.30082 -45.0 24331 923.625 0
101 0.98175 -38.5 24341 923.625 0
100 5.98866 -36.5 24406 923.625 0
001 1.50944 -45.0 25038 923.625 0
101 0.88357 -38.5 25053 923.625 0
100 5.92117 -36.5 25126 923.625 0
001 3.22750 -43.5 25735 920.625 0
101 2.94524 -38.0 25766 920.625 0
100 1.87759 -36.5 25844 920.625 0
001 3.31340 -44.0 26450 920.625 0
100 1.74260 -36.5 26573 920.625 0
001 3.23363 -43.5 27156 920.625 0
100 1.53398 -36.0 27293 921.625 0
001 2.89616 -44.0 27862 921.625 0
101 2.61390 -38.0 27918 921.625 0
100 1.39285 -36.0 28013 921.625 0
001 3.07410 -44.0 28575 921.625 0
101 2.65072 -38.0 28645 921.625 0
100 1.33150 -36.5 28737 921.625 0
001 2.08008 -44.0 29293 922.625 0
100 0.38043 -36.5 29459 922.625 0
001 2.04326 -44.5 30014 922.625 0
001 1.47262 -44.5 40063 923.625 0
100 6.14206 -36.5 40069 923.625 0
101 1.01243 -38.5 40074 923.625 0
001 1.39285 -44.5 40765 923.625 0
101 1.11674 -38.5 40784 923.625 0
100 5.90889 -36.5 40803 923.625 0
001 1.27627 -44.5 41465 923.625 0
101 0.89584 -38.5 41492 923.625 0
100 5.89662 -36.5 41525 923.625 0
001 3.46680 -43.5 42168 920.625 0
101 3.15386 -38.0 42206 920.625 0
100 1.73647 -36.5 42251 920.625 0
001 3.46066 -43.5 42885 920.625 0
101 2.95138 -38.0 42923 920.625 0
100 1.71192 -36.5 42962 920.625 0
001 3.31340 -43.5 43596 920.625 0
101 3.15386 -38.0 43634 920.625 0
100 1.25786 -36.0 43683 921.625 0
001 3.01887 -44.0 44308 921.625 0
101 2.49118 -38.0 44353 921.625 0
100 1.31922 -36.0 44402 921.625 0
001 2.58322 -44.0 45005 921.625 0
101 2.28870 -38.0 45056 921.625 0
100 1.14128 -36.0 45123 921.625 0
001 2.03099 -44.0 45718 922.625 0
101 1.42353 -38.0 45779 922.625 0
100 0.35588 -36.5 45842 922.625 0
001 2.01258 -44.0 46422 922.625 0
100 0.48474 -36.5 46566 922.625 0
001 1.99418 -44.0 47137 922.625 0
101 1.53398 -38.0 47203 922.625 0
100 5.98253 -36.5 47292 923.625 0
001 1.33763 -44.5 47860 923.625 0
101 1.05538 -38.5 47909 923.625 0
100 5.87821 -36.0 48019 923.625 0
001 1.41740 -45.0 48576 923.625 0
101 1.25786 -38.5 48624 923.625 0
100 6.01320 -36.0 48745 923.625 0
001 3.25818 -43.5 49292 920.625 0
101 3.03115 -38.0 49329 920.625 0
100 1.66897 -36.5 49487 920.625 0
001 3.24590 -43.5 49998 920.625 0
101 3.00047 -38.0 50038 920.625 0
