101 2.25188 -44.5 0 921.625 0
001 0.85903 -41.5 5 921.625 0
011 2.08008 -50.5 14 921.625 0
001 1.01243 -41.5 712 921.625 0
101 2.45437 -44.5 721 921.625 0
001 0.90198 -41.5 1404 921.625 0
101 2.20893 -44.5 1445 921.625 0
001 6.25251 -42.0 2111 922.625 0
101 1.39285 -44.5 2167 922.625 0
011 1.35604 -50.0 2176 922.625 0
001 6.25251 -42.0 2808 922.625 0
101 1.38672 -44.5 2883 922.625 0
001 6.24637 -42.5 3503 922.625 0
011 0.69336 -49.0 3605 923.625 0
101 0.74245 -44.5 3612 923.625 0
011 0.54610 -49.0 4362 923.625 0
001 5.47938 -42.5 4905 923.625 0
101 0.74858 -45.0 5055 923.625 0
011 0.46633 -48.5 5120 923.625 0
001 1.34377 -41.0 5610 920.625 0
101 3.11091 -45.0 5784 920.625 0
001 1.46035 -41.0 6326 920.625 0
101 2.94524 -45.0 6498 920.625 0
001 1.41740 -41.0 7035 920.625 0
011 2.61390 -50.5 7182 921.625 0
101 2.35619 -44.5 7223 921.625 0
001 1.02470 -41.5 7741 921.625 0
011 2.15984 -50.5 7941 921.625 0
101 2.22734 -44.5 7951 921.625 0
001 0.95720 -41.5 8449 921.625 0
101 2.14144 -44.5 8669 921.625 0
011 2.06167 -50.5 8696 921.625 0
001 6.25864 -42.0 9150 922.625 0
011 1.54625 -49.5 9477 922.625 0
001 6.25251 -42.5 9853 922.625 0
011 0.59518 -49.0 20041 923.625 0
001 5.47324 -42.5 20757 923.625 0
011 0.65041 -49.0 20795 923.625 0
001 5.48552 -42.5 21473 923.625 0
011 0.72404 -49.0 21551 923.625 0
101 3.07410 -45.0 22187 920.625 0
001 1.31309 -41.0 22197 920.625 0
011 2.76730 -51.5 22317 920.625 0
101 2.85320 -45.0 22900 920.625 0
001 1.31922 -41.0 22906 920.625 0
011 2.73662 -51.5 23074 920.625 0
001 1.34377 -41.0 23603 920.625 0
101 3.05569 -45.0 23612 920.625 0
011 2.16598 -50.0 23836 921.625 0
001 1.07992 -41.5 24307 921.625 0
101 2.47891 -45.0 24326 921.625 0
011 2.53414 -50.5 24594 921.625 0
001 1.35604 -41.5 25012 921.625 0
101 2.15371 -45.0 25039 921.625 0
011 2.06781 -50.5 25351 921.625 0
001 6.17887 -42.0 25732 922.625 0
011 1.49717 -50.0 26118 922.625 0
001 6.17274 -42.0 26443 922.625 0
101 1.42967 -44.5 26480 922.625 0
011 1.35604 -49.5 26877 922.625 0
001 6.17887 -42.0 27195 922.625 0
101 1.37445 -44.5 27210 922.625 0
011 0.93266 -49.0 27642 923.625 0
001 5.48552 -42.5 27896 923.625 0
101 0.61973 -45.0 27929 923.625 0
011 0.60132 -48.5 28401 923.625 0
001 5.45484 -42.5 28611 923.625 0
101 0.62586 -45.0 28653 923.625 0
011 2.84093 -51.5 29165 920.625 0
001 1.37445 -41.0 29314 920.625 0
101 2.85934 -45.0 29371 920.625 0
011 2.74276 -51.5 29924 920.625 0
001 1.52171 -41.0 30014 920.625 0
001 0.86517 -41.5 40072 921.625 0
011 2.11689 -50.0 40077 921.625 0
101 2.67526 -45.0 40082 921.625 0
001 0.87744 -41.5 40776 921.625 0
101 2.36233 -45.0 40807 921.625 0
011 2.25188 -50.0 40839 921.625 0
001 0.56450 -41.5 41471 921.625 0
101 2.38074 -45.0 41531 921.625 0
011 2.03713 -50.0 41599 921.625 0
001 6.15433 -42.0 42207 922.625 0
101 1.42967 -45.0 42248 922.625 0
011 1.34990 -49.0 42357 922.625 0
001 6.20955 -42.0 42910 922.625 0
101 1.41740 -45.0 42966 922.625 0
011 1.44808 -49.0 43120 922.625 0
001 6.19115 -42.0 43621 922.625 0
011 0.45406 -49.0 43875 923.625 0
001 5.47324 -42.5 44336 923.625 0
011 0.69336 -49.0 44630 923.625 0
001 5.46711 -42.5 45041 923.625 0
101 0.61359 -45.0 45115 923.625 0
011 0.49701 -48.5 45394 923.625 0
001 1.25173 -41.0 45752 920.625 0
101 3.12932 -45.5 45837 920.625 0
011 2.81639 -51.5 46159 920.625 0
001 1.51557 -41.0 46460 920.625 0
101 2.88388 -45.5 46556 920.625 0
011 2.77957 -51.0 46920 920.625 0
001 1.39285 -41.0 47163 920.625 0
101 2.16598 -45.0 47280 921.625 0
011 2.19666 -50.5 47684 921.625 0
001 0.85903 -41.5 47873 921.625 0
101 2.55868 -45.0 48000 921.625 0
011 2.03099 -50.0 48440 921.625 0
001 0.91425 -41.5 48591 921.625 0
101 2.35619 -45.0 48714 921.625 0
011 1.19651 -49.5 49201 922.625 0
001 6.12365 -42.0 49317 922.625 0
011 1.24559 -49.5 49960 922.625 0
001 6.19115 -42.0 50041 922.625 0
