100 4.29515 -43.5 0 921.625 0
101 1.42967 -42.0 676 921.625 0
100 4.68785 -43.5 699 921.625 0
101 1.58307 -41.5 1346 921.625 0
100 4.33810 -43.5 1403 921.625 0
101 0.90812 -41.5 2030 922.625 0
100 3.60179 -44.5 2083 922.625 0
101 1.11674 -41.5 2701 922.625 0
100 3.62019 -44.5 2781 922.625 0
101 1.07992 -41.5 3386 922.625 0
100 3.51588 -44.5 3467 922.625 0
101 6.08684 -41.0 4061 923.625 0
100 2.96365 -45.0 4158 923.625 0
101 6.10524 -41.0 4737 923.625 0
100 2.79798 -45.0 4847 923.625 0
101 2.46664 -42.0 5414 920.625 0
100 4.85965 -43.5 5532 920.625 0
101 2.41755 -42.0 6084 920.625 0
100 4.79829 -43.5 6217 920.625 0
101 2.39915 -42.0 6756 920.625 0
100 4.84738 -43.5 6896 920.625 0
101 1.35604 -41.5 7429 921.625 0
100 4.52218 -44.0 7589 921.625 0
101 1.36831 -41.5 8106 921.625 0
100 4.24606 -44.0 8274 921.625 0
101 1.57693 -41.5 8781 921.625 0
100 4.40559 -44.0 8967 921.625 0
101 0.68722 -41.5 9453 922.625 0
100 3.50975 -44.5 9650 922.625 0
101 0.28225 -41.0 20039 923.625 0
100 2.77344 -45.5 20045 923.625 0
101 0.02454 -41.0 20706 923.625 0
100 2.72435 -45.5 20735 923.625 0
101 0.06750 -41.0 21382 923.625 0
100 2.74276 -45.5 21424 923.625 0
101 2.33779 -42.0 22046 920.625 0
100 4.85965 -44.5 22119 920.625 0
101 2.29484 -42.0 22710 920.625 0
100 4.85965 -44.5 22811 920.625 0
101 2.33165 -42.0 23377 920.625 0
100 4.82897 -44.5 23498 920.625 0
101 1.35604 -41.5 24046 921.625 0
100 4.41173 -45.0 24181 921.625 0
101 1.37445 -41.5 24714 921.625 0
100 4.31969 -45.0 24867 921.625 0
101 1.34990 -41.5 25409 921.625 0
100 3.45452 -45.5 25558 922.625 0
101 1.17196 -41.0 26090 922.625 0
100 3.27045 -45.5 26247 922.625 0
101 0.86517 -41.0 26770 922.625 0
100 3.59565 -45.5 26933 922.625 0
101 6.14819 -41.0 27445 923.625 0
100 2.81639 -46.0 27635 923.625 0
101 6.14206 -41.0 28118 923.625 0
100 2.81639 -46.0 28317 923.625 0
101 6.19115 -40.5 28788 923.625 0
100 4.83511 -45.0 29015 920.625 0
101 2.20893 -42.0 29467 920.625 0
100 4.79829 -45.0 29698 920.625 0
100 4.26447 -45.5 40067 921.625 0
101 1.38058 -41.5 40072 921.625 0
100 4.20924 -45.0 40755 921.625 0
101 1.44808 -41.5 41427 921.625 0
100 4.27060 -45.0 41442 921.625 0
101 1.03697 -41.0 42100 922.625 0
100 3.22750 -45.5 42135 922.625 0
101 0.92652 -41.0 42769 922.625 0
100 3.19068 -45.5 42827 922.625 0
101 0.83449 -41.0 43442 922.625 0
100 3.56497 -45.5 43514 922.625 0
101 6.06843 -40.5 44129 923.625 0
100 2.47891 -46.0 44212 923.625 0
101 0.25157 -40.5 44794 923.625 0
100 2.49732 -46.5 44906 923.625 0
101 2.31324 -41.5 45473 920.625 0
100 4.78602 -45.0 45597 920.625 0
101 2.23961 -41.5 46152 920.625 0
100 4.74920 -45.5 46290 920.625 0
101 2.32551 -41.5 46828 920.625 0
100 4.71239 -45.0 46985 920.625 0
101 1.35604 -41.0 47503 921.625 0
100 4.30742 -45.5 47677 921.625 0
100 4.58353 -45.5 48374 921.625 0
101 1.34990 -41.0 48862 921.625 0
100 3.48520 -46.0 49065 922.625 0
101 1.09219 -41.0 49540 922.625 0
100 3.33181 -45.5 49761 922.625 0
