011 4.31355 -49.0 0 921.625 0
100 0.82221 -48.5 5 921.625 0
101 2.30711 -51.0 32 921.625 0
100 0.82221 -48.5 637 921.625 0
011 4.57740 -49.0 656 921.625 0
101 2.19666 -50.5 685 921.625 0
100 0.83449 -48.0 1263 921.625 0
011 4.80443 -49.0 1319 921.625 0
101 2.33779 -51.0 1360 921.625 0
100 0.00000 -48.0 1895 922.625 0
011 3.58952 -49.0 1982 922.625 0
101 1.51557 -51.5 2000 922.625 0
100 0.01841 -48.0 2523 922.625 0
101 1.54625 -51.5 2631 922.625 0
011 4.00676 -48.5 2645 922.625 0
100 0.03068 -47.5 3154 922.625 0
101 1.57693 -51.5 3269 922.625 0
011 3.81041 -48.5 3303 922.625 0
100 5.87208 -48.0 3785 923.625 0
101 1.32536 -52.0 3904 923.625 0
011 2.85320 -49.0 3954 923.625 0
100 5.87208 -48.0 4416 923.625 0
101 1.23946 -52.0 4551 923.625 0
011 3.22750 -49.0 4616 923.625 0
100 5.74936 -48.0 5049 923.625 0
101 1.33763 -51.5 5181 923.625 0
011 2.87775 -49.0 5283 923.625 0
100 1.55239 -48.0 5676 920.625 0
101 3.09251 -50.0 5870 920.625 0
011 5.04373 -48.5 5943 920.625 0
100 1.56466 -47.5 6301 920.625 0
101 2.92070 -50.0 6513 920.625 0
011 5.09895 -48.5 6594 920.625 0
100 1.52784 -48.0 6928 920.625 0
101 2.33165 -50.5 7199 921.625 0
011 4.38105 -48.5 7252 921.625 0
100 0.74858 -48.5 7552 921.625 0
101 2.31324 -50.5 7848 921.625 0
011 4.34423 -49.0 7904 921.625 0
100 0.77313 -48.0 8177 921.625 0
011 4.35651 -48.5 8566 921.625 0
101 2.24575 -51.0 8579 921.625 0
100 0.76699 -48.5 8807 921.625 0
011 3.87790 -48.5 9217 922.625 0
101 1.49717 -51.5 9226 922.625 0
100 0.06136 -48.0 9438 922.625 0
101 1.51557 -51.0 9862 922.625 0
011 3.82268 -48.5 9878 922.625 0
101 1.36217 -51.0 20033 923.625 0
011 2.92070 -48.5 20039 923.625 0
100 6.25864 -48.0 20045 923.625 0
101 1.26400 -53.5 20668 923.625 0
100 5.70027 -48.0 20677 923.625 0
011 3.04955 -49.0 20687 923.625 0
101 1.10447 -52.0 21304 923.625 0
100 5.66959 -48.0 21314 923.625 0
011 2.93911 -49.0 21339 923.625 0
100 1.54625 -48.0 21952 920.625 0
101 3.20909 -50.5 21963 920.625 0
011 5.07441 -49.0 21999 920.625 0
100 1.53398 -47.5 22573 920.625 0
101 3.12932 -50.0 22607 920.625 0
011 5.04986 -48.5 22655 920.625 0
100 1.54012 -47.5 23197 920.625 0
101 2.92070 -50.0 23265 920.625 0
011 4.90260 -48.5 23306 920.625 0
100 0.76699 -48.0 23825 921.625 0
101 2.27643 -51.0 23938 921.625 0
011 4.35037 -48.5 23969 921.625 0
100 0.75472 -48.0 24455 921.625 0
101 2.30711 -51.0 24600 921.625 0
011 4.45468 -48.5 24625 921.625 0
100 0.78540 -48.0 25092 921.625 0
011 4.38105 -49.0 25279 921.625 0
101 2.18439 -51.0 25297 921.625 0
100 6.24023 -48.5 25719 922.625 0
101 1.56466 -51.5 25936 922.625 0
011 3.55270 -48.5 25946 922.625 0
100 6.23410 -48.0 26344 922.625 0
101 1.46649 -51.5 26580 922.625 0
011 3.61406 -48.5 26599 922.625 0
100 6.25251 -48.5 26973 922.625 0
101 1.00016 -52.5 27218 923.625 0
011 2.94524 -48.5 27261 923.625 0
100 6.17274 -48.0 27594 923.625 0
101 1.18423 -52.5 27857 923.625 0
011 2.98819 -48.5 27910 923.625 0
100 5.65732 -48.0 28222 923.625 0
101 1.20264 -52.0 28492 923.625 0
011 2.96365 -48.5 28574 923.625 0
100 5.66346 -48.5 28845 923.625 0
101 2.90229 -50.5 29192 920.625 0
011 5.01305 -48.5 29229 920.625 0
100 1.47876 -48.0 29477 920.625 0
101 2.98819 -50.5 29834 920.625 0
011 5.04373 -48.5 29879 920.625 0
011 4.33196 -49.0 40069 921.625 0
100 0.76085 -48.5 40074 921.625 0
101 2.23961 -51.0 40127 921.625 0
100 0.75472 -48.0 40705 921.625 0
011 4.35651 -49.0 40724 921.625 0
101 2.21507 -51.0 40791 921.625 0
100 0.76699 -48.0 41331 921.625 0
011 4.38105 -48.5 41393 921.625 0
101 2.23961 -51.0 41529 921.625 0
100 0.00614 -48.5 41966 922.625 0
011 3.57724 -48.5 42051 922.625 0
101 1.43581 -52.0 42168 922.625 0
100 6.26478 -48.0 42602 922.625 0
011 4.20924 -48.5 42704 922.625 0
101 1.55852 -52.0 42812 922.625 0
100 6.26478 -48.0 43230 922.625 0
011 3.64474 -48.5 43363 922.625 0
101 1.48489 -51.5 43453 922.625 0
100 5.85981 -48.0 43855 923.625 0
011 2.87161 -49.0 44021 923.625 0
101 1.35604 -53.0 44085 923.625 0
100 5.95185 -48.0 44486 923.625 0
011 2.95138 -49.0 44675 923.625 0
101 1.22105 -52.5 44728 923.625 0
100 5.68800 -48.0 45117 923.625 0
011 3.04342 -49.0 45340 923.625 0
101 1.26400 -53.0 45364 923.625 0
100 1.50944 -48.0 45758 920.625 0
101 2.87775 -50.5 46007 920.625 0
011 4.89033 -48.5 46016 920.625 0
100 1.53398 -48.0 46385 920.625 0
101 3.03115 -50.5 46648 920.625 0
011 5.12963 -48.5 46671 920.625 0
100 1.45421 -47.5 47021 920.625 0
101 2.30711 -51.0 47316 921.625 0
011 4.79829 -48.5 47332 921.625 0
100 0.74858 -48.5 47656 921.625 0
101 2.25188 -51.0 47965 921.625 0
011 4.36264 -49.0 47985 921.625 0
100 0.73017 -48.0 48290 921.625 0
011 4.43627 -49.0 48648 921.625 0
101 2.21507 -51.0 48677 921.625 0
011 3.71837 -48.5 49305 922.625 0
101 1.56466 -52.0 49324 922.625 0
100 6.24637 -48.5 49549 922.625 0
011 3.57724 -48.5 49966 922.625 0
101 1.57080 -52.0 49971 922.625 0
