100 6.22796 -46.5 0 923.625 0
001 1.54012 -50.5 5 923.625 0
101 1.50944 -50.0 10 923.625 0
011 3.09251 -48.5 17 923.625 0
100 0.07977 -46.5 617 923.625 0
001 1.54012 -50.5 627 923.625 0
101 1.41740 -50.0 637 923.625 0
100 5.94571 -46.5 1240 923.625 0
001 1.54012 -50.5 1255 923.625 0
101 1.55852 -50.5 1265 923.625 0
100 2.06167 -46.0 1862 920.625 0
001 4.44241 -48.0 1883 920.625 0
011 5.65732 -48.5 1944 920.625 0
100 1.94509 -46.0 2479 920.625 0
001 4.14175 -48.0 2508 920.625 0
011 5.30757 -48.0 2587 920.625 0
101 3.03728 -49.0 2791 920.625 0
100 1.94509 -46.5 3096 920.625 0
001 4.37491 -49.0 3136 920.625 0
011 5.74936 -48.0 3240 920.625 0
101 3.12318 -49.0 3314 920.625 0
100 1.21491 -46.0 3714 921.625 0
001 3.33181 -48.5 3756 921.625 0
011 4.62035 -48.5 3889 921.625 0
101 2.33165 -50.0 3936 921.625 0
100 1.25173 -46.5 4331 921.625 0
001 3.36862 -49.0 4379 921.625 0
011 4.63876 -48.5 4526 921.625 0
101 2.31938 -50.0 4562 921.625 0
100 1.16583 -46.5 4958 921.625 0
001 3.36249 -49.5 4998 921.625 0
011 4.92101 -48.5 5173 921.625 0
101 2.31938 -49.5 5308 921.625 0
100 0.66268 -46.5 5574 922.625 0
001 2.45437 -49.0 5615 922.625 0
011 4.09880 -48.5 5814 922.625 0
101 1.73033 -51.0 5933 922.625 0
100 0.85903 -46.5 6186 922.625 0
001 3.05569 -50.0 6240 922.625 0
011 4.21538 -48.5 6453 922.625 0
101 1.58920 -50.5 6566 922.625 0
100 0.46633 -46.5 6806 922.625 0
001 2.58936 -50.0 6860 922.625 0
011 4.19697 -48.5 7092 922.625 0
101 1.19037 -51.0 7190 923.625 0
100 5.97025 -46.5 7425 923.625 0
001 1.37445 -50.5 7476 923.625 0
101 1.54625 -50.5 7810 923.625 0
100 5.90889 -46.5 8040 923.625 0
001 1.51557 -50.5 8101 923.625 0
101 1.27627 -50.5 8440 923.625 0
100 5.95185 -46.5 8651 923.625 0
001 1.54625 -50.0 8720 923.625 0
011 5.38734 -48.0 9029 920.625 0
100 1.75487 -46.0 9267 920.625 0
001 4.21538 -48.5 9345 920.625 0
011 5.34439 -48.0 9664 920.625 0
100 1.95122 -46.0 9886 920.625 0
001 4.16016 -48.0 9967 920.625 0
100 1.17810 -46.5 20048 921.625 0
011 5.06214 -48.5 20053 921.625 0
001 3.55270 -49.0 20060 921.625 0
101 2.34392 -50.0 20065 921.625 0
100 1.20264 -46.5 20658 921.625 0
001 3.73678 -49.5 20679 921.625 0
011 5.00691 -48.0 20693 921.625 0
101 2.35619 -50.0 20706 921.625 0
100 1.12901 -46.5 21270 921.625 0
001 3.48520 -49.0 21298 921.625 0
101 2.27029 -50.0 21339 921.625 0
011 4.60808 -48.0 21349 921.625 0
100 0.38043 -46.5 21886 922.625 0
001 2.64458 -50.0 21923 922.625 0
101 1.63216 -50.5 21972 922.625 0
011 4.34423 -48.5 22000 922.625 0
100 0.61973 -46.5 22513 922.625 0
001 2.93911 -50.0 22542 922.625 0
101 1.61988 -50.5 22594 922.625 0
011 4.03130 -48.5 22647 922.625 0
100 0.71790 -46.5 23133 922.625 0
001 2.54027 -50.0 23166 922.625 0
101 1.66284 -50.0 23219 922.625 0
011 4.33196 -48.5 23293 922.625 0
100 6.08070 -47.0 23749 923.625 0
001 1.54625 -50.5 23797 923.625 0
101 1.36831 -50.5 23847 923.625 0
011 3.02501 -48.5 23934 923.625 0
100 6.01934 -46.5 24369 923.625 0
001 1.53398 -50.5 24416 923.625 0
101 1.09219 -50.5 24475 923.625 0
100 6.02548 -47.0 24995 923.625 0
001 1.50330 -50.5 25036 923.625 0
101 1.42967 -50.5 25105 923.625 0
100 1.85918 -46.5 25608 920.625 0
001 4.30742 -48.5 25662 920.625 0
011 5.50392 -48.0 25874 920.625 0
100 1.91441 -46.0 26227 920.625 0
001 4.30128 -48.5 26282 920.625 0
011 5.44870 -48.0 26523 920.625 0
100 1.93895 -46.5 26840 920.625 0
001 4.25833 -48.5 26911 920.625 0
011 5.21553 -48.0 27162 920.625 0
101 2.34392 -50.0 27255 921.625 0
100 1.47876 -46.5 27452 921.625 0
001 3.25204 -49.5 27534 921.625 0
011 4.67557 -48.5 27811 921.625 0
101 2.32551 -50.0 27879 921.625 0
100 1.14128 -46.5 28078 921.625 0
001 3.22136 -49.0 28157 921.625 0
011 4.58967 -48.5 28454 921.625 0
101 2.31938 -50.0 28525 921.625 0
100 1.16583 -46.5 28691 921.625 0
001 3.33181 -49.5 28774 921.625 0
011 3.94540 -48.0 29097 922.625 0
101 1.54625 -50.5 29159 922.625 0
100 0.53383 -47.0 29317 922.625 0
001 2.50959 -50.0 29395 922.625 0
011 3.84722 -48.0 29747 922.625 0
101 1.55852 -50.5 29789 922.625 0
100 0.41724 -46.5 29932 922.625 0
001 2.85320 -50.5 30012 922.625 0
101 1.22718 -50.5 40089 923.625 0
100 6.17887 -47.0 40096 923.625 0
101 1.04311 -50.5 40718 923.625 0
100 6.01320 -46.5 40724 923.625 0
001 1.42967 -50.5 40733 923.625 0
011 2.97592 -48.5 40743 923.625 0
101 1.02470 -51.0 41339 923.625 0
100 5.90276 -47.0 41355 923.625 0
001 1.53398 -50.5 41367 923.625 0
011 2.96365 -48.5 41386 923.625 0
100 1.98804 -46.5 41971 920.625 0
101 2.95138 -49.5 41976 920.625 0
001 4.23992 -48.5 41985 920.625 0
011 5.23394 -48.0 42031 920.625 0
100 1.88986 -46.5 42588 920.625 0
001 4.24606 -48.5 42611 920.625 0
101 3.05569 -49.5 42661 920.625 0
011 5.38734 -48.0 42684 920.625 0
100 1.88373 -46.5 43213 920.625 0
001 4.31355 -48.5 43225 920.625 0
011 5.24621 -48.0 43336 920.625 0
101 2.96365 -49.5 43412 920.625 0
100 1.23946 -47.0 43845 921.625 0
001 3.33181 -49.5 43855 921.625 0
011 4.47309 -48.5 43982 921.625 0
101 2.31324 -50.0 44044 921.625 0
100 1.27627 -47.0 44472 921.625 0
001 3.55884 -49.5 44482 921.625 0
011 4.48536 -48.5 44624 921.625 0
101 2.31938 -50.0 44691 921.625 0
100 1.11674 -46.5 45100 921.625 0
001 3.32567 -49.5 45110 921.625 0
011 4.71852 -48.0 45271 921.625 0
101 2.30711 -50.0 45338 921.625 0
100 0.38656 -46.5 45716 922.625 0
001 2.58936 -50.0 45736 922.625 0
011 4.15402 -48.5 45918 922.625 0
101 1.62602 -50.0 45975 922.625 0
100 0.50928 -46.5 46343 922.625 0
001 2.73049 -50.0 46364 922.625 0
011 4.49763 -48.5 46567 922.625 0
101 1.66284 -50.5 46600 922.625 0
100 0.80994 -46.5 46964 922.625 0
001 2.65072 -50.0 46991 922.625 0
011 3.87177 -48.5 47213 922.625 0
101 1.51557 -50.0 47227 922.625 0
100 5.87821 -47.0 47584 923.625 0
001 1.39899 -51.5 47617 923.625 0
101 1.33150 -51.0 47854 923.625 0
100 6.12979 -47.0 48214 923.625 0
001 1.50944 -50.5 48252 923.625 0
101 1.06765 -51.0 48485 923.625 0
001 1.39285 -50.5 48881 923.625 0
011 5.31985 -48.5 49164 920.625 0
101 2.96365 -49.5 49246 920.625 0
100 2.00645 -46.5 49450 920.625 0
001 4.32583 -48.5 49508 920.625 0
011 5.22167 -48.0 49809 920.625 0
100 1.87146 -46.5 50075 920.625 0
