100 1.55852 -44.0 0 921.625 0
001 3.97608 -46.0 5 921.625 0
101 2.32551 -48.5 13 921.625 0
011 5.01305 -48.0 18 921.625 0
100 1.71192 -44.0 577 921.625 0
001 3.99449 -46.0 592 921.625 0
101 2.40528 -48.0 607 921.625 0
011 5.00078 -48.0 625 921.625 0
100 1.85305 -44.0 1159 921.625 0
001 3.94540 -46.5 1184 921.625 0
011 4.92101 -48.0 1234 921.625 0
101 2.37460 -48.5 1291 921.625 0
100 1.79169 -44.5 1742 921.625 0
001 3.97608 -47.0 1771 921.625 0
101 1.68738 -48.0 1796 922.625 0
011 4.22152 -47.5 1836 922.625 0
101 1.71806 -47.5 2296 922.625 0
100 1.19651 -44.5 2330 922.625 0
001 3.15386 -45.5 2358 922.625 0
011 4.27060 -48.0 2438 922.625 0
101 1.84691 -48.0 2823 922.625 0
100 0.93880 -45.0 2912 922.625 0
001 3.19068 -47.0 2940 922.625 0
011 4.30128 -48.0 3048 922.625 0
101 1.68124 -48.0 3422 922.625 0
100 1.21491 -45.0 3489 922.625 0
001 3.19068 -46.5 3532 922.625 0
011 3.22750 -48.0 3656 923.625 0
101 1.42353 -48.5 4007 923.625 0
100 6.26478 -45.5 4065 923.625 0
001 2.85934 -47.0 4127 923.625 0
011 3.20909 -48.0 4270 923.625 0
101 1.14742 -48.5 4606 923.625 0
100 6.27091 -45.0 4642 923.625 0
001 2.68140 -47.0 4715 923.625 0
011 3.20295 -48.0 4881 923.625 0
101 1.15355 -48.5 5202 923.625 0
100 6.27705 -45.0 5221 923.625 0
001 2.77957 -47.0 5303 923.625 0
011 5.46097 -47.5 5478 920.625 0
100 2.58322 -43.5 5800 920.625 0
101 3.11091 -48.0 5872 920.625 0
001 4.70625 -46.0 5895 920.625 0
011 5.53460 -48.0 6088 920.625 0
100 2.46051 -43.5 6372 920.625 0
101 3.11091 -48.0 6463 920.625 0
001 4.76761 -46.0 6482 920.625 0
011 5.55915 -47.5 6698 920.625 0
100 2.31938 -43.5 6962 920.625 0
001 4.71239 -45.5 7063 920.625 0
101 3.11705 -48.0 7078 920.625 0
011 5.01919 -48.0 7307 921.625 0
100 1.71806 -44.0 7550 921.625 0
001 3.96994 -46.0 7644 921.625 0
101 2.33779 -48.5 7678 921.625 0
011 5.16031 -48.0 7911 921.625 0
100 1.60761 -44.0 8144 921.625 0
001 4.12334 -46.5 8237 921.625 0
101 2.34392 -48.5 8274 921.625 0
011 5.03759 -48.0 8518 921.625 0
100 1.65670 -44.5 8731 921.625 0
001 3.94540 -46.0 8817 921.625 0
101 2.36233 -48.5 8867 921.625 0
011 4.23379 -48.0 9127 922.625 0
100 0.84062 -45.0 9311 922.625 0
001 3.33181 -46.5 9402 922.625 0
101 1.76101 -48.0 9465 922.625 0
011 4.19084 -48.0 9732 922.625 0
100 1.08606 -45.0 9892 922.625 0
001 3.22750 -46.5 9981 922.625 0
001 2.43596 -47.5 20038 923.625 0
100 6.26478 -45.5 20044 923.625 0
011 3.17227 -48.0 20053 923.625 0
101 1.30695 -48.5 20071 923.625 0
100 6.27091 -45.5 20623 923.625 0
001 2.52800 -47.5 20633 923.625 0
011 3.14159 -48.0 20664 923.625 0
101 1.57693 -48.5 20674 923.625 0
100 6.25864 -45.5 21212 923.625 0
001 2.57095 -47.5 21226 923.625 0
101 1.48489 -48.5 21273 923.625 0
011 3.18454 -48.0 21283 923.625 0
100 0.01841 -45.5 21799 923.625 0
001 4.66944 -46.0 21831 920.625 0
101 3.09864 -48.0 21881 920.625 0
011 6.14819 -47.5 21890 920.625 0
100 2.60163 -44.0 22378 920.625 0
001 4.68171 -46.0 22412 920.625 0
101 3.10478 -48.0 22479 920.625 0
011 6.02548 -48.0 22498 920.625 0
100 2.49118 -44.0 22965 920.625 0
001 4.68171 -45.5 23000 920.625 0
011 5.60823 -47.5 23098 920.625 0
101 3.06796 -48.0 23124 920.625 0
100 2.54641 -44.0 23542 920.625 0
001 4.69398 -46.0 23592 920.625 0
011 5.11122 -48.0 23703 921.625 0
101 2.38074 -48.5 23722 921.625 0
100 1.59534 -44.5 24119 921.625 0
001 3.91472 -46.5 24188 921.625 0
011 4.94555 -48.0 24309 921.625 0
101 2.31938 -48.5 24329 921.625 0
100 1.69351 -44.5 24709 921.625 0
001 3.90245 -46.5 24776 921.625 0
011 4.83511 -48.0 24912 921.625 0
101 2.29484 -48.5 24937 921.625 0
100 2.03713 -44.5 25287 921.625 0
001 3.95153 -46.5 25375 921.625 0
011 4.40559 -48.0 25521 922.625 0
101 1.69965 -48.5 25536 922.625 0
100 0.87744 -44.5 25874 922.625 0
001 3.09864 -47.0 25967 922.625 0
011 4.11107 -48.0 26137 922.625 0
101 1.62602 -48.5 26148 922.625 0
100 1.09219 -45.0 26466 922.625 0
001 3.16000 -47.0 26553 922.625 0
101 1.65056 -48.5 26752 922.625 0
011 4.23992 -48.0 26757 922.625 0
100 1.00016 -44.5 27047 922.625 0
001 3.14159 -46.5 27141 922.625 0
101 1.15355 -48.5 27353 923.625 0
011 3.25204 -48.0 27371 923.625 0
001 2.58322 -47.5 27729 923.625 0
101 1.66897 -48.5 27950 923.625 0
011 3.19068 -48.0 27983 923.625 0
100 6.27705 -45.5 28217 923.625 0
001 2.73049 -47.0 28320 923.625 0
101 1.33763 -48.5 28554 923.625 0
011 3.19068 -48.0 28591 923.625 0
100 6.24023 -45.5 28817 923.625 0
001 2.45437 -47.5 28909 923.625 0
101 3.06796 -48.0 29197 920.625 0
011 5.70027 -47.5 29206 920.625 0
100 2.40528 -44.0 29412 920.625 0
001 4.69398 -46.0 29495 920.625 0
011 5.66959 -48.0 29813 920.625 0
101 3.09251 -48.0 29931 920.625 0
100 2.54641 -44.0 29996 920.625 0
101 2.36847 -48.5 40076 921.625 0
001 3.93926 -46.5 40081 921.625 0
100 1.69351 -44.5 40086 921.625 0
011 5.00078 -48.0 40091 921.625 0
100 1.83464 -44.5 40660 921.625 0
101 2.35006 -48.5 40669 921.625 0
001 3.90858 -46.5 40678 921.625 0
011 4.99464 -48.0 40698 921.625 0
100 1.86532 -44.5 41238 921.625 0
101 2.30711 -48.5 41266 921.625 0
001 3.88404 -46.5 41275 921.625 0
011 4.90874 -48.0 41307 921.625 0
100 1.81010 -44.0 41822 921.625 0
101 1.65056 -49.0 41866 922.625 0
001 3.10478 -47.0 41876 922.625 0
011 4.17243 -48.0 41919 922.625 0
100 1.03697 -45.0 42397 922.625 0
101 1.60148 -48.5 42465 922.625 0
001 3.09864 -47.0 42470 922.625 0
011 4.61421 -48.0 42529 922.625 0
100 0.95720 -45.0 42992 922.625 0
001 3.11091 -47.5 43055 922.625 0
101 1.65056 -49.0 43065 922.625 0
011 4.28901 -48.0 43148 922.625 0
100 1.08606 -45.0 43587 922.625 0
001 2.62004 -48.0 43667 923.625 0
101 1.20264 -48.5 43677 923.625 0
011 3.23977 -48.0 43753 923.625 0
100 6.24023 -45.5 44175 923.625 0
001 2.56482 -47.5 44257 923.625 0
101 1.33763 -48.5 44276 923.625 0
011 3.16614 -48.0 44369 923.625 0
100 6.25251 -45.5 44761 923.625 0
001 2.65685 -47.5 44844 923.625 0
101 1.13515 -48.5 44880 923.625 0
011 3.17841 -48.0 44977 923.625 0
100 6.25864 -45.5 45346 923.625 0
001 2.47278 -47.5 45439 923.625 0
101 3.11705 -48.0 45574 920.625 0
011 5.91503 -48.0 45596 920.625 0
100 2.70594 -44.0 45939 920.625 0
001 4.68171 -45.5 46030 920.625 0
101 3.09251 -48.0 46174 920.625 0
011 5.68800 -48.0 46205 920.625 0
100 2.24575 -44.0 46528 920.625 0
001 4.70012 -46.0 46616 920.625 0
101 3.01887 -48.0 46810 920.625 0
011 5.51619 -48.0 46821 920.625 0
100 2.25802 -44.0 47103 920.625 0
001 4.66944 -46.0 47212 920.625 0
101 2.31324 -48.5 47413 921.625 0
011 4.84738 -48.0 47437 921.625 0
100 1.71192 -44.5 47686 921.625 0
001 3.88404 -46.5 47810 921.625 0
101 2.28256 -48.5 48014 921.625 0
011 4.98851 -48.0 48047 921.625 0
100 1.91441 -44.5 48277 921.625 0
001 3.89018 -46.5 48396 921.625 0
101 2.33779 -48.5 48621 921.625 0
011 5.14804 -48.0 48654 921.625 0
100 1.85918 -45.0 48860 921.625 0
001 3.88404 -46.5 48991 921.625 0
101 1.69965 -48.5 49218 922.625 0
011 4.22152 -48.0 49273 922.625 0
100 1.25173 -45.0 49442 922.625 0
001 3.12932 -47.0 49585 922.625 0
101 1.82851 -48.5 49821 922.625 0
011 4.32583 -48.0 49886 922.625 0
100 1.03697 -45.0 50036 922.625 0
