100 0.06750 -44.0 0 923.625 0
001 2.75503 -45.5 5 923.625 0
011 3.63247 -47.5 11 923.625 0
101 1.20878 -47.5 16 923.625 0
100 0.06136 -44.0 570 923.625 0
001 3.07410 -46.0 583 923.625 0
101 1.60761 -47.5 598 923.625 0
011 3.49748 -47.0 616 923.625 0
100 0.08590 -44.0 1138 923.625 0
001 2.92684 -45.5 1148 923.625 0
101 1.27014 -47.5 1185 923.625 0
011 3.44225 -47.0 1212 923.625 0
100 0.17794 -44.0 1703 923.625 0
001 2.75503 -45.5 1725 923.625 0
101 1.31309 -47.5 1768 923.625 0
011 5.84753 -47.0 1799 920.625 0
100 2.83480 -43.0 2269 920.625 0
001 4.82897 -44.5 2301 920.625 0
101 3.06183 -47.5 2352 920.625 0
011 5.73709 -47.5 2397 920.625 0
100 2.54027 -42.5 2832 920.625 0
001 4.90874 -44.5 2874 920.625 0
101 3.15386 -47.5 2937 920.625 0
011 5.78004 -47.5 2988 920.625 0
100 2.46051 -42.5 3398 920.625 0
001 4.82897 -44.5 3445 920.625 0
101 3.08637 -47.5 3513 920.625 0
011 4.98237 -47.0 3596 921.625 0
100 1.96963 -43.0 3970 921.625 0
001 4.19084 -45.0 4024 921.625 0
101 2.39301 -47.5 4092 921.625 0
011 5.01305 -47.0 4189 921.625 0
100 1.96963 -43.0 4535 921.625 0
001 3.98221 -45.0 4599 921.625 0
101 2.38074 -47.5 4671 921.625 0
011 5.52847 -47.0 4778 921.625 0
100 2.14144 -43.0 5092 921.625 0
001 4.11107 -45.0 5173 921.625 0
101 2.38687 -47.5 5255 921.625 0
011 5.14804 -47.0 5371 921.625 0
100 1.09833 -43.5 5656 922.625 0
001 3.49134 -45.5 5754 922.625 0
101 1.71806 -47.5 5839 922.625 0
011 4.42400 -47.0 5966 922.625 0
100 0.95720 -43.5 6234 922.625 0
001 3.33181 -45.5 6326 922.625 0
101 1.70579 -47.5 6419 922.625 0
011 4.31969 -47.0 6553 922.625 0
100 0.99402 -43.5 6800 922.625 0
001 3.35021 -45.5 6910 922.625 0
101 1.74260 -47.5 7008 922.625 0
011 4.39946 -47.0 7148 922.625 0
100 0.03068 -44.5 7366 923.625 0
001 2.79185 -45.5 7478 923.625 0
101 1.44194 -47.5 7590 923.625 0
011 3.31953 -47.5 7736 923.625 0
100 0.10431 -44.0 7932 923.625 0
001 2.89002 -46.0 8056 923.625 0
101 1.42353 -47.5 8174 923.625 0
011 3.30726 -47.5 8337 923.625 0
100 0.08590 -44.0 8499 923.625 0
001 2.68140 -45.5 8637 923.625 0
101 1.34990 -48.0 8764 923.625 0
011 3.31953 -47.5 8937 923.625 0
100 2.72435 -43.0 9071 920.625 0
001 4.85965 -44.5 9207 920.625 0
101 3.04955 -47.5 9350 920.625 0
011 5.73095 -47.5 9538 920.625 0
100 2.44823 -43.0 9641 920.625 0
001 4.85965 -44.5 9784 920.625 0
101 3.07410 -47.5 9934 920.625 0
101 2.41142 -47.5 20038 921.625 0
100 1.84691 -43.5 20043 921.625 0
011 5.10509 -47.5 20048 921.625 0
001 4.04357 -45.0 20053 921.625 0
100 1.69965 -43.5 20607 921.625 0
101 2.42369 -47.5 20616 921.625 0
001 4.05585 -45.5 20635 921.625 0
011 5.02532 -47.0 20646 921.625 0
100 1.68738 -43.5 21189 921.625 0
101 2.43596 -47.5 21199 921.625 0
001 4.10493 -45.0 21209 921.625 0
011 5.19713 -47.0 21249 921.625 0
100 1.95736 -43.5 21758 921.625 0
101 2.36233 -47.5 21787 921.625 0
001 4.12334 -45.0 21796 921.625 0
011 4.16016 -47.0 21845 922.625 0
100 1.21491 -44.0 22344 922.625 0
001 3.35635 -45.5 22376 922.625 0
101 1.66284 -47.0 22382 922.625 0
011 4.18470 -47.0 22437 922.625 0
100 1.21491 -44.0 22911 922.625 0
001 3.49748 -45.5 22952 922.625 0
101 1.69965 -47.5 22965 922.625 0
011 4.36264 -47.0 23030 922.625 0
100 1.21491 -44.0 23479 922.625 0
001 3.62633 -45.5 23531 922.625 0
101 1.64443 -47.5 23551 922.625 0
011 3.26431 -47.5 23625 923.625 0
100 0.11045 -44.5 24058 923.625 0
001 2.84707 -46.0 24120 923.625 0
101 1.28854 -47.5 24134 923.625 0
011 3.28272 -47.5 24214 923.625 0
100 0.05522 -44.5 24620 923.625 0
001 2.85320 -46.5 24699 923.625 0
101 1.29468 -47.5 24728 923.625 0
011 3.33794 -47.5 24807 923.625 0
100 6.25864 -44.5 25184 923.625 0
001 2.84707 -46.0 25284 923.625 0
101 1.28241 -48.0 25315 923.625 0
011 3.28272 -47.5 25398 923.625 0
100 2.51573 -43.0 25755 920.625 0
001 4.89033 -44.5 25855 920.625 0
101 3.10478 -47.5 25899 920.625 0
011 5.62051 -47.5 26003 920.625 0
100 2.46051 -43.0 26323 920.625 0
001 4.87192 -44.5 26428 920.625 0
101 3.11705 -47.5 26477 920.625 0
011 5.70641 -47.0 26591 920.625 0
100 2.49118 -43.0 26884 920.625 0
001 4.87806 -45.0 26997 920.625 0
101 3.11705 -47.5 27052 920.625 0
011 5.84753 -47.5 27198 920.625 0
100 1.87146 -43.5 27457 921.625 0
001 4.24606 -45.5 27575 921.625 0
101 2.36847 -47.5 27644 921.625 0
011 5.16031 -47.5 27797 921.625 0
100 1.74874 -43.5 28020 921.625 0
001 4.00062 -45.0 28146 921.625 0
101 2.44210 -47.5 28230 921.625 0
011 5.06827 -47.5 28396 921.625 0
100 1.85305 -43.5 28588 921.625 0
001 4.19084 -45.0 28730 921.625 0
101 2.38687 -47.5 28819 921.625 0
011 4.90260 -47.0 28990 921.625 0
100 1.06765 -44.0 29158 922.625 0
001 3.33794 -46.0 29306 922.625 0
101 1.73033 -47.5 29405 922.625 0
011 4.11720 -47.0 29589 922.625 0
100 1.09833 -44.0 29724 922.625 0
001 3.49134 -46.0 29884 922.625 0
101 1.91441 -47.5 29992 922.625 0
101 1.35604 -48.0 40069 923.625 0
011 3.30726 -47.5 40075 923.625 0
100 0.02454 -44.5 40081 923.625 0
001 2.69981 -46.0 40086 923.625 0
100 0.03682 -44.5 40651 923.625 0
101 1.32536 -47.5 40661 923.625 0
001 3.10478 -46.5 40672 923.625 0
011 3.28885 -47.5 40682 923.625 0
100 0.01841 -44.5 41230 923.625 0
101 1.45421 -47.5 41249 923.625 0
001 2.74889 -46.0 41258 923.625 0
011 3.38703 -47.5 41281 923.625 0
100 0.07977 -44.5 41801 923.625 0
101 1.21491 -47.5 41833 923.625 0
001 2.63231 -46.5 41842 923.625 0
011 5.89662 -47.5 41886 920.625 0
100 2.55868 -43.0 42375 920.625 0
101 3.12932 -47.5 42420 920.625 0
001 4.87806 -45.0 42430 920.625 0
011 5.64505 -47.5 42488 920.625 0
100 2.81639 -43.0 42955 920.625 0
001 4.82284 -45.0 43005 920.625 0
101 3.09251 -47.5 43011 920.625 0
011 5.52847 -47.5 43082 920.625 0
100 2.55868 -43.0 43527 920.625 0
001 4.86579 -45.0 43593 920.625 0
101 3.12318 -47.5 43602 920.625 0
011 5.17872 -47.5 43678 921.625 0
100 1.59534 -43.5 44095 921.625 0
001 4.12334 -45.5 44175 921.625 0
101 2.38074 -47.5 44189 921.625 0
011 5.02532 -47.5 44272 921.625 0
100 1.63829 -43.5 44678 921.625 0
001 4.10493 -45.5 44759 921.625 0
101 2.40528 -48.0 44768 921.625 0
011 4.86579 -47.5 44873 921.625 0
100 1.85918 -44.0 45250 921.625 0
001 4.18470 -45.5 45338 921.625 0
101 2.38687 -48.0 45358 921.625 0
011 4.11720 -47.5 45472 922.625 0
100 1.23332 -44.0 45824 922.625 0
001 3.42998 -46.0 45910 922.625 0
101 1.72419 -47.5 45949 922.625 0
011 4.12948 -47.5 46071 922.625 0
100 0.95720 -44.0 46387 922.625 0
001 3.27045 -46.0 46488 922.625 0
101 1.87759 -48.0 46537 922.625 0
011 4.43627 -47.5 46665 922.625 0
100 1.06765 -44.0 46971 922.625 0
001 3.30726 -46.0 47060 922.625 0
101 1.63216 -48.0 47125 922.625 0
011 3.23977 -47.5 47267 923.625 0
100 0.03682 -44.5 47542 923.625 0
001 2.63845 -46.5 47644 923.625 0
101 1.16583 -48.0 47709 923.625 0
011 3.22136 -47.5 47853 923.625 0
100 0.00614 -44.5 48119 923.625 0
001 2.81639 -46.5 48226 923.625 0
101 1.24559 -48.0 48300 923.625 0
011 3.33794 -47.5 48448 923.625 0
100 6.26478 -44.5 48689 923.625 0
001 2.63231 -46.5 48805 923.625 0
101 1.16583 -48.0 48888 923.625 0
011 5.60823 -47.5 49055 920.625 0
100 2.44210 -43.0 49262 920.625 0
001 4.82897 -45.0 49389 920.625 0
101 3.09864 -47.5 49477 920.625 0
011 5.74936 -47.5 49651 920.625 0
100 2.46664 -43.0 49838 920.625 0
001 4.81056 -45.0 49967 920.625 0
101 3.13546 -47.5 50065 920.625 0
