011 5.13577 -46.5 0 921.625 0
100 2.30097 -41.5 5 921.625 0
001 4.35651 -43.5 10 921.625 0
101 2.54027 -46.5 15 921.625 0
100 2.14757 -41.5 562 921.625 0
001 4.33810 -44.0 571 921.625 0
011 5.04373 -46.5 583 921.625 0
101 2.48505 -46.0 588 921.625 0
100 1.92054 -41.5 1121 921.625 0
001 4.43627 -43.5 1141 921.625 0
101 2.42983 -46.5 1155 921.625 0
011 5.49779 -46.5 1164 921.625 0
100 1.98190 -41.5 1676 921.625 0
001 4.44854 -43.5 1696 921.625 0
101 2.54641 -46.0 1715 921.625 0
011 5.22781 -46.5 1744 921.625 0
100 1.09833 -42.0 2223 922.625 0
001 3.60179 -44.0 2251 922.625 0
101 1.92054 -47.0 2279 922.625 0
011 4.17856 -46.5 2324 922.625 0
100 1.06151 -42.5 2769 922.625 0
001 3.62019 -44.0 2813 922.625 0
101 1.88986 -46.0 2835 922.625 0
011 4.14175 -46.5 2908 922.625 0
100 1.15355 -42.0 3328 922.625 0
001 3.63247 -44.0 3366 922.625 0
101 2.03099 -46.0 3399 922.625 0
011 4.31355 -46.5 3479 922.625 0
100 0.46019 -42.0 3892 923.625 0
001 3.29499 -44.5 3934 923.625 0
101 1.25173 -46.5 3963 923.625 0
011 3.37476 -47.0 4049 923.625 0
100 0.34975 -42.5 4454 923.625 0
001 3.01274 -44.5 4491 923.625 0
101 1.20264 -47.0 4523 923.625 0
011 3.76132 -46.5 4616 923.625 0
100 0.39884 -42.5 4994 923.625 0
001 3.30726 -44.5 5045 923.625 0
101 1.36217 -46.5 5086 923.625 0
011 3.38089 -46.5 5200 923.625 0
100 2.74889 -41.0 5552 920.625 0
001 5.04986 -43.0 5602 920.625 0
101 3.12932 -46.5 5647 920.625 0
011 5.96412 -46.5 5781 920.625 0
100 2.85934 -41.5 6107 920.625 0
001 5.15418 -43.5 6164 920.625 0
101 3.12932 -46.0 6211 920.625 0
011 5.82913 -46.5 6366 920.625 0
100 2.68140 -41.0 6660 920.625 0
001 5.11736 -43.0 6715 920.625 0
101 3.10478 -46.5 6775 920.625 0
011 5.98866 -46.5 6946 920.625 0
100 1.87146 -41.5 7213 921.625 0
001 4.42400 -43.5 7281 921.625 0
101 2.50346 -46.5 7334 921.625 0
011 5.17872 -46.5 7516 921.625 0
100 1.86532 -42.0 7765 921.625 0
001 4.33196 -44.0 7842 921.625 0
101 2.47891 -46.5 7899 921.625 0
011 4.97623 -46.5 8092 921.625 0
100 2.06167 -41.5 8307 921.625 0
001 4.33810 -43.5 8389 921.625 0
101 2.47278 -46.5 8463 921.625 0
011 5.01305 -46.5 8675 921.625 0
100 1.88373 -41.5 8874 921.625 0
001 4.38105 -43.5 8949 921.625 0
101 2.04940 -46.5 9028 922.625 0
011 4.17243 -46.5 9252 922.625 0
100 0.90812 -42.0 9424 922.625 0
001 3.62019 -44.0 9501 922.625 0
101 1.99418 -46.5 9587 922.625 0
011 4.24606 -46.5 9828 922.625 0
100 1.16583 -42.5 9994 922.625 0
100 0.36202 -42.5 20039 923.625 0
001 3.25204 -45.0 20044 923.625 0
011 3.54656 -46.5 20049 923.625 0
101 1.52784 -47.0 20054 923.625 0
100 0.37429 -42.5 20607 923.625 0
001 2.87161 -44.5 20620 923.625 0
101 1.52784 -46.5 20630 923.625 0
011 3.49134 -46.5 20640 923.625 0
100 0.33748 -42.5 21175 923.625 0
101 1.20878 -46.5 21189 923.625 0
001 3.06796 -44.5 21209 923.625 0
011 3.31340 -46.5 21222 923.625 0
100 0.20249 -42.5 21742 923.625 0
101 1.14742 -47.0 21757 923.625 0
001 2.79798 -44.5 21766 923.625 0
011 3.34408 -46.5 21798 923.625 0
100 3.09251 -41.5 22300 920.625 0
001 5.41188 -43.5 22325 920.625 0
101 3.11705 -46.5 22334 920.625 0
011 6.20955 -47.0 22377 920.625 0
100 2.63231 -41.5 22870 920.625 0
001 5.63278 -43.5 22880 920.625 0
101 3.17841 -46.5 22898 920.625 0
011 5.80458 -46.5 22953 920.625 0
100 2.79798 -41.5 23416 920.625 0
001 5.09282 -43.5 23435 920.625 0
101 3.10478 -46.5 23466 920.625 0
011 5.90889 -46.5 23529 920.625 0
100 2.30097 -42.0 23975 921.625 0
001 4.36878 -44.0 23998 921.625 0
101 2.56482 -46.5 24032 921.625 0
011 5.07441 -46.5 24110 921.625 0
100 1.98804 -42.0 24526 921.625 0
001 4.28901 -44.0 24558 921.625 0
101 2.38687 -46.5 24598 921.625 0
011 5.01305 -46.5 24693 921.625 0
100 1.98190 -41.5 25087 921.625 0
001 4.32583 -44.0 25111 921.625 0
101 2.50959 -46.5 25167 921.625 0
011 5.26462 -46.5 25274 921.625 0
100 1.07379 -42.5 25635 922.625 0
001 3.65701 -44.5 25682 922.625 0
101 1.96350 -46.5 25727 922.625 0
011 4.15402 -46.5 25862 922.625 0
100 0.96334 -42.5 26186 922.625 0
001 3.81041 -44.5 26256 922.625 0
101 2.37460 -46.5 26295 922.625 0
011 4.19084 -47.0 26441 922.625 0
100 1.11674 -42.0 26756 922.625 0
001 3.69383 -44.5 26812 922.625 0
101 1.92668 -46.5 26859 922.625 0
011 4.03130 -46.5 27026 922.625 0
100 0.17794 -43.0 27312 923.625 0
001 2.85320 -45.0 27383 923.625 0
101 1.31309 -46.5 27421 923.625 0
011 3.46680 -46.5 27600 923.625 0
100 0.31293 -42.5 27861 923.625 0
001 2.80412 -45.0 27956 923.625 0
101 1.22718 -46.5 27989 923.625 0
011 3.62633 -46.5 28179 923.625 0
100 0.18408 -42.5 28427 923.625 0
001 2.89002 -45.0 28518 923.625 0
101 1.38672 -46.5 28558 923.625 0
011 3.57724 -46.5 28762 923.625 0
100 0.31293 -42.5 28989 923.625 0
001 5.06214 -43.5 29081 920.625 0
101 3.12318 -46.5 29120 920.625 0
011 5.84140 -46.5 29344 920.625 0
100 2.54641 -41.5 29544 920.625 0
001 5.04986 -43.5 29630 920.625 0
101 3.14159 -46.5 29690 920.625 0
011 5.76163 -46.5 29932 920.625 0
100 1.91441 -41.5 40075 921.625 0
101 2.47278 -46.0 40080 921.625 0
011 5.45484 -46.5 40086 921.625 0
001 4.42400 -44.0 40091 921.625 0
100 1.77942 -42.0 40622 921.625 0
101 2.45437 -47.0 40645 921.625 0
001 4.52831 -44.0 40655 921.625 0
011 5.01305 -46.5 40665 921.625 0
100 1.97577 -42.0 41178 921.625 0
101 2.35619 -46.5 41211 921.625 0
001 4.34423 -44.0 41226 921.625 0
011 5.27689 -46.5 41254 921.625 0
100 1.76715 -42.0 41742 921.625 0
101 2.38074 -47.0 41779 921.625 0
001 4.31969 -44.0 41797 921.625 0
011 5.00078 -46.5 41833 921.625 0
100 0.97561 -42.5 42314 922.625 0
101 2.14757 -46.5 42349 922.625 0
001 3.82268 -44.0 42360 922.625 0
011 4.24606 -47.0 42429 922.625 0
100 0.89584 -42.5 42876 922.625 0
101 2.00031 -47.0 42921 922.625 0
001 3.66928 -44.5 42933 922.625 0
011 4.11720 -47.0 43004 922.625 0
100 0.87130 -42.5 43427 922.625 0
101 1.84078 -47.0 43486 922.625 0
001 3.62019 -44.5 43496 922.625 0
011 4.00676 -47.0 43586 922.625 0
100 0.21476 -43.0 43994 923.625 0
101 1.60761 -47.0 44052 923.625 0
001 2.91456 -45.0 44072 923.625 0
011 3.32567 -46.5 44169 923.625 0
100 0.29452 -43.0 44550 923.625 0
101 1.12287 -47.0 44619 923.625 0
001 2.96365 -45.0 44637 923.625 0
011 3.47907 -47.0 44757 923.625 0
100 0.12885 -43.0 45116 923.625 0
101 1.23946 -47.0 45190 923.625 0
001 3.09864 -45.0 45196 923.625 0
011 3.38089 -47.0 45340 923.625 0
100 2.60163 -42.0 45690 920.625 0
101 3.14159 -46.5 45760 920.625 0
001 5.13577 -43.5 45770 920.625 0
011 5.66959 -47.0 45928 920.625 0
100 2.93911 -42.0 46258 920.625 0
101 3.16614 -46.5 46320 920.625 0
001 5.02532 -44.0 46340 920.625 0
011 5.60210 -47.0 46510 920.625 0
100 2.76117 -42.0 46802 920.625 0
101 3.13546 -46.5 46887 920.625 0
001 5.07441 -43.5 46897 920.625 0
011 5.75550 -47.0 47083 920.625 0
100 1.97577 -42.0 47364 921.625 0
101 2.52800 -47.0 47456 921.625 0
001 4.36878 -44.0 47465 921.625 0
011 5.46097 -47.0 47665 921.625 0
100 1.88373 -42.0 47937 921.625 0
101 2.38687 -46.5 48021 921.625 0
001 4.36264 -44.0 48032 921.625 0
011 5.06827 -46.5 48253 921.625 0
100 1.82237 -42.0 48487 921.625 0
101 2.42983 -46.5 48592 921.625 0
001 4.32583 -44.0 48609 921.625 0
011 4.94555 -46.5 48840 921.625 0
100 0.95720 -42.5 49055 922.625 0
101 1.99418 -46.5 49161 922.625 0
001 3.54043 -44.5 49175 922.625 0
011 4.09266 -47.0 49423 922.625 0
100 0.92652 -42.5 49625 922.625 0
101 1.93895 -47.0 49729 922.625 0
001 3.71837 -44.5 49750 922.625 0
011 4.23992 -47.0 50014 922.625 0
