101 1.25786 -45.5 0 923.625 0
001 3.00660 -44.0 5 923.625 0
100 0.52769 -41.5 13 923.625 0
011 3.72451 -46.0 19 923.625 0
100 0.46633 -41.5 541 923.625 0
001 3.15386 -43.5 552 923.625 0
101 1.38672 -45.5 557 923.625 0
011 4.05585 -45.5 585 923.625 0
100 0.49087 -41.0 1075 923.625 0
101 1.49103 -45.5 1100 923.625 0
001 3.00660 -43.5 1111 923.625 0
011 3.59565 -46.0 1148 923.625 0
100 0.73631 -41.0 1617 923.625 0
101 1.28241 -45.5 1641 923.625 0
001 3.15386 -43.5 1660 923.625 0
011 3.52202 -45.5 1709 923.625 0
100 3.03115 -40.0 2153 920.625 0
101 3.24590 -45.0 2180 920.625 0
001 5.55301 -41.5 2195 920.625 0
011 5.85367 -45.5 2271 920.625 0
100 2.86548 -40.0 2689 920.625 0
101 3.24590 -45.0 2730 920.625 0
001 5.21553 -41.5 2740 920.625 0
011 5.98253 -45.5 2827 920.625 0
100 2.94524 -40.0 3239 920.625 0
101 3.28885 -45.0 3279 920.625 0
001 5.29530 -42.0 3289 920.625 0
011 5.98253 -45.5 3382 920.625 0
100 2.18439 -40.5 3782 921.625 0
101 2.64458 -45.0 3832 921.625 0
001 4.93328 -42.5 3841 921.625 0
011 5.13577 -45.5 3941 921.625 0
100 2.40528 -40.0 4314 921.625 0
101 2.54641 -45.0 4378 921.625 0
001 4.63262 -42.5 4389 921.625 0
011 5.27689 -45.5 4493 921.625 0
100 1.90827 -40.5 4856 921.625 0
101 2.52800 -45.0 4916 921.625 0
001 4.93328 -42.0 4930 921.625 0
011 5.10509 -45.5 5060 921.625 0
100 1.50330 -41.0 5399 922.625 0
101 2.35006 -45.5 5463 922.625 0
001 3.71223 -43.0 5473 922.625 0
011 4.41786 -45.5 5623 922.625 0
100 1.30082 -41.0 5934 922.625 0
101 2.03713 -45.5 6016 922.625 0
001 3.72451 -43.0 6023 922.625 0
011 4.36264 -46.0 6181 922.625 0
100 1.42967 -41.0 6477 922.625 0
101 2.08008 -45.5 6556 922.625 0
001 3.92085 -43.0 6571 922.625 0
011 4.35037 -45.5 6730 922.625 0
100 1.16583 -41.0 7020 922.625 0
101 2.38074 -45.0 7103 922.625 0
001 3.69383 -43.0 7113 922.625 0
011 3.52202 -46.0 7294 923.625 0
100 0.52769 -41.5 7565 923.625 0
101 1.39899 -45.5 7656 923.625 0
001 2.95751 -43.5 7661 923.625 0
011 3.51588 -46.0 7851 923.625 0
100 0.57064 -41.0 8104 923.625 0
101 1.32536 -46.0 8202 923.625 0
001 3.14773 -43.5 8207 923.625 0
011 4.06198 -46.0 8414 923.625 0
100 0.40497 -41.5 8640 923.625 0
101 1.41740 -45.5 8751 923.625 0
001 3.12932 -43.5 8762 923.625 0
011 6.16047 -45.5 8987 920.625 0
100 2.91456 -40.0 9176 920.625 0
101 3.25818 -45.0 9297 920.625 0
001 5.16645 -42.0 9313 920.625 0
011 5.84753 -45.5 9551 920.625 0
100 2.76730 -40.0 9707 920.625 0
101 3.28885 -45.0 9847 920.625 0
001 5.30144 -42.0 9856 920.625 0
001 4.62035 -42.5 20028 921.625 0
100 2.12917 -40.5 20035 921.625 0
101 2.73049 -45.5 20040 921.625 0
011 5.28303 -45.5 20045 921.625 0
100 2.14757 -40.5 20576 921.625 0
001 4.60194 -42.5 20582 921.625 0
101 2.55868 -45.5 20593 921.625 0
011 5.37507 -45.5 20617 921.625 0
001 4.76761 -42.5 21122 921.625 0
100 2.00031 -40.5 21127 921.625 0
101 2.50959 -45.5 21142 921.625 0
011 5.21553 -45.5 21175 921.625 0
100 1.94509 -40.5 21662 921.625 0
001 4.79216 -42.5 21671 921.625 0
101 2.66913 -45.5 21694 921.625 0
011 5.20326 -45.5 21732 921.625 0
100 1.38672 -41.0 22201 922.625 0
001 3.74905 -43.5 22219 922.625 0
101 1.98804 -45.5 22244 922.625 0
011 4.33196 -46.0 22293 922.625 0
100 1.34990 -41.0 22732 922.625 0
001 3.81654 -43.5 22764 922.625 0
101 2.09849 -45.5 22793 922.625 0
011 4.44241 -46.0 22860 922.625 0
100 1.19037 -41.0 23269 922.625 0
001 4.13561 -43.0 23315 922.625 0
101 2.28256 -45.5 23343 922.625 0
011 4.36264 -46.0 23419 922.625 0
100 0.80381 -41.5 23812 923.625 0
001 2.87775 -43.5 23864 923.625 0
101 1.61988 -45.5 23895 923.625 0
011 3.55270 -46.0 23984 923.625 0
100 0.79153 -41.5 24348 923.625 0
001 2.93297 -43.5 24406 923.625 0
101 1.39899 -46.0 24443 923.625 0
011 3.68155 -46.0 24558 923.625 0
100 0.46019 -41.5 24889 923.625 0
001 2.88388 -44.0 24954 923.625 0
101 1.63216 -46.0 24988 923.625 0
011 3.77973 -46.0 25118 923.625 0
100 2.73662 -40.5 25422 920.625 0
001 5.17258 -42.0 25486 920.625 0
101 3.20909 -45.5 25542 920.625 0
011 5.87208 -45.5 25675 920.625 0
100 2.77957 -40.5 25959 920.625 0
001 5.20326 -42.0 26032 920.625 0
101 3.28885 -45.5 26086 920.625 0
011 6.05616 -46.0 26238 920.625 0
100 2.74889 -40.0 26498 920.625 0
001 5.16645 -42.0 26574 920.625 0
101 3.20295 -45.5 26637 920.625 0
011 6.12365 -45.5 26803 920.625 0
100 2.81639 -40.0 27031 920.625 0
001 5.39961 -42.0 27127 920.625 0
101 3.20909 -45.5 27185 920.625 0
011 5.19713 -45.5 27365 921.625 0
100 1.94509 -40.5 27563 921.625 0
001 4.46695 -42.5 27664 921.625 0
101 2.51573 -45.5 27732 921.625 0
011 5.14190 -45.5 27928 921.625 0
100 1.91441 -40.5 28099 921.625 0
001 4.63262 -42.5 28207 921.625 0
101 2.41142 -45.5 28278 921.625 0
011 5.28303 -46.0 28485 921.625 0
100 2.13530 -40.5 28642 921.625 0
001 4.43014 -43.0 28751 921.625 0
101 2.50959 -45.5 28831 921.625 0
011 4.31355 -46.0 29048 922.625 0
100 1.19651 -41.0 29180 922.625 0
001 4.08652 -43.0 29312 922.625 0
101 2.36847 -45.5 29382 922.625 0
011 4.33810 -46.0 29614 922.625 0
100 1.27014 -41.0 29722 922.625 0
001 3.65701 -43.5 29863 922.625 0
101 2.01258 -45.5 29926 922.625 0
100 1.03697 -41.5 40052 923.625 0
011 3.57724 -46.0 40059 923.625 0
101 1.20264 -46.0 40064 923.625 0
001 2.93297 -44.0 40072 923.625 0
100 0.79767 -41.5 40589 923.625 0
101 1.41740 -46.0 40618 923.625 0
011 3.77359 -46.0 40628 923.625 0
001 2.92070 -44.0 40633 923.625 0
100 0.44792 -41.5 41132 923.625 0
101 1.33150 -46.0 41169 923.625 0
001 2.87775 -44.0 41181 923.625 0
011 4.14175 -46.0 41191 923.625 0
100 0.95107 -41.5 41670 923.625 0
101 1.24559 -46.0 41720 923.625 0
001 2.87775 -44.0 41728 923.625 0
011 3.78586 -46.0 41754 923.625 0
100 2.92070 -40.5 42209 920.625 0
001 5.49779 -42.5 42269 920.625 0
101 3.22136 -45.5 42279 920.625 0
011 5.88435 -46.0 42319 920.625 0
100 2.81639 -40.5 42746 920.625 0
001 5.23394 -42.0 42815 920.625 0
101 3.28885 -45.5 42824 920.625 0
011 5.71254 -46.0 42892 920.625 0
100 2.86548 -40.5 43292 920.625 0
001 5.24008 -42.0 43368 920.625 0
101 3.16000 -45.5 43377 920.625 0
011 5.91503 -46.0 43465 920.625 0
100 1.96963 -40.5 43840 921.625 0
001 4.52831 -42.5 43912 921.625 0
101 2.45437 -45.5 43928 921.625 0
011 5.29530 -46.0 44031 921.625 0
100 2.19052 -40.5 44382 921.625 0
001 4.63262 -43.0 44453 921.625 0
101 2.55254 -45.5 44487 921.625 0
011 5.26462 -45.5 44601 921.625 0
100 2.06781 -40.5 44920 921.625 0
001 4.57126 -42.5 45006 921.625 0
101 2.52800 -45.5 45044 921.625 0
011 5.31371 -46.0 45179 921.625 0
100 1.21491 -41.0 45461 922.625 0
001 3.96994 -43.5 45548 922.625 0
101 2.15984 -45.5 45604 922.625 0
011 4.30742 -46.0 45755 922.625 0
100 1.27014 -41.0 45998 922.625 0
001 3.68769 -43.5 46090 922.625 0
101 2.00645 -46.0 46153 922.625 0
011 4.33810 -46.0 46322 922.625 0
100 1.47876 -41.0 46542 922.625 0
001 3.85336 -43.5 46643 922.625 0
101 1.96963 -45.5 46702 922.625 0
011 4.42400 -46.0 46884 922.625 0
100 1.31309 -41.5 47084 922.625 0
001 3.87177 -43.5 47190 922.625 0
101 1.38672 -46.0 47256 923.625 0
011 3.65701 -46.0 47451 923.625 0
100 0.42951 -41.5 47626 923.625 0
001 3.31953 -44.0 47744 923.625 0
101 1.22105 -46.0 47815 923.625 0
011 3.53429 -46.0 48023 923.625 0
100 0.51542 -42.0 48166 923.625 0
001 3.07410 -44.0 48290 923.625 0
101 1.26400 -46.0 48362 923.625 0
011 3.64474 -46.0 48586 923.625 0
100 0.45406 -41.5 48715 923.625 0
001 3.35021 -43.5 48841 923.625 0
101 1.42967 -46.0 48915 923.625 0
011 5.99480 -46.0 49149 920.625 0
100 3.01274 -40.5 49255 920.625 0
001 5.11736 -42.5 49393 920.625 0
101 3.20909 -45.5 49466 920.625 0
011 5.90889 -46.0 49713 920.625 0
100 2.77344 -40.5 49803 920.625 0
001 5.20326 -42.0 49939 920.625 0
101 3.21522 -45.5 50020 920.625 0
