011 5.17872 -44.5 0 921.625 0
001 4.74920 -41.0 5 921.625 0
101 2.86548 -44.0 13 921.625 0
100 2.14144 -39.0 19 921.625 0
011 5.16031 -45.0 540 921.625 0
001 4.86579 -41.0 545 921.625 0
101 2.71208 -44.0 560 921.625 0
100 2.19052 -39.0 565 921.625 0
001 4.81056 -41.0 1074 921.625 0
011 5.43643 -45.0 1083 921.625 0
100 2.14144 -39.0 1098 921.625 0
101 2.77344 -44.0 1107 921.625 0
001 4.94555 -41.0 1594 921.625 0
100 2.17825 -39.5 1613 921.625 0
011 5.20326 -45.0 1632 921.625 0
101 2.79798 -44.0 1641 921.625 0
001 3.74905 -42.0 2144 922.625 0
100 1.49103 -40.0 2153 922.625 0
101 2.15371 -44.5 2167 922.625 0
011 4.48536 -45.0 2183 922.625 0
001 3.78586 -42.0 2678 922.625 0
100 1.86532 -39.5 2688 922.625 0
101 2.22120 -44.5 2699 922.625 0
011 4.57126 -45.5 2727 922.625 0
100 1.54012 -40.0 3196 922.625 0
001 3.76746 -41.5 3219 922.625 0
101 2.04940 -44.0 3229 922.625 0
011 4.66330 -45.0 3275 922.625 0
100 0.58291 -40.5 3720 923.625 0
001 3.27658 -42.5 3747 923.625 0
101 1.83464 -45.0 3761 923.625 0
011 3.68155 -45.5 3823 923.625 0
001 3.46680 -42.5 4288 923.625 0
101 1.54625 -45.0 4294 923.625 0
011 3.77973 -45.5 4362 923.625 0
100 0.72404 -40.5 4766 923.625 0
001 3.11705 -42.5 4802 923.625 0
101 1.46649 -44.5 4826 923.625 0
011 3.81041 -45.5 4898 923.625 0
100 0.64427 -40.5 5302 923.625 0
001 3.28885 -42.5 5344 923.625 0
101 1.53398 -44.5 5354 923.625 0
011 5.90889 -45.0 5438 920.625 0
100 3.06183 -39.0 5819 920.625 0
001 5.40575 -40.5 5870 920.625 0
101 3.49748 -44.0 5890 920.625 0
011 5.96412 -45.0 5977 920.625 0
100 2.98819 -39.0 6329 920.625 0
001 5.53460 -40.5 6394 920.625 0
101 3.35635 -44.0 6416 920.625 0
011 5.97025 -45.0 6520 920.625 0
100 2.88388 -39.0 6848 920.625 0
001 5.57142 -40.0 6921 920.625 0
101 3.49748 -44.0 6939 920.625 0
011 5.95798 -45.0 7054 920.625 0
100 2.08008 -39.5 7374 921.625 0
001 4.77375 -41.0 7464 921.625 0
101 2.90229 -44.0 7474 921.625 0
011 5.19713 -45.0 7596 921.625 0
100 2.11076 -39.5 7887 921.625 0
001 4.75534 -41.0 7998 921.625 0
101 2.81639 -44.0 8003 921.625 0
011 5.40575 -45.0 8130 921.625 0
001 4.98851 -41.0 8522 921.625 0
101 2.77957 -44.0 8531 921.625 0
011 5.55301 -45.0 8676 921.625 0
100 2.11689 -39.0 8945 921.625 0
101 2.02485 -44.5 9056 922.625 0
001 3.81654 -42.0 9098 922.625 0
011 4.64489 -45.5 9226 922.625 0
100 1.95122 -40.0 9477 922.625 0
101 2.07394 -44.5 9587 922.625 0
001 3.80427 -41.5 9619 922.625 0
011 4.87192 -45.0 9776 922.625 0
100 0.58905 -40.5 20029 923.625 0
101 1.59534 -45.0 20035 923.625 0
001 3.41771 -42.5 20040 923.625 0
011 3.82268 -45.5 20051 923.625 0
100 0.58291 -40.5 20541 923.625 0
001 3.63247 -42.5 20562 923.625 0
101 1.45421 -44.5 20572 923.625 0
011 3.87790 -45.5 20586 923.625 0
001 3.49748 -42.5 21097 923.625 0
101 1.65056 -45.0 21107 923.625 0
011 4.09880 -45.5 21125 923.625 0
100 0.61973 -40.5 21581 923.625 0
001 3.22750 -42.5 21622 923.625 0
101 1.28241 -45.0 21643 923.625 0
011 3.74291 -45.5 21678 923.625 0
100 3.23363 -39.0 22108 920.625 0
001 5.63891 -40.5 22164 920.625 0
101 3.18454 -44.5 22185 920.625 0
011 6.07456 -45.0 22221 920.625 0
100 3.06183 -39.0 22622 920.625 0
001 5.47938 -40.5 22690 920.625 0
101 3.55270 -44.0 22722 920.625 0
011 6.09911 -45.0 22766 920.625 0
100 2.82866 -39.0 23149 920.625 0
001 5.46097 -40.5 23213 920.625 0
101 3.46066 -44.0 23251 920.625 0
011 6.08070 -45.0 23316 920.625 0
100 2.27643 -39.5 23679 921.625 0
001 4.61421 -41.5 23747 921.625 0
101 2.67526 -44.5 23783 921.625 0
011 5.12963 -45.0 23860 921.625 0
100 2.20893 -39.5 24205 921.625 0
001 4.82897 -41.5 24272 921.625 0
101 2.74889 -44.5 24314 921.625 0
011 5.21553 -45.0 24404 921.625 0
100 2.10462 -39.5 24745 921.625 0
001 4.69398 -41.0 24804 921.625 0
101 2.58322 -44.5 24840 921.625 0
011 5.34439 -45.0 24959 921.625 0
100 2.29484 -39.5 25268 921.625 0
001 4.63262 -41.0 25334 921.625 0
101 2.72435 -44.5 25372 921.625 0
011 4.81056 -45.0 25510 922.625 0
100 1.57080 -40.0 25787 922.625 0
001 3.77359 -42.0 25856 922.625 0
101 2.02485 -44.5 25905 922.625 0
011 4.76148 -45.0 26044 922.625 0
100 1.55852 -40.0 26316 922.625 0
001 3.78586 -42.0 26389 922.625 0
101 2.06781 -44.5 26443 922.625 0
011 4.43627 -45.5 26581 922.625 0
100 1.42967 -40.0 26838 922.625 0
001 3.84722 -42.0 26928 922.625 0
101 2.03713 -44.5 26987 922.625 0
011 4.89033 -45.5 27127 922.625 0
001 3.28272 -42.5 27450 923.625 0
101 1.47262 -45.0 27522 923.625 0
011 3.67542 -45.5 27685 923.625 0
001 3.28885 -42.5 27985 923.625 0
101 1.69351 -45.0 28050 923.625 0
011 3.63860 -45.5 28235 923.625 0
100 0.78540 -41.0 28412 923.625 0
001 3.44839 -42.5 28530 923.625 0
101 1.37445 -45.0 28579 923.625 0
011 3.82268 -45.5 28778 923.625 0
001 5.50392 -40.5 29065 920.625 0
101 3.49134 -44.5 29106 920.625 0
011 5.93957 -45.0 29333 920.625 0
100 2.84707 -39.0 29451 920.625 0
001 5.52233 -40.5 29595 920.625 0
101 3.34408 -44.0 29641 920.625 0
011 5.89049 -45.0 29875 920.625 0
100 3.22750 -39.5 29981 920.625 0
100 2.11076 -39.5 40064 921.625 0
101 2.65685 -44.5 40070 921.625 0
001 4.57740 -41.5 40076 921.625 0
011 5.14804 -45.0 40081 921.625 0
100 2.20280 -39.5 40591 921.625 0
101 2.69981 -44.5 40605 921.625 0
001 4.71239 -41.5 40615 921.625 0
011 5.43643 -45.0 40635 921.625 0
100 2.04940 -39.5 41118 921.625 0
101 2.66913 -44.5 41137 921.625 0
001 4.86579 -41.5 41147 921.625 0
011 5.20326 -45.0 41187 921.625 0
100 2.28870 -39.5 41640 921.625 0
101 2.69981 -44.5 41673 921.625 0
001 5.06827 -41.5 41679 921.625 0
011 5.20940 -45.0 41734 921.625 0
100 1.74874 -40.0 42165 922.625 0
101 2.25188 -44.5 42219 922.625 0
001 3.77359 -42.0 42227 922.625 0
011 4.65717 -45.5 42280 922.625 0
100 1.66897 -40.0 42693 922.625 0
101 2.01872 -44.5 42756 922.625 0
001 3.74291 -42.0 42787 922.625 0
011 4.63262 -45.5 42832 922.625 0
100 1.45421 -40.0 43220 922.625 0
101 2.14757 -44.5 43294 922.625 0
001 3.83495 -42.5 43313 922.625 0
011 4.75534 -45.0 43389 922.625 0
100 0.61973 -40.5 43748 923.625 0
101 1.40513 -45.0 43824 923.625 0
001 3.32567 -42.5 43852 923.625 0
011 4.04357 -45.5 43935 923.625 0
100 0.58291 -41.0 44269 923.625 0
101 1.62602 -45.0 44365 923.625 0
001 3.11091 -42.5 44379 923.625 0
011 3.68769 -45.5 44480 923.625 0
100 0.68109 -40.5 44796 923.625 0
101 1.79783 -45.0 44901 923.625 0
001 3.18454 -42.5 44914 923.625 0
100 0.60746 -40.5 45323 923.625 0
101 1.64443 -45.0 45435 923.625 0
001 5.20326 -40.5 45457 920.625 0
011 5.87821 -45.5 45569 920.625 0
100 3.28885 -39.5 45846 920.625 0
101 3.57724 -44.5 45976 920.625 0
001 5.49779 -41.0 45990 920.625 0
011 5.89049 -45.0 46121 920.625 0
100 2.98819 -39.5 46365 920.625 0
101 3.30113 -44.5 46516 920.625 0
001 5.25235 -40.5 46530 920.625 0
011 5.76777 -45.0 46667 920.625 0
100 2.86548 -39.5 46888 920.625 0
101 3.31953 -44.5 47052 920.625 0
001 5.43029 -41.0 47066 920.625 0
011 5.98253 -45.5 47223 920.625 0
100 2.09849 -39.5 47416 921.625 0
101 2.74276 -44.5 47589 921.625 0
001 5.00078 -41.5 47607 921.625 0
011 5.37507 -45.0 47771 921.625 0
100 2.42983 -39.5 47946 921.625 0
101 2.71821 -44.5 48124 921.625 0
001 4.97010 -41.5 48153 921.625 0
011 5.14804 -45.5 48320 921.625 0
100 2.43596 -39.5 48473 921.625 0
101 2.72435 -44.5 48667 921.625 0
001 4.66944 -41.5 48682 921.625 0
011 5.14804 -45.0 48879 921.625 0
100 2.04940 -39.5 48996 921.625 0
101 2.39301 -45.0 49201 922.625 0
001 3.93313 -42.5 49230 922.625 0
011 4.38719 -45.5 49430 922.625 0
100 1.96350 -40.0 49517 922.625 0
101 2.11076 -45.0 49738 922.625 0
001 3.93926 -42.5 49763 922.625 0
011 4.49150 -45.5 49974 922.625 0
100 1.92668 -40.0 50039 922.625 0
