101 0.18408 -41.5 0 922.625 0
001 1.44194 -47.5 6 922.625 0
100 6.25864 -51.5 15 922.625 0
100 6.27091 -50.5 745 922.625 0
001 1.43581 -47.0 785 922.625 0
101 0.16567 -41.5 821 922.625 0
001 1.34990 -47.0 1579 922.625 0
101 0.05522 -41.5 1646 922.625 0
100 5.66959 -51.0 2218 923.625 0
001 0.97561 -48.0 2372 923.625 0
101 6.02548 -41.5 2474 923.625 0
100 5.64505 -51.5 2954 923.625 0
001 0.95720 -47.5 3153 923.625 0
101 5.97639 -41.5 3308 923.625 0
100 1.47262 -49.5 3680 920.625 0
001 2.79185 -48.0 3945 920.625 0
101 1.61375 -41.0 4123 920.625 0
100 1.50330 -49.5 4403 920.625 0
001 2.94524 -47.5 4730 920.625 0
101 1.56466 -41.0 4946 920.625 0
100 1.39899 -49.0 5131 920.625 0
001 2.25188 -47.5 5522 921.625 0
101 1.02470 -41.0 5774 921.625 0
100 0.78540 -50.5 5867 921.625 0
001 1.89600 -48.0 6304 921.625 0
100 0.83449 -50.0 6587 921.625 0
101 1.00629 -41.0 6597 921.625 0
001 1.96350 -47.5 7085 921.625 0
100 6.17887 -51.0 7325 922.625 0
101 0.12272 -41.5 7431 922.625 0
001 1.33150 -47.5 7876 922.625 0
100 6.22796 -50.5 8044 922.625 0
101 0.06750 -41.5 8252 922.625 0
001 1.39899 -47.5 8667 922.625 0
100 6.25864 -51.0 8771 922.625 0
101 5.78618 -41.5 9070 923.625 0
001 0.98175 -47.5 9450 923.625 0
100 5.75550 -51.5 9496 923.625 0
101 5.76777 -41.5 9893 923.625 0
100 1.31922 -49.0 20039 920.625 0
101 1.61375 -41.0 20044 920.625 0
001 2.66299 -48.0 20049 920.625 0
100 1.49103 -49.5 20777 920.625 0
001 2.86548 -47.5 20835 920.625 0
101 1.56466 -41.0 20871 920.625 0
100 1.59534 -49.5 21497 920.625 0
001 2.83480 -48.0 21621 920.625 0
101 1.61988 -41.0 21685 920.625 0
100 0.98788 -50.0 22226 921.625 0
001 2.06167 -47.0 22403 921.625 0
101 1.28854 -41.0 22509 921.625 0
100 0.80381 -50.5 22950 921.625 0
001 2.12303 -47.5 23187 921.625 0
101 1.10447 -41.0 23342 921.625 0
001 1.34377 -47.5 23969 922.625 0
101 0.04909 -41.5 24164 922.625 0
001 1.22718 -47.5 24761 922.625 0
101 0.12885 -41.5 24983 922.625 0
001 0.56450 -47.5 25556 923.625 0
101 5.69414 -41.5 25803 923.625 0
100 6.03161 -51.0 25839 923.625 0
001 0.92039 -48.0 26346 923.625 0
100 5.92730 -51.5 26561 923.625 0
101 5.98253 -41.5 26620 923.625 0
001 0.95107 -47.0 27126 923.625 0
100 1.50944 -49.5 27281 920.625 0
101 1.55852 -41.0 27445 920.625 0
001 3.00660 -48.0 27919 920.625 0
100 1.52171 -49.0 28017 920.625 0
101 1.57080 -41.0 28273 920.625 0
001 2.77957 -47.5 28701 920.625 0
100 1.57693 -48.5 28737 920.625 0
101 1.21491 -41.0 29094 921.625 0
100 1.15355 -50.5 29469 921.625 0
001 2.01872 -46.5 29483 921.625 0
101 1.14742 -41.5 29916 921.625 0
101 0.07363 -41.0 40074 922.625 0
001 1.26400 -47.5 40081 922.625 0
100 6.23410 -51.0 40088 922.625 0
100 6.25251 -50.5 40823 922.625 0
001 1.26400 -47.0 40864 922.625 0
101 0.15340 -41.0 40886 922.625 0
001 1.47262 -48.0 41649 922.625 0
101 0.03068 -41.5 41708 922.625 0
100 5.45484 -51.5 42280 923.625 0
001 0.98788 -47.5 42435 923.625 0
101 5.70641 -41.5 42533 923.625 0
100 5.64505 -51.5 43006 923.625 0
001 0.61973 -47.0 43218 923.625 0
101 5.72482 -41.5 43355 923.625 0
100 1.39899 -49.0 43739 920.625 0
001 2.82252 -47.5 44004 920.625 0
101 1.55239 -41.0 44173 920.625 0
100 1.44194 -49.5 44473 920.625 0
001 2.71208 -47.5 44782 920.625 0
101 1.63216 -41.0 45000 920.625 0
100 1.38058 -49.0 45211 920.625 0
001 1.86532 -47.5 45573 921.625 0
101 1.08606 -41.0 45817 921.625 0
100 1.06151 -49.0 45936 921.625 0
001 1.87759 -47.0 46361 921.625 0
101 1.07379 -41.0 46647 921.625 0
100 1.24559 -49.0 46661 921.625 0
001 1.81010 -47.5 47150 921.625 0
100 6.25251 -51.5 47384 922.625 0
101 0.11045 -41.5 47473 922.625 0
001 1.23332 -47.5 47938 922.625 0
100 6.19115 -50.5 48117 922.625 0
101 0.04909 -41.5 48290 922.625 0
001 1.41126 -47.0 48727 922.625 0
100 6.22796 -50.5 48851 922.625 0
101 5.72482 -41.5 49110 923.625 0
001 0.76699 -48.0 49516 923.625 0
100 5.93957 -51.5 49574 923.625 0
101 5.70641 -41.5 49932 923.625 0
