101 4.69398 -43.5 0 922.625 0
100 5.89049 -48.0 6 922.625 0
001 0.47860 -44.5 11 922.625 0
100 5.97639 -48.5 710 922.625 0
001 0.56450 -44.0 775 922.625 0
100 5.84140 -48.5 1419 922.625 0
001 0.48474 -44.5 1523 922.625 0
101 4.64489 -43.5 1621 922.625 0
100 5.18486 -47.5 2129 923.625 0
001 5.90276 -45.0 2274 923.625 0
101 3.88404 -44.0 2422 923.625 0
100 5.39961 -48.0 2836 923.625 0
001 6.07456 -45.0 3023 923.625 0
101 3.89631 -44.0 3215 923.625 0
100 5.04373 -48.0 3542 923.625 0
001 1.96350 -45.0 3787 920.625 0
101 6.16047 -43.0 4025 920.625 0
100 1.22105 -49.0 4254 920.625 0
001 1.95122 -44.5 4542 920.625 0
101 6.17887 -43.0 4814 920.625 0
100 1.04924 -48.5 4966 920.625 0
001 1.77328 -45.0 5290 920.625 0
101 5.91503 -43.0 5626 921.625 0
100 0.31293 -48.5 5683 921.625 0
001 1.31309 -45.0 6056 921.625 0
100 0.15953 -48.5 6396 921.625 0
101 5.54074 -43.5 6419 921.625 0
001 1.17810 -45.0 6818 921.625 0
100 0.10431 -48.5 7102 921.625 0
101 4.64489 -43.5 7217 922.625 0
001 0.65041 -45.5 7590 922.625 0
100 6.19115 -48.5 7811 922.625 0
101 4.62649 -43.5 8023 922.625 0
001 0.44179 -45.0 8347 922.625 0
100 5.86594 -48.0 8519 922.625 0
101 4.62649 -43.5 8835 922.625 0
001 0.24544 -44.5 9102 923.625 0
100 5.38120 -48.0 9218 923.625 0
101 3.90245 -44.0 9653 923.625 0
001 6.22183 -44.5 9855 923.625 0
100 5.14804 -47.5 9918 923.625 0
101 6.17274 -49.0 20057 920.625 0
100 1.17196 -47.5 20062 920.625 0
100 1.44194 -48.0 20771 920.625 0
101 6.09911 -49.0 20868 920.625 0
100 1.81623 -48.0 21483 920.625 0
101 0.00614 -50.0 21676 920.625 0
100 3.92699 -53.5 22262 921.625 0
101 5.81072 -44.0 22439 921.625 0
001 0.14726 -51.0 22506 921.625 0
100 1.99418 -51.5 22937 921.625 0
101 2.17825 -43.0 23252 921.625 0
001 2.90229 -49.5 23270 921.625 0
100 1.30695 -51.5 23663 922.625 0
001 1.20264 -45.0 24029 922.625 0
101 1.38672 -43.5 24056 922.625 0
100 1.42353 -55.0 24393 922.625 0
001 1.61988 -47.5 24802 922.625 0
101 1.37445 -44.0 24853 922.625 0
100 1.34377 -54.5 25131 922.625 0
001 0.95720 -47.5 25562 923.625 0
101 0.65654 -44.5 25657 923.625 0
100 0.70563 -55.0 25884 923.625 0
001 0.50315 -47.0 26321 923.625 0
101 0.63200 -45.0 26477 923.625 0
100 0.53383 -56.0 26600 923.625 0
001 0.41724 -46.5 27078 923.625 0
101 2.82252 -44.5 27280 920.625 0
001 2.73662 -47.5 27838 920.625 0
101 2.87161 -44.5 28078 920.625 0
001 2.65685 -47.5 28600 920.625 0
101 2.85934 -44.0 28880 920.625 0
100 2.03713 -55.0 29043 921.625 0
001 1.77942 -46.5 29354 921.625 0
101 1.99418 -44.0 29685 921.625 0
100 1.96963 -54.0 29757 921.625 0
001 1.24559 -48.0 40099 922.625 0
101 1.09219 -42.5 40104 922.625 0
100 1.21491 -51.5 40109 922.625 0
100 1.23332 -52.5 40823 922.625 0
001 1.34377 -47.5 40865 922.625 0
101 1.23332 -43.0 40897 922.625 0
100 1.37445 -51.0 41539 922.625 0
001 1.54625 -47.0 41621 922.625 0
101 1.53398 -43.0 41712 922.625 0
100 0.26998 -51.5 42255 923.625 0
001 0.87744 -47.5 42385 923.625 0
101 0.44179 -43.0 42523 923.625 0
100 0.39270 -52.0 42968 923.625 0
001 0.69950 -46.5 43146 923.625 0
101 0.06750 -43.0 43308 923.625 0
100 2.73049 -51.5 43692 920.625 0
001 2.82252 -47.5 43907 920.625 0
101 2.71821 -43.0 44115 920.625 0
100 2.90843 -52.5 44409 920.625 0
001 2.68140 -48.0 44674 920.625 0
101 2.98819 -43.0 44927 920.625 0
100 2.77957 -51.5 45123 920.625 0
001 2.76117 -48.0 45439 920.625 0
101 1.69351 -43.0 45730 921.625 0
100 1.61375 -51.5 45839 921.625 0
001 1.95736 -47.5 46215 921.625 0
101 1.71806 -43.0 46546 921.625 0
100 1.71192 -51.0 46560 921.625 0
001 2.03099 -47.5 46972 921.625 0
100 1.25173 -51.0 47282 922.625 0
101 1.04311 -43.0 47345 922.625 0
001 1.49717 -47.0 47738 922.625 0
100 1.23332 -51.5 47996 922.625 0
101 1.41126 -42.5 48159 922.625 0
001 1.31309 -47.5 48498 922.625 0
100 1.21491 -52.0 48712 922.625 0
101 1.25786 -43.0 48970 922.625 0
001 0.66882 -47.0 49260 923.625 0
100 0.38043 -51.5 49429 923.625 0
101 0.38043 -43.0 49784 923.625 0
001 0.88357 -47.5 50022 923.625 0
