100 1.72419 -43.5 0 922.625 0
011 1.82237 -53.0 12 922.625 0
101 1.54012 -39.5 17 922.625 0
100 1.63216 -44.0 681 922.625 0
011 2.03099 -52.0 764 922.625 0
100 1.73647 -44.0 1360 922.625 0
011 1.62602 -53.0 1522 922.625 0
100 0.92652 -43.5 2053 923.625 0
011 1.13515 -52.5 2273 923.625 0
100 0.95720 -44.0 2734 923.625 0
011 1.20878 -52.5 3028 923.625 0
101 0.70563 -39.5 3088 923.625 0
100 0.92652 -44.0 3419 923.625 0
011 3.25818 -52.5 3784 920.625 0
101 2.95751 -39.5 3873 920.625 0
100 3.25204 -44.0 4099 920.625 0
011 3.22750 -53.5 4543 920.625 0
101 2.95751 -39.5 4633 920.625 0
100 3.23977 -44.0 4786 920.625 0
011 3.23363 -52.5 5298 920.625 0
101 2.49118 -39.0 5424 921.625 0
100 2.65685 -44.0 5470 921.625 0
011 2.79798 -52.5 6050 921.625 0
100 2.57095 -44.0 6164 921.625 0
101 2.49118 -39.0 6187 921.625 0
011 2.85320 -53.0 6806 921.625 0
100 2.61390 -44.0 6847 921.625 0
101 2.57095 -39.0 6962 921.625 0
100 1.73647 -43.5 7532 922.625 0
011 1.85305 -53.0 7570 922.625 0
101 1.47876 -39.0 7729 922.625 0
100 1.71192 -44.0 8213 922.625 0
011 1.88373 -52.0 8320 922.625 0
101 1.44194 -39.0 8495 922.625 0
100 1.98190 -44.0 8911 922.625 0
011 1.09219 -53.0 9077 923.625 0
101 0.69336 -39.5 9269 923.625 0
100 1.42967 -44.0 9599 923.625 0
011 1.27014 -52.0 9841 923.625 0
101 3.09251 -39.5 20034 920.625 0
100 3.24590 -44.0 20040 920.625 0
011 3.31953 -52.5 20045 920.625 0
100 3.32567 -44.0 20727 920.625 0
011 3.33181 -53.0 20799 920.625 0
101 3.06796 -39.5 20817 920.625 0
100 3.22136 -44.0 21410 920.625 0
011 3.16614 -53.0 21553 920.625 0
101 2.97592 -39.5 21577 920.625 0
100 2.65072 -44.0 22099 921.625 0
011 2.50959 -52.5 22308 921.625 0
101 2.44823 -39.0 22335 921.625 0
100 3.08023 -44.0 22784 921.625 0
011 2.74276 -52.5 23065 921.625 0
101 2.39301 -39.0 23099 921.625 0
100 2.82252 -44.0 23468 921.625 0
011 1.83464 -52.5 23821 922.625 0
101 1.46649 -39.0 23867 922.625 0
100 1.68738 -43.5 24158 922.625 0
011 1.97577 -52.5 24574 922.625 0
101 1.46035 -39.0 24636 922.625 0
100 1.61988 -44.0 24838 922.625 0
011 1.68738 -53.0 25329 922.625 0
101 1.50330 -39.0 25400 922.625 0
100 0.95107 -44.0 25516 923.625 0
011 0.85289 -52.5 26082 923.625 0
101 0.71177 -39.5 26189 923.625 0
100 1.01243 -43.5 26203 923.625 0
011 0.90812 -52.5 26838 923.625 0
100 0.95107 -44.0 26878 923.625 0
100 3.27658 -44.0 27559 920.625 0
011 3.20909 -52.5 27597 920.625 0
101 2.93911 -39.5 27707 920.625 0
100 3.20295 -44.5 28248 920.625 0
101 2.95138 -39.5 28490 920.625 0
100 3.25818 -44.0 28935 920.625 0
011 2.63845 -53.5 29012 921.625 0
101 2.14144 -39.5 29249 921.625 0
100 2.77344 -44.0 29638 921.625 0
100 1.63216 -44.5 40073 922.625 0
101 1.40513 -39.0 40078 922.625 0
100 1.58920 -44.0 40754 922.625 0
101 1.41126 -39.0 40846 922.625 0
100 1.69965 -44.0 41435 922.625 0
011 1.78555 -53.0 41448 922.625 0
101 1.37445 -39.0 41633 922.625 0
100 0.96334 -44.5 42121 923.625 0
011 1.20264 -53.5 42211 923.625 0
101 0.69950 -39.5 42386 923.625 0
100 1.15355 -44.5 42800 923.625 0
011 1.28241 -53.5 42975 923.625 0
101 0.66882 -39.5 43174 923.625 0
100 0.77926 -44.5 43499 923.625 0
101 2.98206 -39.5 43936 920.625 0
100 3.31340 -44.0 44191 920.625 0
101 3.06796 -39.0 44698 920.625 0
100 3.15386 -44.0 44876 920.625 0
101 2.44823 -39.0 45465 921.625 0
100 2.49118 -44.0 45556 921.625 0
100 2.47278 -44.0 46232 921.625 0
101 2.50959 -39.5 46242 921.625 0
100 2.68753 -44.5 46916 921.625 0
101 2.47891 -39.0 46999 921.625 0
100 1.63829 -44.0 47599 922.625 0
101 1.38672 -39.0 47789 922.625 0
011 1.64443 -53.5 47800 922.625 0
100 1.61988 -44.5 48282 922.625 0
011 1.66284 -54.0 48561 922.625 0
101 1.39285 -39.0 48576 922.625 0
100 1.76101 -44.5 48972 922.625 0
011 1.14742 -53.5 49318 923.625 0
101 0.61973 -39.5 49332 923.625 0
100 0.93266 -44.5 49650 923.625 0
