101 0.86517 -50.5 0 920.625 0
101 0.90198 -50.5 636 920.625 0
101 1.07379 -50.5 1271 920.625 0
101 4.24606 -49.5 1923 923.625 0
101 1.07379 -50.5 2596 920.625 0
101 0.80994 -51.0 3231 920.625 0
101 5.66959 -50.0 3792 922.625 0
101 5.47938 -50.0 4426 922.625 0
101 5.51006 -50.0 5056 922.625 0
100 4.14788 -49.5 5385 923.625 0
100 4.14175 -49.5 5964 923.625 0
100 4.31969 -49.5 6543 923.625 0
100 4.18470 -49.0 7126 923.625 0
101 5.70641 -50.5 20052 922.625 0
101 5.74936 -50.0 20686 922.625 0
101 5.77390 -49.5 21315 922.625 0
100 4.11107 -49.5 21848 923.625 0
100 4.19697 -49.0 22427 923.625 0
100 4.24606 -49.5 23006 923.625 0
100 4.31969 -49.5 23583 923.625 0
101 1.00016 -50.5 23830 920.625 0
101 1.04924 -50.5 24462 920.625 0
101 0.95720 -50.5 25092 920.625 0
101 6.05616 -50.5 26341 921.625 0
101 6.24023 -50.5 26974 921.625 0
101 5.82913 -50.0 27606 922.625 0
101 5.70641 -50.0 28242 922.625 0
101 5.78004 -50.0 28875 922.625 0
100 4.06198 -49.5 29034 923.625 0
100 4.22152 -49.5 29619 923.625 0
101 0.75472 -50.5 40092 920.625 0
101 0.54610 -50.5 40721 920.625 0
101 0.95107 -50.0 41356 920.625 0
101 6.15433 -50.5 41995 921.625 0
101 6.08684 -50.0 42624 921.625 0
101 4.06198 -49.5 43254 923.625 0
101 5.91503 -49.5 43881 922.625 0
101 5.61437 -49.5 44511 922.625 0
101 5.46711 -49.5 45139 922.625 0
100 4.07425 -49.5 45470 923.625 0
101 4.54672 -49.5 45768 923.625 0
100 4.03744 -49.0 46056 923.625 0
101 5.78004 -50.0 46383 922.625 0
100 4.11107 -49.5 46636 923.625 0
101 5.78004 -50.0 47052 922.625 0
100 4.58967 -49.0 47213 923.625 0
101 0.95107 -50.5 47644 920.625 0
101 0.81608 -50.5 48276 920.625 0
101 0.83449 -50.5 48906 920.625 0
