100 1.78555 -51.0 0 920.625 0
101 1.72419 -48.0 5 920.625 0
100 1.72419 -51.0 398 920.625 0
101 1.69965 -48.0 421 920.625 0
100 1.77942 -50.5 789 920.625 0
101 1.63829 -48.0 838 920.625 0
100 1.77942 -50.5 1184 920.625 0
101 1.58920 -48.0 1254 920.625 0
100 1.70579 -50.5 1580 920.625 0
101 1.68124 -48.0 1671 920.625 0
100 1.25173 -50.5 1983 921.625 0
101 0.95107 -47.5 2096 921.625 0
100 1.28241 -50.0 2388 921.625 0
101 1.02470 -48.0 2515 921.625 0
100 1.35604 -50.5 2790 921.625 0
101 1.30695 -47.5 2942 921.625 0
100 1.30082 -50.5 3188 921.625 0
101 1.36217 -47.5 3366 921.625 0
100 0.26998 -51.0 3586 922.625 0
101 0.09204 -47.5 3780 922.625 0
100 0.31907 -51.0 3981 922.625 0
101 0.19021 -48.0 4196 922.625 0
100 0.22089 -51.0 4382 922.625 0
101 0.15953 -47.5 4614 922.625 0
100 0.38656 -51.0 4788 922.625 0
101 0.09817 -47.5 5036 922.625 0
100 0.07363 -50.5 5184 922.625 0
101 5.74322 -47.5 5456 923.625 0
100 5.81686 -51.0 5586 923.625 0
101 6.00093 -47.5 5880 923.625 0
100 5.87208 -51.0 5988 923.625 0
101 6.21569 -47.0 6298 923.625 0
100 5.74322 -51.0 6391 923.625 0
101 5.76163 -47.5 6713 923.625 0
100 5.98866 -51.0 6792 923.625 0
101 5.79231 -47.5 7136 923.625 0
100 1.84078 -50.5 7192 920.625 0
101 1.63829 -48.0 7555 920.625 0
100 1.74874 -50.5 7597 920.625 0
101 1.64443 -48.5 7968 920.625 0
100 1.68738 -50.5 7999 920.625 0
101 1.64443 -48.0 8387 920.625 0
100 1.69965 -50.5 8396 920.625 0
100 1.82851 -50.5 8799 920.625 0
101 1.61375 -48.5 8810 920.625 0
100 1.50944 -50.5 9197 921.625 0
101 1.10447 -48.0 9224 921.625 0
100 1.11674 -50.5 9595 921.625 0
101 0.98788 -47.5 9651 921.625 0
100 1.18423 -50.5 9993 921.625 0
101 0.06136 -47.5 20045 922.625 0
100 0.27612 -51.0 20049 922.625 0
100 0.34361 -51.0 20448 922.625 0
101 0.15953 -47.5 20473 922.625 0
100 0.06136 -51.0 20848 922.625 0
101 0.17181 -48.0 20897 922.625 0
100 0.25771 -51.0 21252 922.625 0
101 0.13499 -47.5 21316 922.625 0
100 0.12885 -51.0 21648 922.625 0
101 0.15953 -47.5 21736 922.625 0
100 5.87821 -51.5 22055 923.625 0
101 5.74322 -48.0 22164 923.625 0
100 5.83526 -51.0 22456 923.625 0
101 5.92117 -47.5 22580 923.625 0
100 5.84753 -51.0 22855 923.625 0
101 5.83526 -47.5 23002 923.625 0
100 5.87208 -51.0 23258 923.625 0
101 6.26478 -48.0 23432 923.625 0
100 1.76715 -50.5 23656 920.625 0
101 1.59534 -48.0 23852 920.625 0
100 1.58920 -50.5 24057 920.625 0
101 1.58307 -48.0 24277 920.625 0
100 1.74260 -50.5 24459 920.625 0
101 1.59534 -48.0 24701 920.625 0
100 1.74260 -50.5 24861 920.625 0
101 1.56466 -48.5 25131 920.625 0
100 1.71806 -50.5 25259 920.625 0
101 1.18423 -47.5 25557 921.625 0
100 1.10447 -51.0 25667 921.625 0
101 1.00629 -48.0 25982 921.625 0
100 1.01243 -50.5 26066 921.625 0
101 1.00016 -48.0 26402 921.625 0
100 1.23332 -50.5 26474 921.625 0
101 1.07992 -48.0 26823 921.625 0
100 1.11674 -50.5 26877 921.625 0
101 0.10431 -48.0 27253 922.625 0
100 0.07977 -51.0 27278 922.625 0
101 0.04909 -47.5 27675 922.625 0
100 0.09817 -51.0 27685 922.625 0
100 0.13499 -50.5 28089 922.625 0
101 0.11658 -47.5 28104 922.625 0
100 0.15340 -51.0 28488 922.625 0
101 0.09817 -47.5 28529 922.625 0
100 0.13499 -51.0 28895 922.625 0
101 0.04909 -47.5 28949 922.625 0
100 5.99480 -51.5 29300 923.625 0
101 5.81686 -47.5 29372 923.625 0
100 5.81072 -51.5 29699 923.625 0
101 5.91503 -47.5 29797 923.625 0
100 1.72419 -50.5 40094 920.625 0
101 1.55852 -48.5 40099 920.625 0
100 1.63829 -51.0 40494 920.625 0
101 1.58920 -48.0 40530 920.625 0
100 1.69965 -51.0 40901 920.625 0
101 1.58307 -48.0 40965 920.625 0
100 1.73033 -51.0 41309 920.625 0
101 1.57693 -48.0 41384 920.625 0
100 1.73033 -51.0 41716 920.625 0
101 1.54625 -48.0 41814 920.625 0
100 1.21491 -50.5 42128 921.625 0
101 1.26400 -48.0 42236 921.625 0
100 1.09219 -51.0 42532 921.625 0
101 0.94493 -48.0 42663 921.625 0
100 1.19651 -51.0 42935 921.625 0
101 0.99402 -48.0 43089 921.625 0
100 1.00016 -51.0 43341 921.625 0
101 0.91425 -48.0 43518 921.625 0
100 0.14726 -51.5 43756 922.625 0
101 0.09817 -48.0 43942 922.625 0
100 0.13499 -51.0 44159 922.625 0
101 0.02454 -48.0 44375 922.625 0
100 0.15340 -51.0 44562 922.625 0
101 0.04295 -48.0 44805 922.625 0
100 0.12885 -51.5 44968 922.625 0
101 6.27705 -48.0 45227 922.625 0
100 0.14726 -51.0 45366 922.625 0
101 6.00707 -47.5 45666 923.625 0
100 5.75550 -51.5 45774 923.625 0
101 5.66346 -47.5 46097 923.625 0
100 5.81072 -51.5 46180 923.625 0
101 5.74322 -47.5 46520 923.625 0
100 5.85981 -51.5 46588 923.625 0
101 5.70641 -47.5 46944 923.625 0
100 6.05616 -51.5 46996 923.625 0
101 1.56466 -48.0 47382 920.625 0
100 1.72419 -50.5 47400 920.625 0
101 1.54625 -48.0 47807 920.625 0
100 1.66284 -51.0 47817 920.625 0
100 1.59534 -51.0 48216 920.625 0
101 1.58307 -48.5 48239 920.625 0
100 1.62602 -51.0 48621 920.625 0
100 1.58920 -51.0 49028 920.625 0
101 1.06765 -48.0 49097 921.625 0
100 1.23946 -51.0 49441 921.625 0
101 1.23946 -48.0 49524 921.625 0
100 1.10447 -51.0 49854 921.625 0
101 1.20264 -48.0 49949 921.625 0
