011 6.09911 -44.5 0 922.625 0
100 0.20249 -46.0 5 922.625 0
101 1.07379 -53.5 10 922.625 0
100 0.06750 -46.0 709 922.625 0
011 5.90276 -45.0 774 922.625 0
101 1.22718 -53.5 816 922.625 0
100 0.16567 -46.0 1419 922.625 0
011 5.77390 -45.0 1557 922.625 0
101 1.38058 -53.5 1614 922.625 0
100 5.82913 -46.0 2128 923.625 0
011 4.89033 -44.5 2329 923.625 0
101 0.15340 -54.0 2411 923.625 0
100 0.00614 -46.0 2849 923.625 0
011 4.82284 -45.0 3092 923.625 0
101 0.10431 -54.5 3224 923.625 0
100 6.00093 -46.0 3561 923.625 0
011 1.06151 -44.5 3868 920.625 0
101 2.67526 -53.0 4028 920.625 0
100 1.78555 -46.0 4278 920.625 0
011 1.18423 -44.5 4638 920.625 0
101 2.58936 -53.0 4829 920.625 0
100 1.66284 -46.0 4999 920.625 0
011 0.20862 -44.5 5396 921.625 0
101 1.77328 -53.0 5629 921.625 0
100 1.27627 -46.0 5712 921.625 0
011 0.17181 -44.5 6162 921.625 0
100 1.14742 -45.5 6424 921.625 0
101 1.54012 -53.0 6435 921.625 0
011 0.29452 -44.5 6926 921.625 0
100 1.20878 -46.0 7129 921.625 0
101 1.00016 -53.5 7233 922.625 0
100 0.36202 -46.0 7839 922.625 0
101 1.11060 -53.5 8040 922.625 0
011 5.76163 -45.0 8468 922.625 0
100 0.15340 -46.0 8556 922.625 0
101 1.36217 -53.5 8841 922.625 0
011 5.00691 -45.0 9240 923.625 0
100 5.89662 -45.5 9271 923.625 0
101 0.06750 -54.5 9643 923.625 0
100 5.75550 -46.0 9983 923.625 0
100 1.69965 -46.5 20031 920.625 0
011 1.12901 -45.0 20036 920.625 0
101 2.39301 -52.5 20041 920.625 0
100 1.68738 -46.5 20748 920.625 0
011 1.03697 -45.0 20811 920.625 0
101 2.68753 -53.0 20843 920.625 0
100 1.72419 -46.0 21461 920.625 0
011 1.14742 -45.0 21578 920.625 0
101 2.41142 -52.5 21650 920.625 0
100 1.13515 -46.5 22170 921.625 0
011 0.28225 -45.0 22354 921.625 0
101 1.46035 -52.5 22457 921.625 0
100 1.07379 -46.0 22887 921.625 0
011 0.09817 -45.0 23108 921.625 0
101 1.74874 -53.0 23259 921.625 0
100 1.10447 -46.0 23600 921.625 0
011 5.74322 -45.0 23872 922.625 0
101 1.12287 -53.5 24059 922.625 0
100 0.28225 -46.0 24310 922.625 0
011 5.72482 -45.0 24638 922.625 0
101 1.50944 -53.5 24864 922.625 0
100 0.25157 -46.5 25023 922.625 0
011 4.84738 -44.5 25416 923.625 0
101 0.08590 -54.0 25663 923.625 0
100 5.73095 -46.5 25738 923.625 0
011 4.86579 -45.0 26180 923.625 0
100 6.14819 -46.5 26443 923.625 0
101 0.20249 -54.0 26462 923.625 0
011 4.98237 -45.0 26939 923.625 0
100 5.85981 -46.0 27155 923.625 0
101 2.67526 -52.5 27264 920.625 0
011 1.06765 -44.5 27715 920.625 0
100 1.81010 -46.5 27870 920.625 0
101 2.53414 -52.5 28078 920.625 0
011 1.19037 -45.0 28480 920.625 0
100 1.74260 -46.5 28581 920.625 0
101 2.60777 -52.5 28884 920.625 0
011 0.15953 -45.0 29254 921.625 0
100 1.12287 -46.0 29299 921.625 0
101 1.66897 -53.0 29693 921.625 0
100 1.05538 -46.0 30009 921.625 0
011 0.26384 -45.0 30019 921.625 0
100 0.10431 -46.5 40073 922.625 0
101 1.29468 -53.0 40078 922.625 0
011 5.74322 -45.0 40084 922.625 0
100 0.19021 -46.0 40788 922.625 0
011 5.85981 -45.0 40843 922.625 0
101 1.30695 -53.0 40879 922.625 0
100 0.19021 -46.5 41508 922.625 0
011 5.92117 -45.0 41611 922.625 0
101 1.11674 -53.5 41679 922.625 0
100 5.84140 -46.0 42220 923.625 0
011 4.88419 -45.0 42384 923.625 0
101 0.24544 -54.0 42492 923.625 0
100 6.08070 -46.0 42935 923.625 0
011 4.90260 -45.5 43145 923.625 0
101 0.11658 -54.0 43295 923.625 0
100 1.79169 -46.5 43662 920.625 0
011 1.15969 -45.0 43924 920.625 0
101 2.53414 -52.5 44095 920.625 0
100 1.57693 -46.0 44376 920.625 0
011 1.22105 -45.0 44693 920.625 0
101 2.50959 -52.5 44901 920.625 0
100 1.70579 -46.0 45092 920.625 0
011 0.17181 -45.0 45466 921.625 0
101 1.77942 -53.0 45703 921.625 0
100 1.13515 -46.0 45808 921.625 0
011 0.19635 -45.0 46237 921.625 0
101 1.67511 -53.0 46509 921.625 0
100 1.12901 -46.0 46530 921.625 0
011 0.11045 -45.0 47001 921.625 0
100 0.99402 -46.0 47232 921.625 0
101 1.22718 -53.0 47320 922.625 0
011 0.03068 -45.0 47773 922.625 0
100 0.09817 -46.5 47942 922.625 0
101 1.10447 -53.5 48129 922.625 0
011 5.91503 -45.0 48540 922.625 0
100 0.14113 -46.0 48665 922.625 0
101 1.17196 -53.5 48938 922.625 0
011 4.89647 -45.0 49302 923.625 0
100 5.90889 -46.0 49377 923.625 0
101 6.22796 -54.0 49739 923.625 0
011 4.82284 -45.0 50062 923.625 0
