100 1.37445 -45.5 0 922.625 0
101 1.30082 -47.0 5 922.625 0
011 0.58291 -46.5 11 922.625 0
100 1.12287 -45.0 686 922.625 0
011 0.45406 -46.5 760 922.625 0
100 1.57080 -45.5 1378 922.625 0
011 0.54610 -46.5 1506 922.625 0
101 1.36217 -47.0 1550 922.625 0
100 0.19635 -45.5 2068 923.625 0
011 6.20955 -46.5 2238 923.625 0
101 1.02470 -47.5 2323 923.625 0
100 0.15953 -45.5 2766 923.625 0
011 5.99480 -46.5 2985 923.625 0
101 0.66882 -47.0 3084 923.625 0
100 0.06136 -45.5 3454 923.625 0
011 2.01258 -47.0 3733 920.625 0
100 2.79798 -46.0 4138 920.625 0
011 2.13530 -47.0 4485 920.625 0
100 2.52186 -45.5 4828 920.625 0
011 2.01258 -47.0 5227 920.625 0
101 2.60777 -46.5 5385 921.625 0
100 1.67511 -45.5 5522 921.625 0
011 1.24559 -47.0 5958 921.625 0
101 2.33779 -46.5 6160 921.625 0
100 1.65670 -45.5 6211 921.625 0
011 1.29468 -46.5 6702 921.625 0
100 1.76101 -46.0 6899 921.625 0
101 2.11689 -46.5 6922 921.625 0
011 0.71790 -46.5 7437 922.625 0
100 1.10447 -45.5 7591 922.625 0
101 1.27014 -46.5 7698 922.625 0
011 0.49701 -46.5 8175 922.625 0
100 1.04311 -45.5 8277 922.625 0
101 1.33150 -46.5 8463 922.625 0
011 0.79153 -46.5 8916 922.625 0
100 1.08606 -45.0 8963 922.625 0
101 0.95107 -47.0 9232 923.625 0
011 6.03161 -46.5 9656 923.625 0
100 0.19635 -45.5 9666 923.625 0
100 2.63231 -46.5 20042 920.625 0
101 2.90843 -46.5 20048 920.625 0
011 2.15371 -47.5 20053 920.625 0
100 2.62004 -46.0 20730 920.625 0
011 2.42983 -47.5 20795 920.625 0
100 2.70594 -46.0 21411 920.625 0
011 2.05553 -47.0 21528 920.625 0
101 2.91456 -46.5 21594 920.625 0
100 1.66897 -46.0 22103 921.625 0
011 1.71806 -47.0 22278 921.625 0
101 2.13530 -46.5 22370 921.625 0
100 1.74260 -45.5 22799 921.625 0
011 1.36217 -46.5 23007 921.625 0
101 2.11689 -46.5 23140 921.625 0
100 1.71806 -46.0 23485 921.625 0
011 0.57678 -46.5 23749 922.625 0
100 1.04311 -45.5 24178 922.625 0
011 0.52155 -46.5 24478 922.625 0
101 1.41126 -46.5 24670 922.625 0
100 1.11060 -45.5 24873 922.625 0
011 0.43565 -46.5 25218 922.625 0
101 0.88357 -47.5 25446 923.625 0
100 0.15953 -45.5 25563 923.625 0
011 5.96412 -46.5 25961 923.625 0
101 0.56450 -47.5 26213 923.625 0
100 0.06750 -45.0 26249 923.625 0
011 5.93344 -46.5 26704 923.625 0
100 0.17794 -45.5 26939 923.625 0
101 1.01243 -47.5 26980 923.625 0
011 2.22120 -47.0 27433 920.625 0
100 2.63231 -45.5 27626 920.625 0
101 2.85934 -46.5 27763 920.625 0
011 2.02485 -47.0 28166 920.625 0
100 2.52800 -46.0 28321 920.625 0
101 3.21522 -46.0 28537 920.625 0
011 2.46051 -47.0 28910 920.625 0
100 1.68124 -45.5 29024 921.625 0
101 2.18439 -46.5 29299 921.625 0
100 1.71192 -45.5 29718 921.625 0
100 1.12287 -45.5 40074 922.625 0
011 0.82221 -46.5 40082 922.625 0
100 1.25173 -45.5 40758 922.625 0
011 0.50928 -46.5 40822 922.625 0
101 1.39285 -47.0 40844 922.625 0
100 1.15969 -45.5 41442 922.625 0
011 0.62586 -46.5 41563 922.625 0
101 1.53398 -46.5 41621 922.625 0
100 0.20249 -45.5 42130 923.625 0
011 6.04388 -46.5 42301 923.625 0
101 0.61359 -47.0 42393 923.625 0
100 0.23930 -45.5 42826 923.625 0
011 6.00707 -46.5 43045 923.625 0
101 0.78540 -47.5 43166 923.625 0
100 0.12885 -45.5 43518 923.625 0
011 2.01872 -47.0 43778 920.625 0
101 2.90229 -46.5 43935 920.625 0
100 2.63845 -45.5 44206 920.625 0
011 2.46051 -47.0 44516 920.625 0
101 2.90843 -46.5 44718 920.625 0
100 2.58322 -46.0 44903 920.625 0
011 2.12303 -47.0 45252 920.625 0
101 2.27643 -46.5 45491 921.625 0
100 1.57080 -45.5 45597 921.625 0
011 1.44808 -47.0 45988 921.625 0
101 2.14757 -46.5 46257 921.625 0
100 1.73033 -46.0 46285 921.625 0
011 1.32536 -47.0 46721 921.625 0
100 1.68124 -45.5 46974 921.625 0
101 2.11076 -46.5 47024 921.625 0
011 0.60132 -46.5 47470 922.625 0
100 1.09833 -45.5 47672 922.625 0
101 1.33763 -47.0 47801 922.625 0
011 0.55837 -46.0 48210 922.625 0
100 1.09219 -45.5 48366 922.625 0
011 0.48474 -46.5 48941 922.625 0
100 0.15953 -45.5 49058 923.625 0
101 0.48474 -47.0 49353 923.625 0
011 6.00093 -46.5 49685 923.625 0
100 0.01227 -46.0 49747 923.625 0
