100 4.14788 -44.0 0 920.625 0
001 2.03713 -50.5 6 920.625 0
101 4.82284 -45.0 11 920.625 0
011 3.99449 -49.0 17 920.625 0
100 4.24606 -43.5 651 920.625 0
011 4.11720 -49.5 696 920.625 0
001 2.08621 -50.0 708 920.625 0
101 4.82284 -44.5 726 920.625 0
100 4.01903 -43.5 1300 920.625 0
011 4.20311 -49.5 1376 920.625 0
001 2.01872 -50.0 1405 920.625 0
101 4.82284 -45.0 1450 920.625 0
100 3.12932 -44.0 1943 921.625 0
011 3.10478 -49.0 2060 921.625 0
101 4.25833 -44.5 2172 921.625 0
100 3.12932 -43.5 2584 921.625 0
011 3.11091 -49.0 2747 921.625 0
101 4.20311 -44.5 2902 921.625 0
100 3.09864 -43.5 3234 921.625 0
011 3.03728 -49.0 3440 921.625 0
101 3.25204 -44.0 3619 922.625 0
100 2.63845 -43.0 3883 922.625 0
011 2.71208 -48.5 4122 922.625 0
101 3.17227 -44.0 4326 922.625 0
100 2.53414 -43.0 4526 922.625 0
011 2.50959 -48.0 4814 922.625 0
101 3.23363 -44.0 5045 922.625 0
100 2.54641 -43.0 5170 922.625 0
101 2.66299 -43.5 5758 923.625 0
100 1.55852 -42.5 5816 923.625 0
100 1.55239 -42.0 6452 923.625 0
101 2.62004 -43.5 6477 923.625 0
011 1.52784 -47.5 6858 923.625 0
100 1.54012 -42.5 7094 923.625 0
101 4.86579 -45.0 7193 920.625 0
001 2.01258 -51.0 7317 920.625 0
011 4.19084 -49.5 7546 920.625 0
100 4.14175 -44.0 7747 920.625 0
101 4.82284 -45.0 7919 920.625 0
001 1.95736 -50.5 8091 920.625 0
011 4.27674 -49.5 8227 920.625 0
100 4.21538 -44.0 8394 920.625 0
101 4.82897 -45.0 8632 920.625 0
001 2.06167 -50.5 8852 920.625 0
011 3.96381 -49.0 8911 920.625 0
100 3.09251 -44.0 9046 921.625 0
101 4.29515 -44.0 9347 921.625 0
011 3.08637 -49.0 9596 921.625 0
100 3.10478 -43.5 9693 921.625 0
101 3.32567 -44.0 20050 922.625 0
100 2.53414 -43.0 20055 922.625 0
011 2.59550 -48.0 20061 922.625 0
100 2.53414 -43.0 20708 922.625 0
011 2.65685 -48.0 20744 922.625 0
101 3.25204 -43.5 20758 922.625 0
100 2.41755 -43.0 21349 922.625 0
011 2.73049 -48.0 21429 922.625 0
101 3.29499 -44.0 21466 922.625 0
100 1.55239 -42.5 21993 923.625 0
011 1.46649 -47.5 22118 923.625 0
101 2.54641 -43.5 22190 923.625 0
100 1.55852 -42.5 22641 923.625 0
011 1.47876 -47.0 22810 923.625 0
101 2.74889 -43.5 22897 923.625 0
100 1.55239 -42.5 23289 923.625 0
101 2.65072 -43.5 23601 923.625 0
001 2.28870 -50.5 23639 920.625 0
100 4.14175 -44.0 23942 920.625 0
011 4.22765 -49.5 24170 920.625 0
001 2.04940 -50.5 24250 920.625 0
101 4.85965 -45.0 24313 920.625 0
100 4.16016 -44.0 24584 920.625 0
011 4.00676 -49.0 24859 920.625 0
001 1.95122 -50.5 24970 920.625 0
101 4.82284 -44.5 25030 920.625 0
100 4.06198 -44.0 25239 920.625 0
011 3.08023 -49.0 25552 921.625 0
101 4.24606 -44.0 25750 921.625 0
100 3.15386 -43.5 25890 921.625 0
101 4.24606 -44.0 26470 921.625 0
100 3.09864 -43.5 26538 921.625 0
100 3.08637 -43.5 27181 921.625 0
101 4.14788 -44.0 27190 921.625 0
011 2.48505 -48.0 27614 922.625 0
100 2.42369 -43.0 27832 922.625 0
101 3.25204 -44.0 27909 922.625 0
011 2.52186 -48.0 28297 922.625 0
100 2.62004 -43.0 28483 922.625 0
101 3.30113 -44.0 28622 922.625 0
011 2.60163 -48.0 28978 922.625 0
100 1.51557 -42.5 29128 923.625 0
101 2.69981 -43.5 29346 923.625 0
100 1.53398 -42.5 29779 923.625 0
101 4.82284 -45.0 40086 920.625 0
100 4.23992 -43.5 40091 920.625 0
011 4.09880 -49.0 40096 920.625 0
001 1.93895 -50.5 40101 920.625 0
100 4.17856 -44.0 40737 920.625 0
011 3.99449 -49.0 40781 920.625 0
101 4.81056 -45.0 40813 920.625 0
001 1.86532 -50.5 40832 920.625 0
100 4.36878 -44.0 41385 920.625 0
001 1.96963 -50.5 41460 920.625 0
011 4.22152 -49.0 41476 920.625 0
101 4.84124 -45.0 41521 920.625 0
100 3.06796 -43.5 42042 921.625 0
001 1.22105 -50.5 42161 921.625 0
101 4.33196 -44.0 42231 921.625 0
100 3.06796 -43.5 42688 921.625 0
101 4.26447 -44.0 42956 921.625 0
011 3.06796 -48.5 43547 921.625 0
101 3.27658 -44.0 43678 922.625 0
100 2.72435 -43.0 43981 922.625 0
011 2.60777 -48.0 44225 922.625 0
101 3.26431 -44.0 44396 922.625 0
100 2.79185 -43.0 44629 922.625 0
011 2.37460 -48.0 44907 922.625 0
101 3.25204 -43.5 45113 922.625 0
100 2.44210 -43.0 45278 922.625 0
101 2.62004 -43.5 45822 923.625 0
100 1.53398 -42.5 45916 923.625 0
101 2.54641 -43.5 46530 923.625 0
100 1.52784 -42.5 46564 923.625 0
100 1.54012 -42.5 47214 923.625 0
101 2.70594 -43.5 47239 923.625 0
001 1.63829 -50.5 47271 920.625 0
011 3.88404 -49.0 47642 920.625 0
100 4.10493 -44.0 47861 920.625 0
101 4.77375 -44.5 47953 920.625 0
001 1.95736 -50.0 47989 920.625 0
011 4.11720 -48.5 48331 920.625 0
100 4.01903 -44.0 48509 920.625 0
101 4.79216 -44.5 48667 920.625 0
001 2.08621 -50.0 48762 920.625 0
011 4.22152 -49.0 49013 920.625 0
100 3.08023 -43.5 49167 921.625 0
101 4.49763 -44.0 49385 921.625 0
