001 3.33794 -47.5 0 922.625 0
101 4.29515 -52.5 5 922.625 0
100 2.81639 -44.5 11 922.625 0
100 2.78571 -44.0 556 922.625 0
001 3.29499 -47.5 566 922.625 0
101 3.91472 -52.0 616 922.625 0
100 2.79185 -44.0 1107 922.625 0
001 3.30113 -47.5 1139 922.625 0
101 4.00062 -52.0 1227 922.625 0
100 3.20909 -44.5 1661 922.625 0
001 3.33794 -48.0 1705 922.625 0
101 3.17841 -51.5 1848 923.625 0
100 2.42369 -44.5 2203 923.625 0
001 3.12318 -47.0 2270 923.625 0
101 3.22750 -52.0 2470 923.625 0
100 2.47891 -44.5 2751 923.625 0
001 2.55868 -47.0 2835 923.625 0
101 3.16614 -52.0 3076 923.625 0
100 2.13530 -45.0 3299 923.625 0
001 2.66299 -46.5 3400 923.625 0
100 4.36264 -44.0 3858 920.625 0
001 5.09282 -49.0 3964 920.625 0
100 4.35651 -44.0 4409 920.625 0
001 4.98851 -49.5 4535 920.625 0
100 4.52218 -44.5 4961 920.625 0
001 4.87192 -49.0 5110 920.625 0
100 3.75518 -44.5 5520 921.625 0
001 4.27060 -48.5 5683 921.625 0
100 3.71223 -44.5 6074 921.625 0
001 4.21538 -48.0 6255 921.625 0
100 3.73678 -44.0 6631 921.625 0
001 4.29515 -49.0 6824 921.625 0
100 2.84707 -44.5 7193 922.625 0
101 4.39332 -52.0 7203 922.625 0
001 3.27045 -47.5 7390 922.625 0
100 2.85320 -44.5 7757 922.625 0
101 4.21538 -52.0 7816 922.625 0
001 3.30113 -47.5 7953 922.625 0
101 4.22152 -51.5 8435 922.625 0
001 3.29499 -47.5 8521 922.625 0
100 2.93911 -44.0 8869 922.625 0
101 3.11705 -52.0 9076 923.625 0
001 2.63231 -46.5 9090 923.625 0
100 2.21507 -45.0 9421 923.625 0
001 2.85320 -46.5 9661 923.625 0
101 3.13546 -52.0 9693 923.625 0
100 2.13530 -44.5 9970 923.625 0
001 4.90260 -48.5 20038 920.625 0
100 4.41786 -44.0 20043 920.625 0
101 5.76163 -51.5 20143 920.625 0
100 4.33196 -44.0 20595 920.625 0
001 4.91487 -48.5 20610 920.625 0
101 5.39348 -52.0 20758 920.625 0
100 4.57126 -44.0 21158 920.625 0
001 4.90874 -49.0 21184 920.625 0
101 5.73095 -51.0 21371 920.625 0
100 4.49763 -44.5 21711 920.625 0
001 4.93328 -49.5 21759 920.625 0
101 4.53445 -51.5 21989 921.625 0
100 3.55884 -44.5 22278 921.625 0
001 4.16629 -47.5 22334 921.625 0
101 4.50990 -51.5 22624 921.625 0
100 4.17856 -44.5 22844 921.625 0
001 4.29515 -48.0 22904 921.625 0
101 4.57126 -51.0 23249 921.625 0
100 3.86563 -44.0 23390 921.625 0
001 4.17243 -48.0 23475 921.625 0
101 4.30128 -51.0 23860 922.625 0
100 2.84707 -44.5 23953 922.625 0
001 3.15386 -47.5 24051 922.625 0
101 4.07425 -51.0 24470 922.625 0
100 3.00660 -45.0 24505 922.625 0
001 3.29499 -47.5 24620 922.625 0
100 2.77957 -44.5 25075 922.625 0
101 4.11107 -50.5 25084 922.625 0
001 3.27658 -47.5 25197 922.625 0
100 2.04940 -44.5 25621 923.625 0
101 3.03115 -51.0 25759 923.625 0
001 2.93297 -46.5 25769 923.625 0
100 2.03713 -44.0 26167 923.625 0
001 2.60777 -46.5 26338 923.625 0
101 3.19068 -51.0 26375 923.625 0
100 2.04940 -44.5 26728 923.625 0
001 2.87775 -46.5 26910 923.625 0
101 3.17227 -51.5 27042 923.625 0
100 4.34423 -44.0 27294 920.625 0
001 5.00078 -49.0 27477 920.625 0
101 5.28303 -51.5 27660 920.625 0
100 4.73693 -44.0 27859 920.625 0
001 4.95783 -49.0 28045 920.625 0
101 5.50392 -51.5 28275 920.625 0
100 4.53445 -44.5 28414 920.625 0
001 4.87192 -49.5 28618 920.625 0
101 5.23394 -52.0 28887 920.625 0
100 4.38105 -44.0 28965 920.625 0
001 4.28287 -48.0 29186 921.625 0
100 3.60792 -44.0 29521 921.625 0
101 4.54672 -51.5 29597 921.625 0
001 4.65103 -48.0 29756 921.625 0
100 2.76117 -44.5 40085 922.625 0
001 3.28885 -47.0 40090 922.625 0
101 4.20924 -51.5 40095 922.625 0
100 3.00047 -44.5 40647 922.625 0
001 3.25204 -47.5 40661 922.625 0
101 4.19697 -51.5 40710 922.625 0
100 3.22750 -44.5 41210 922.625 0
001 3.27658 -48.0 41233 922.625 0
101 4.08039 -51.0 41326 922.625 0
100 2.78571 -44.5 41767 922.625 0
001 3.20909 -47.5 41799 922.625 0
101 3.06796 -51.5 41972 923.625 0
100 2.24575 -44.5 42321 923.625 0
001 2.63845 -46.5 42379 923.625 0
101 3.01887 -51.5 42609 923.625 0
100 2.09849 -44.5 42884 923.625 0
001 2.66913 -47.0 42956 923.625 0
101 3.03728 -51.5 43243 923.625 0
100 2.59550 -44.5 43440 923.625 0
001 2.52800 -46.5 43534 923.625 0
101 5.29530 -51.5 43858 920.625 0
100 4.26447 -44.5 43990 920.625 0
001 4.88419 -48.5 44098 920.625 0
101 5.26462 -51.5 44472 920.625 0
100 4.30742 -44.5 44539 920.625 0
001 4.93328 -48.5 44671 920.625 0
101 5.27689 -52.0 45092 920.625 0
100 4.36878 -44.0 45097 920.625 0
001 4.90260 -49.0 45245 920.625 0
100 3.60792 -44.0 45644 921.625 0
101 4.55899 -51.5 45714 921.625 0
001 4.25219 -48.0 45816 921.625 0
100 3.70610 -44.0 46198 921.625 0
101 4.61421 -51.5 46368 921.625 0
001 4.23992 -48.0 46392 921.625 0
100 3.65701 -44.0 46760 921.625 0
001 4.15402 -47.5 46959 921.625 0
101 4.58353 -51.0 46986 921.625 0
100 2.85320 -44.5 47322 922.625 0
001 3.25818 -47.5 47531 922.625 0
101 4.00676 -51.5 47601 922.625 0
100 3.19682 -44.5 47885 922.625 0
001 3.23977 -47.5 48099 922.625 0
101 3.98221 -51.5 48218 922.625 0
100 2.89002 -44.5 48432 922.625 0
001 3.22136 -47.5 48674 922.625 0
101 4.11107 -51.0 48833 922.625 0
100 2.83480 -44.5 48993 922.625 0
001 2.47278 -46.5 49247 923.625 0
100 2.22120 -44.5 49553 923.625 0
001 2.66299 -46.5 49831 923.625 0
101 3.16000 -51.5 49850 923.625 0
