101 0.06750 -45.0 0 920.625 0
011 6.21569 -56.5 11 920.625 0
011 5.87208 -56.5 375 920.625 0
101 0.05522 -44.5 395 920.625 0
001 3.06796 -46.0 733 920.625 0
011 5.81686 -55.0 743 920.625 0
101 0.08590 -44.5 788 920.625 0
001 3.09864 -46.0 1097 920.625 0
011 6.14206 -56.0 1107 920.625 0
101 6.27705 -45.0 1186 920.625 0
011 5.97639 -55.5 1463 920.625 0
101 0.07363 -44.5 1587 920.625 0
011 5.27076 -55.5 1820 921.625 0
001 2.52800 -46.5 1830 921.625 0
101 5.71868 -45.0 1982 921.625 0
011 5.33212 -55.0 2186 921.625 0
001 2.50346 -46.0 2196 921.625 0
101 5.68186 -44.5 2375 921.625 0
011 5.73095 -54.5 2543 921.625 0
001 2.59550 -46.5 2558 921.625 0
101 5.82299 -45.0 2774 921.625 0
011 5.55915 -55.0 2908 921.625 0
001 2.51573 -46.0 2926 921.625 0
101 5.68186 -44.5 3164 921.625 0
011 5.36280 -54.5 3270 921.625 0
001 2.38687 -46.0 3298 921.625 0
101 5.87821 -45.0 3558 921.625 0
001 1.55239 -46.5 3667 922.625 0
101 4.72466 -44.0 3955 922.625 0
001 1.56466 -46.5 4038 922.625 0
101 4.74920 -44.5 4355 922.625 0
001 1.55239 -46.5 4404 922.625 0
101 4.71852 -44.5 4752 922.625 0
001 1.54012 -46.5 4776 922.625 0
001 1.54625 -46.5 5144 922.625 0
101 4.64489 -44.5 5154 922.625 0
011 4.14175 -53.0 5455 923.625 0
001 0.91425 -47.0 5518 923.625 0
101 4.01903 -44.5 5550 923.625 0
011 4.29515 -52.5 5812 923.625 0
001 0.88971 -47.0 5886 923.625 0
101 4.22152 -44.5 5950 923.625 0
011 4.15402 -53.0 6171 923.625 0
001 1.07379 -47.5 6252 923.625 0
101 4.22152 -44.5 6350 923.625 0
011 4.30128 -53.0 6525 923.625 0
001 0.99402 -47.0 6626 923.625 0
101 4.34423 -44.0 6748 923.625 0
011 4.01289 -52.5 6882 923.625 0
001 0.90812 -47.0 7001 923.625 0
101 4.04357 -44.5 7147 923.625 0
011 6.08070 -56.5 7246 920.625 0
101 6.25864 -45.0 7554 920.625 0
011 5.94571 -56.0 7604 920.625 0
001 3.00047 -46.0 7755 920.625 0
101 0.02454 -45.0 7947 920.625 0
011 5.96412 -56.0 7962 920.625 0
011 6.00707 -56.0 8316 920.625 0
101 0.00000 -45.0 8348 920.625 0
011 6.14206 -55.5 8672 920.625 0
101 0.01227 -44.5 8751 920.625 0
011 5.34439 -55.0 9032 921.625 0
101 5.57755 -44.5 9154 921.625 0
001 2.57709 -46.0 9213 921.625 0
011 5.48552 -54.5 9386 921.625 0
101 5.79231 -44.5 9554 921.625 0
001 2.42983 -46.5 9583 921.625 0
011 5.42416 -55.0 9753 921.625 0
001 2.41755 -46.5 9943 921.625 0
101 5.90276 -44.5 9957 921.625 0
101 4.74307 -44.0 20030 922.625 0
001 1.51557 -47.0 20035 922.625 0
001 1.52784 -46.5 20403 922.625 0
101 4.65717 -44.5 20429 922.625 0
101 4.71852 -44.0 20836 922.625 0
001 1.55239 -47.0 21141 922.625 0
101 4.74307 -44.5 21239 922.625 0
001 1.52171 -46.5 21524 922.625 0
101 4.71852 -44.5 21641 922.625 0
011 4.27060 -53.0 21869 923.625 0
001 0.96334 -47.5 21898 923.625 0
101 4.23992 -44.0 22048 923.625 0
100 4.44854 -48.0 22058 923.625 0
011 4.04357 -53.0 22233 923.625 0
001 0.95107 -47.0 22275 923.625 0
101 3.98221 -44.0 22451 923.625 0
100 4.39332 -48.5 22461 923.625 0
011 4.09880 -53.0 22598 923.625 0
001 0.93880 -47.5 22643 923.625 0
101 4.03744 -44.0 22844 923.625 0
011 4.12334 -53.0 22959 923.625 0
100 4.41786 -48.0 22968 923.625 0
001 0.91425 -47.0 23013 923.625 0
101 4.29515 -44.0 23247 923.625 0
011 4.25219 -53.0 23320 923.625 0
100 4.36878 -48.0 23352 923.625 0
001 0.91425 -47.5 23380 923.625 0
101 6.25251 -44.5 23654 920.625 0
011 5.85981 -56.0 23678 920.625 0
011 6.04388 -55.5 24048 920.625 0
001 2.95751 -46.0 24121 920.625 0
011 5.99480 -56.0 24409 920.625 0
011 5.87208 -56.0 24768 920.625 0
011 6.03775 -56.0 25138 920.625 0
011 5.22781 -55.0 25501 921.625 0
001 2.42983 -46.0 25619 921.625 0
101 5.76777 -44.5 25669 921.625 0
011 5.54687 -55.0 25864 921.625 0
001 2.65685 -46.0 25992 921.625 0
101 5.78004 -44.5 26069 921.625 0
011 5.83526 -55.0 26223 921.625 0
001 2.30097 -46.0 26361 921.625 0
101 5.70641 -44.0 26474 921.625 0
011 5.58369 -54.5 26587 921.625 0
001 2.54641 -46.0 26731 921.625 0
101 5.73095 -44.5 26868 921.625 0
011 5.24008 -54.5 26952 921.625 0
001 2.54641 -46.0 27101 921.625 0
101 4.67557 -44.0 27273 922.625 0
001 1.47262 -46.5 27478 922.625 0
101 4.65717 -44.0 27674 922.625 0
001 1.48489 -46.5 27850 922.625 0
101 4.63876 -44.0 28075 922.625 0
101 4.67557 -44.0 28477 922.625 0
100 4.52831 -48.0 29048 923.625 0
011 4.17243 -52.5 29136 923.625 0
101 4.14175 -44.0 29280 923.625 0
001 1.04924 -47.5 29327 923.625 0
100 4.44854 -48.0 29434 923.625 0
011 4.31969 -52.5 29493 923.625 0
101 4.42400 -44.5 29687 923.625 0
001 0.88971 -47.0 29705 923.625 0
100 4.49763 -48.0 29817 923.625 0
011 4.25833 -52.5 29862 923.625 0
011 5.82913 -56.5 40055 920.625 0
001 2.98206 -46.5 40061 920.625 0
011 5.89049 -55.5 40427 920.625 0
001 2.92684 -45.5 40438 920.625 0
011 5.79231 -56.5 40797 920.625 0
011 5.93957 -56.0 41157 920.625 0
011 6.14206 -56.0 41521 920.625 0
011 5.47938 -55.0 41886 921.625 0
001 2.45437 -46.5 41945 921.625 0
101 5.86594 -44.0 42097 921.625 0
011 5.41188 -54.5 42251 921.625 0
001 2.22120 -46.0 42323 921.625 0
101 5.82299 -44.0 42497 921.625 0
011 5.27076 -55.0 42616 921.625 0
001 2.23961 -46.5 42699 921.625 0
101 5.82913 -44.0 42905 921.625 0
011 5.21553 -54.5 42987 921.625 0
001 2.33779 -46.0 43078 921.625 0
101 5.80458 -44.0 43309 921.625 0
011 5.04373 -54.5 43347 921.625 0
001 2.60777 -46.5 43448 921.625 0
101 4.63876 -44.0 44921 922.625 0
100 4.30128 -47.5 45449 923.625 0
011 3.95153 -52.5 45548 923.625 0
001 0.85903 -47.5 45707 923.625 0
101 4.03744 -44.0 45718 923.625 0
100 4.63876 -47.0 45834 923.625 0
011 4.07425 -52.5 45925 923.625 0
001 1.18423 -47.0 46080 923.625 0
101 4.16629 -44.0 46123 923.625 0
100 4.43627 -47.5 46216 923.625 0
011 3.99449 -53.0 46296 923.625 0
001 1.01856 -47.5 46462 923.625 0
101 4.30128 -44.0 46528 923.625 0
100 4.42400 -47.0 46598 923.625 0
011 4.02517 -53.0 46657 923.625 0
001 1.27014 -47.0 46841 923.625 0
101 3.98835 -44.0 46929 923.625 0
100 4.28287 -47.5 46985 923.625 0
011 3.94540 -53.0 47023 923.625 0
001 1.24559 -47.5 47218 923.625 0
011 5.98253 -56.0 47388 920.625 0
001 2.94524 -45.5 47593 920.625 0
011 5.74936 -56.5 47754 920.625 0
001 3.02501 -46.0 47966 920.625 0
011 6.08684 -55.5 48125 920.625 0
101 6.10524 -44.0 48134 920.625 0
011 5.89049 -55.5 48495 920.625 0
001 2.98819 -45.5 48723 920.625 0
011 5.94571 -55.5 48864 920.625 0
101 6.12979 -44.0 48946 920.625 0
001 2.15984 -46.0 49103 921.625 0
011 5.18486 -54.5 49232 921.625 0
101 5.63891 -43.5 49356 921.625 0
001 2.31324 -46.0 49477 921.625 0
011 5.18486 -54.5 49600 921.625 0
101 5.55915 -44.0 49767 921.625 0
001 2.23961 -46.0 49862 921.625 0
011 5.86594 -54.0 49964 921.625 0
