101 4.20924 -52.5 0 920.625 0
100 2.56482 -50.0 41 920.625 0
100 4.34423 -50.0 2691 921.625 0
100 3.62633 -50.0 4031 922.625 0
100 2.87775 -50.0 4932 923.625 0
001 1.65670 -47.0 4978 923.625 0
100 2.63231 -51.0 5714 923.625 0
100 2.76117 -50.0 6349 923.625 0
100 4.70625 -50.0 7098 920.625 0
001 3.38703 -47.0 7108 920.625 0
100 4.79216 -48.0 7838 920.625 0
001 3.75518 -45.5 7843 920.625 0
001 3.09251 -45.0 8575 921.625 0
100 4.06812 -47.5 8584 921.625 0
001 2.98819 -45.0 9304 921.625 0
100 4.03130 -48.0 9336 921.625 0
001 2.25802 -45.0 19563 922.625 0
100 3.29499 -47.5 19568 922.625 0
001 2.14144 -44.5 20289 922.625 0
100 3.31340 -48.0 20308 922.625 0
001 2.49118 -44.5 21021 922.625 0
100 3.25818 -47.5 21048 922.625 0
001 1.39899 -45.0 21747 923.625 0
100 3.09251 -47.5 21792 923.625 0
001 1.38058 -45.0 22479 923.625 0
100 2.85320 -47.5 22533 923.625 0
001 3.73064 -45.0 23211 920.625 0
100 4.76148 -48.0 23282 920.625 0
001 3.68769 -45.0 23940 920.625 0
100 4.75534 -48.0 24018 920.625 0
001 3.62633 -45.0 24670 920.625 0
100 4.78602 -48.0 24755 920.625 0
001 2.97592 -45.0 25402 921.625 0
100 4.00676 -48.0 25496 921.625 0
001 2.94524 -44.5 26127 921.625 0
100 4.03744 -47.5 26238 921.625 0
001 2.12917 -45.0 26847 922.625 0
100 3.31340 -47.5 26981 922.625 0
001 2.14757 -45.0 27578 922.625 0
100 3.30726 -47.5 27720 922.625 0
001 2.45437 -44.5 28295 922.625 0
100 3.35635 -48.0 28463 922.625 0
001 1.37445 -44.5 29029 923.625 0
100 2.73049 -48.0 29202 923.625 0
001 3.62633 -45.0 39608 920.625 0
100 4.76148 -48.0 39614 920.625 0
001 3.99449 -45.0 40341 920.625 0
100 4.81056 -48.0 40355 920.625 0
001 3.77359 -45.0 41068 920.625 0
100 4.81056 -47.5 41095 920.625 0
001 2.86548 -45.0 41801 921.625 0
100 4.01289 -48.0 41833 921.625 0
001 3.12318 -45.0 42530 921.625 0
100 3.96994 -48.0 42570 921.625 0
001 2.50346 -45.0 43254 922.625 0
100 3.22136 -47.5 43304 922.625 0
001 2.54027 -44.5 43979 922.625 0
100 3.33181 -48.0 44044 922.625 0
001 2.77957 -44.5 44701 922.625 0
100 3.30113 -48.0 44785 922.625 0
001 1.38058 -45.0 45439 923.625 0
100 2.76117 -47.5 45525 923.625 0
001 1.38058 -45.0 46168 923.625 0
100 2.84093 -47.5 46266 923.625 0
001 3.63860 -45.0 46900 920.625 0
100 4.77375 -48.0 47006 920.625 0
001 3.63247 -45.0 47631 920.625 0
100 4.74920 -48.0 47753 920.625 0
001 3.69996 -45.0 48359 920.625 0
100 4.88419 -48.0 48496 920.625 0
001 3.25818 -45.0 49088 921.625 0
100 3.96994 -48.0 49234 921.625 0
