001 2.04326 -42.5 0 922.625 0
101 1.58920 -44.0 5 922.625 0
001 2.21507 -42.0 589 922.625 0
001 2.20893 -42.5 1181 922.625 0
101 1.51557 -44.0 1199 922.625 0
001 2.46664 -42.0 1777 922.625 0
101 0.88971 -43.5 1799 923.625 0
001 1.74874 -41.5 2367 923.625 0
101 1.25173 -44.0 2398 923.625 0
001 1.31922 -42.0 2968 923.625 0
101 1.06151 -44.0 2995 923.625 0
001 1.44194 -42.0 3558 923.625 0
101 2.93297 -43.5 3592 920.625 0
001 3.31340 -42.0 4145 920.625 0
101 2.93297 -43.5 4185 920.625 0
001 3.19682 -42.0 4735 920.625 0
101 3.05569 -43.5 4784 920.625 0
001 3.23977 -42.5 5320 920.625 0
101 2.17825 -43.5 5393 921.625 0
001 2.68753 -42.0 5900 921.625 0
001 2.79185 -42.0 6487 921.625 0
101 2.27643 -44.0 6597 921.625 0
001 2.75503 -42.0 7070 921.625 0
101 1.47262 -43.5 7192 922.625 0
001 2.06167 -42.0 7654 922.625 0
101 1.50944 -43.5 7794 922.625 0
001 1.98190 -42.0 8242 922.625 0
001 2.18439 -42.0 8839 922.625 0
101 1.00629 -44.0 8989 923.625 0
001 1.43581 -42.0 9430 923.625 0
101 0.92652 -44.0 9585 923.625 0
101 2.94524 -43.5 20026 920.625 0
001 4.01289 -45.0 20031 920.625 0
001 3.68155 -46.0 20609 920.625 0
101 2.98206 -43.5 20618 920.625 0
001 3.85950 -46.0 21202 920.625 0
101 2.92684 -43.5 21216 920.625 0
001 3.69383 -46.5 21786 920.625 0
001 3.20909 -47.0 22387 921.625 0
101 2.24575 -43.5 22407 921.625 0
001 3.19682 -46.5 22981 921.625 0
101 2.17825 -43.5 23009 921.625 0
001 3.36862 -46.5 23569 921.625 0
001 2.96979 -46.5 24158 922.625 0
001 2.49732 -47.0 24742 922.625 0
001 2.48505 -47.0 25332 922.625 0
001 1.66897 -46.5 25914 923.625 0
101 1.15355 -44.0 25988 923.625 0
001 1.70579 -46.0 26497 923.625 0
101 0.90812 -43.5 26581 923.625 0
001 1.73647 -45.5 27082 923.625 0
101 0.80994 -43.5 27182 923.625 0
001 3.84722 -48.0 27671 920.625 0
101 3.58338 -43.5 27783 920.625 0
101 2.94524 -43.0 28382 920.625 0
001 3.90245 -48.0 28869 920.625 0
101 3.39930 -43.0 28976 920.625 0
001 3.52202 -47.5 29461 921.625 0
101 2.19666 -43.0 29568 921.625 0
101 1.49103 -43.0 40052 922.625 0
001 2.84707 -50.0 40057 922.625 0
101 1.52784 -43.5 40647 922.625 0
001 2.93911 -49.5 40729 922.625 0
101 1.50944 -43.0 41249 922.625 0
001 2.92070 -50.0 41317 922.625 0
101 1.16583 -43.5 41849 923.625 0
001 2.64458 -48.0 41912 923.625 0
101 1.06765 -43.5 42446 923.625 0
001 2.36233 -48.0 42504 923.625 0
101 0.83449 -43.5 43043 923.625 0
001 2.54027 -48.0 43101 923.625 0
101 2.93911 -43.0 43649 920.625 0
001 4.40559 -50.0 43694 920.625 0
101 2.92684 -43.5 44247 920.625 0
001 4.65717 -51.0 44284 920.625 0
101 2.95751 -43.5 44844 920.625 0
001 4.25219 -51.0 44875 920.625 0
101 2.17212 -43.0 45443 921.625 0
001 3.50975 -50.0 45462 921.625 0
001 3.97608 -50.5 46056 921.625 0
101 2.33779 -43.0 46632 921.625 0
001 3.59565 -50.0 46651 921.625 0
001 2.84707 -49.0 47251 922.625 0
001 2.87775 -49.0 47841 922.625 0
101 1.53398 -43.5 48425 922.625 0
101 1.12901 -43.5 49042 923.625 0
001 2.39301 -48.0 49047 923.625 0
101 1.04311 -43.5 49642 923.625 0
001 2.20893 -48.5 49652 923.625 0
