101 1.21491 -39.5 0 920.625 0
001 1.73647 -44.5 6 920.625 0
101 1.37445 -39.0 451 920.625 0
001 1.63216 -44.5 476 920.625 0
101 1.38672 -39.0 898 920.625 0
001 1.70579 -44.5 953 920.625 0
101 1.08606 -39.0 1350 920.625 0
001 1.61988 -44.5 1428 920.625 0
101 0.58291 -40.0 1803 921.625 0
001 1.01243 -44.5 1898 921.625 0
101 0.62586 -40.0 2261 921.625 0
001 1.25173 -44.5 2370 921.625 0
101 0.70563 -40.0 2719 921.625 0
001 1.09219 -44.5 2844 921.625 0
101 0.93266 -40.5 3175 921.625 0
001 1.06765 -44.5 3312 921.625 0
101 0.11045 -41.0 3627 922.625 0
001 0.04909 -46.5 3810 922.625 0
101 0.94493 -39.5 4081 922.625 0
101 1.15969 -39.5 4541 922.625 0
101 0.58905 -39.5 4988 922.625 0
101 5.97025 -40.0 5436 923.625 0
101 5.93344 -40.0 5887 923.625 0
101 5.95798 -40.0 6339 923.625 0
101 5.93957 -40.0 6792 923.625 0
001 1.62602 -47.0 7185 920.625 0
101 1.99418 -39.5 7241 920.625 0
001 1.57693 -47.0 7663 920.625 0
101 1.88986 -39.0 7691 920.625 0
001 1.58307 -47.5 8136 920.625 0
101 1.98190 -39.5 8145 920.625 0
101 1.93895 -39.5 8596 920.625 0
001 1.62602 -47.5 8615 920.625 0
101 1.28854 -39.5 9049 921.625 0
001 1.09219 -47.5 9094 921.625 0
101 1.29468 -39.5 9496 921.625 0
001 0.97561 -47.0 9644 921.625 0
101 1.17810 -39.5 9948 921.625 0
101 0.25157 -42.0 20039 922.625 0
101 0.07977 -42.0 20499 922.625 0
101 0.09204 -42.0 20951 922.625 0
101 0.12885 -42.0 21407 922.625 0
101 5.88435 -42.5 21869 923.625 0
101 5.84140 -42.5 22325 923.625 0
101 6.01934 -42.5 22787 923.625 0
101 5.73095 -42.5 23238 923.625 0
101 1.49103 -41.0 24142 920.625 0
101 1.52784 -41.0 24592 920.625 0
101 1.46649 -41.0 25058 920.625 0
101 1.04311 -41.5 25517 921.625 0
101 1.09219 -41.5 25970 921.625 0
101 0.91425 -41.5 26420 921.625 0
101 0.98788 -41.0 26879 921.625 0
101 6.23410 -41.5 28688 922.625 0
101 5.59596 -42.0 29144 923.625 0
101 5.60823 -42.5 29600 923.625 0
101 1.57693 -40.5 40064 920.625 0
101 1.55852 -40.5 40516 920.625 0
101 1.35604 -40.5 40981 920.625 0
101 1.52171 -40.5 41435 920.625 0
101 0.97561 -41.0 41895 921.625 0
101 0.73017 -41.0 42356 921.625 0
101 1.22105 -41.0 42815 921.625 0
101 0.55223 -41.0 43273 921.625 0
101 6.07456 -41.5 43725 922.625 0
101 6.07456 -41.5 45101 922.625 0
101 5.27076 -42.0 45569 923.625 0
101 5.52233 -42.0 46026 923.625 0
101 5.39348 -41.5 46491 923.625 0
101 5.51619 -41.5 46955 923.625 0
101 1.33150 -40.5 47416 920.625 0
101 1.42353 -40.5 48339 920.625 0
101 1.33763 -40.5 48795 920.625 0
101 0.50928 -40.5 49254 921.625 0
101 0.74858 -40.5 49714 921.625 0
