101 3.21522 -45.5 0 920.625 0
100 4.19697 -49.5 5 920.625 0
100 4.19697 -47.0 745 920.625 0
101 3.12318 -44.0 841 920.625 0
100 4.58353 -47.5 1482 920.625 0
101 3.16614 -44.5 1672 920.625 0
100 3.63860 -47.5 2223 921.625 0
101 2.73049 -44.5 2501 921.625 0
100 3.30726 -47.5 2961 921.625 0
101 2.49118 -44.5 3338 921.625 0
100 2.73662 -47.5 3696 922.625 0
101 1.68738 -44.5 4175 922.625 0
100 2.89616 -47.5 4422 922.625 0
101 1.72419 -44.5 5006 922.625 0
100 2.73049 -48.0 5148 922.625 0
101 1.14742 -44.5 5836 923.625 0
100 2.27029 -47.0 5881 923.625 0
100 2.12917 -47.5 6610 923.625 0
101 1.25786 -44.5 6676 923.625 0
100 4.39332 -47.5 7341 920.625 0
101 3.09864 -44.5 7509 920.625 0
100 4.35651 -47.5 8080 920.625 0
101 3.11705 -44.5 8341 920.625 0
100 4.31969 -48.0 8823 920.625 0
101 2.56482 -44.5 9164 921.625 0
100 3.35635 -47.5 9555 921.625 0
101 2.46664 -44.5 9995 921.625 0
100 2.84093 -47.5 20033 922.625 0
101 1.68124 -44.5 20038 922.625 0
100 2.76730 -47.5 20763 922.625 0
101 1.81010 -44.0 20872 922.625 0
100 2.83480 -48.0 21502 922.625 0
101 1.47876 -44.5 21709 922.625 0
100 2.25188 -47.5 22235 923.625 0
101 1.37445 -44.5 22541 923.625 0
100 2.09849 -47.5 22968 923.625 0
101 1.09833 -44.0 23375 923.625 0
100 4.31969 -48.0 23705 920.625 0
101 3.16614 -44.0 24213 920.625 0
100 4.57126 -48.0 24442 920.625 0
101 3.17227 -44.0 25044 920.625 0
100 4.32583 -47.5 25185 920.625 0
101 2.57709 -44.5 25873 921.625 0
100 3.33794 -48.0 25924 921.625 0
100 3.44225 -47.5 26662 921.625 0
101 2.71208 -44.5 26719 921.625 0
100 2.82252 -47.0 27397 922.625 0
101 1.69965 -44.5 27563 922.625 0
100 3.22136 -47.0 28132 922.625 0
101 1.69351 -44.5 28400 922.625 0
100 2.76730 -47.5 28862 922.625 0
101 1.18423 -44.0 29234 923.625 0
100 1.76101 -47.5 29601 923.625 0
101 3.11091 -44.5 40092 920.625 0
100 4.29515 -48.0 40098 920.625 0
100 4.31355 -48.0 40839 920.625 0
101 3.11091 -44.0 40927 920.625 0
100 4.39946 -48.0 41576 920.625 0
101 3.10478 -44.5 41762 920.625 0
100 3.59565 -47.5 42306 921.625 0
101 2.69367 -44.0 42603 921.625 0
100 3.35635 -48.0 43037 921.625 0
101 2.92070 -44.0 43438 921.625 0
100 2.84093 -47.5 43771 922.625 0
101 1.73647 -44.5 44265 922.625 0
100 2.77957 -47.5 44504 922.625 0
101 1.68738 -44.0 45095 922.625 0
100 2.89616 -47.5 45236 922.625 0
101 1.14742 -44.0 45933 923.625 0
100 2.11076 -47.5 45974 923.625 0
100 1.96963 -47.5 46698 923.625 0
101 1.03084 -44.0 46776 923.625 0
100 4.37491 -47.5 47432 920.625 0
101 3.19068 -44.0 47616 920.625 0
100 4.74920 -48.0 48166 920.625 0
101 3.23363 -44.0 48440 920.625 0
100 4.41786 -48.0 48902 920.625 0
101 2.49118 -44.5 49279 921.625 0
100 3.57724 -48.0 49646 921.625 0
