100 2.91456 -49.5 0 922.625 0
101 3.03115 -42.5 5 922.625 0
100 2.86548 -50.0 691 922.625 0
101 2.87161 -42.0 774 922.625 0
100 2.98206 -49.0 1366 922.625 0
101 2.92070 -42.0 1539 922.625 0
100 2.38074 -49.0 2053 923.625 0
101 2.49118 -42.0 2289 923.625 0
100 2.57709 -49.5 2733 923.625 0
101 2.13530 -42.5 3043 923.625 0
100 2.16598 -49.0 3410 923.625 0
101 4.40559 -41.5 3805 920.625 0
100 4.36264 -48.5 4096 920.625 0
101 4.47922 -41.5 4555 920.625 0
100 4.44241 -48.5 4775 920.625 0
101 4.44854 -42.0 5310 920.625 0
100 4.11107 -49.0 5453 921.625 0
101 3.74905 -42.5 6071 921.625 0
100 4.16629 -48.5 6128 921.625 0
100 3.91472 -49.0 6808 921.625 0
101 4.00062 -42.0 6834 921.625 0
100 3.00660 -49.5 7494 922.625 0
101 2.89616 -42.5 7587 922.625 0
100 2.90843 -48.5 8182 922.625 0
101 2.91456 -42.5 8345 922.625 0
100 3.01274 -48.5 8871 922.625 0
101 2.44823 -42.0 9094 923.625 0
100 2.22734 -49.5 9552 923.625 0
101 2.28870 -42.5 9846 923.625 0
100 4.55899 -48.0 20043 920.625 0
101 4.43014 -42.0 20048 920.625 0
100 4.55899 -48.0 20727 920.625 0
101 4.39946 -42.0 20803 920.625 0
100 4.38719 -48.0 21410 920.625 0
101 4.42400 -41.5 21565 920.625 0
100 3.96994 -48.5 22093 921.625 0
101 3.74905 -42.0 22324 921.625 0
100 3.77359 -48.5 22774 921.625 0
101 3.71837 -42.0 23094 921.625 0
100 4.07425 -48.5 23456 921.625 0
101 2.91456 -42.0 23843 922.625 0
100 3.08023 -49.0 24135 922.625 0
101 2.90229 -42.0 24600 922.625 0
100 2.94524 -49.5 24812 922.625 0
101 2.92684 -42.5 25361 922.625 0
100 2.75503 -49.0 25491 923.625 0
101 2.15371 -42.5 26124 923.625 0
100 2.20280 -50.0 26175 923.625 0
100 2.67526 -49.0 26858 923.625 0
101 2.30711 -42.5 26883 923.625 0
100 4.33810 -48.0 27535 920.625 0
101 4.40559 -41.5 27649 920.625 0
100 4.49763 -48.0 28222 920.625 0
101 4.38719 -42.0 28416 920.625 0
100 4.48536 -48.5 28901 920.625 0
101 3.62633 -42.0 29183 921.625 0
100 3.65701 -49.0 29592 921.625 0
101 3.73064 -42.0 29951 921.625 0
100 2.92070 -49.0 40081 922.625 0
101 2.92070 -42.5 40086 922.625 0
100 2.87161 -49.5 40765 922.625 0
101 2.91456 -42.0 40844 922.625 0
100 2.88388 -49.0 41450 922.625 0
101 2.92684 -42.5 41595 922.625 0
100 2.39301 -49.0 42140 923.625 0
101 2.49118 -42.0 42355 923.625 0
100 2.56482 -49.5 42828 923.625 0
101 2.23961 -42.0 43116 923.625 0
100 2.70594 -49.0 43512 923.625 0
101 4.48536 -42.0 43878 920.625 0
100 4.46695 -48.5 44195 920.625 0
101 4.44241 -42.0 44637 920.625 0
100 4.38719 -48.5 44878 920.625 0
101 4.53445 -42.0 45391 920.625 0
100 4.24606 -48.5 45565 921.625 0
101 4.18470 -42.0 46144 921.625 0
100 3.67542 -48.5 46247 921.625 0
101 3.78586 -42.0 46896 921.625 0
100 3.73678 -48.0 46930 921.625 0
100 2.84707 -49.5 47610 922.625 0
101 2.96979 -42.0 47663 922.625 0
100 3.02501 -49.0 48291 922.625 0
101 2.86548 -42.0 48424 922.625 0
100 2.91456 -48.5 48979 922.625 0
101 2.35006 -42.5 49193 923.625 0
100 2.23961 -49.5 49659 923.625 0
101 2.76117 -42.0 49949 923.625 0
