101 4.26447 -41.5 0 920.625 0
101 4.34423 -41.5 721 920.625 0
101 4.26447 -41.5 1454 920.625 0
101 3.26431 -41.5 2202 921.625 0
101 3.23363 -41.5 2933 921.625 0
101 2.81639 -41.5 3669 922.625 0
101 2.72435 -41.5 4396 922.625 0
001 3.60792 -51.5 5133 922.625 0
101 2.71208 -41.5 5139 922.625 0
100 2.14144 -50.5 5544 923.625 0
101 2.23348 -40.0 5871 923.625 0
001 3.40544 -51.5 5921 923.625 0
100 1.08606 -51.5 6501 923.625 0
101 1.47262 -46.0 6595 923.625 0
001 0.39270 -50.5 6728 923.625 0
101 0.12885 -52.5 7384 920.625 0
001 5.73095 -51.5 8310 920.625 0
011 3.31953 -54.0 8682 920.625 0
101 5.54074 -48.0 8788 920.625 0
100 4.71852 -52.5 9001 921.625 0
101 4.13561 -49.5 21932 923.625 0
101 3.71837 -49.0 22691 923.625 0
101 3.86563 -49.5 23445 923.625 0
101 3.69996 -49.0 29034 923.625 0
101 3.53429 -48.5 29782 923.625 0
101 0.49087 -50.5 40077 920.625 0
101 0.51542 -51.0 40821 920.625 0
101 0.16567 -51.0 41578 920.625 0
101 5.92117 -50.5 42322 921.625 0
101 5.94571 -51.0 43071 921.625 0
101 4.66330 -50.5 43814 922.625 0
101 5.45484 -50.5 44559 922.625 0
101 5.24008 -50.5 45304 922.625 0
100 4.74920 -51.0 45644 923.625 0
101 4.35037 -50.0 46049 923.625 0
100 4.43627 -51.0 46313 923.625 0
101 4.49763 -50.5 46793 923.625 0
100 4.36878 -51.5 46995 923.625 0
101 0.20862 -51.0 47535 920.625 0
101 0.58905 -51.0 48281 920.625 0
101 0.47247 -51.5 49021 920.625 0
101 6.06843 -50.5 49769 921.625 0
