101 2.51573 -41.0 0 922.625 0
100 2.41142 -51.5 5 922.625 0
100 2.55868 -51.5 657 922.625 0
101 2.65685 -41.0 704 922.625 0
100 2.69981 -52.0 1309 922.625 0
101 2.73662 -41.0 1403 922.625 0
101 1.42967 -41.0 2115 923.625 0
100 1.36217 -52.0 2568 923.625 0
101 1.46035 -41.0 2817 923.625 0
101 1.45421 -40.5 3533 923.625 0
100 4.11107 -51.0 3591 920.625 0
100 3.97608 -50.5 4241 920.625 0
101 3.71837 -40.5 4250 920.625 0
100 3.88404 -50.5 4885 920.625 0
101 3.91472 -40.5 4975 920.625 0
100 3.04342 -51.0 5540 921.625 0
101 3.28885 -40.5 5689 921.625 0
100 3.12318 -51.5 6193 921.625 0
101 3.26431 -40.5 6404 921.625 0
100 2.84707 -52.0 6845 921.625 0
101 2.89616 -41.0 7115 921.625 0
100 2.36847 -52.0 7498 922.625 0
101 2.41142 -41.0 7819 922.625 0
100 2.47891 -52.0 8149 922.625 0
101 2.54641 -40.5 8537 922.625 0
100 2.73049 -52.0 8801 922.625 0
101 1.43581 -41.0 9241 923.625 0
101 1.55239 -41.0 9955 923.625 0
101 3.94540 -40.5 20046 920.625 0
100 3.36862 -51.0 20051 920.625 0
100 3.51588 -51.0 20698 920.625 0
101 3.73678 -40.5 20763 920.625 0
100 3.41157 -50.5 21345 920.625 0
101 3.96994 -40.5 21464 920.625 0
100 2.90229 -51.0 21998 921.625 0
101 3.26431 -40.5 22176 921.625 0
100 2.81639 -51.0 22649 921.625 0
101 2.90229 -40.5 22884 921.625 0
100 2.78571 -51.0 23300 921.625 0
101 2.85320 -40.5 23592 921.625 0
100 2.35619 -51.5 23961 922.625 0
101 2.45437 -40.5 24300 922.625 0
100 2.38687 -51.0 24605 922.625 0
101 2.17212 -40.5 25005 922.625 0
100 2.50346 -51.5 25258 922.625 0
101 1.53398 -41.0 25725 923.625 0
100 1.20264 -52.0 25905 923.625 0
101 1.33150 -41.0 26432 923.625 0
100 1.25173 -51.5 26557 923.625 0
101 1.55852 -40.5 27157 923.625 0
100 1.42967 -52.0 27209 923.625 0
100 3.90245 -50.5 27850 920.625 0
101 3.72451 -40.5 27870 920.625 0
100 3.35635 -50.5 28498 920.625 0
101 3.76746 -40.5 28575 920.625 0
100 2.96979 -51.5 29152 921.625 0
101 2.92684 -40.5 29287 921.625 0
100 2.98206 -51.5 29805 921.625 0
101 2.89616 -40.5 29996 921.625 0
101 2.17212 -40.5 40077 922.625 0
100 2.70594 -51.0 40082 922.625 0
100 2.42369 -51.5 40728 922.625 0
101 2.76730 -40.5 40777 922.625 0
100 2.01872 -52.0 41375 922.625 0
101 2.50346 -40.5 41485 922.625 0
100 1.38672 -51.5 42026 923.625 0
101 1.36217 -41.0 42185 923.625 0
100 1.35604 -52.0 42676 923.625 0
101 1.50944 -41.0 42886 923.625 0
100 1.44194 -51.5 43337 923.625 0
101 1.36217 -40.5 43591 923.625 0
100 3.92699 -50.5 43986 920.625 0
101 3.71223 -41.0 44306 920.625 0
100 3.78586 -51.5 44631 920.625 0
101 4.03744 -40.5 45018 920.625 0
100 3.74291 -51.5 45276 920.625 0
101 2.91456 -41.0 45728 921.625 0
100 2.75503 -52.0 45927 921.625 0
101 2.89616 -41.0 46443 921.625 0
100 2.98206 -51.0 46581 921.625 0
101 2.90843 -41.0 47156 921.625 0
100 3.00047 -52.0 47227 921.625 0
101 2.48505 -41.0 47859 922.625 0
100 2.00645 -52.5 47882 922.625 0
100 2.50959 -52.0 48533 922.625 0
101 2.38074 -41.0 48566 922.625 0
101 1.38058 -41.0 49273 923.625 0
101 1.33763 -41.0 49992 923.625 0
