100 4.67557 -49.5 0 920.625 0
101 4.68785 -40.5 54 920.625 0
100 4.64489 -49.0 550 920.625 0
100 4.72466 -49.0 1095 920.625 0
101 4.17856 -40.5 1252 921.625 0
100 4.10493 -49.0 1651 921.625 0
101 4.11107 -40.5 1846 921.625 0
100 4.31969 -48.5 2207 921.625 0
101 4.37491 -41.0 2435 921.625 0
100 4.15402 -48.5 2751 921.625 0
101 4.04971 -40.0 3024 921.625 0
100 3.07410 -49.0 3318 922.625 0
101 3.13546 -41.0 3617 922.625 0
100 3.08637 -49.5 3876 922.625 0
101 3.16000 -40.5 4209 922.625 0
100 3.14159 -50.0 4426 922.625 0
101 3.14773 -40.5 4800 922.625 0
101 2.35619 -41.0 5403 923.625 0
100 2.31324 -49.0 5525 923.625 0
101 2.39301 -41.0 5992 923.625 0
100 2.30097 -49.5 6080 923.625 0
101 2.41755 -41.0 6590 923.625 0
101 4.70012 -40.5 7194 920.625 0
100 4.61421 -49.5 7199 920.625 0
100 4.66944 -49.5 7748 920.625 0
101 4.68785 -40.5 7790 920.625 0
101 4.68785 -40.5 8400 920.625 0
100 3.87790 -49.5 8841 921.625 0
101 4.07425 -40.5 9000 921.625 0
100 4.03744 -48.5 9393 921.625 0
101 3.16000 -40.5 19506 922.625 0
100 3.06183 -49.5 19511 922.625 0
100 3.06796 -48.5 20065 922.625 0
101 3.14159 -40.5 20102 922.625 0
101 3.17841 -41.0 20698 922.625 0
100 3.04342 -49.0 21153 922.625 0
101 2.83480 -41.0 21305 923.625 0
100 2.51573 -49.0 21714 923.625 0
101 2.58936 -41.0 21905 923.625 0
100 2.74889 -49.0 22268 923.625 0
101 2.63231 -40.5 22490 923.625 0
100 2.58936 -49.0 22820 923.625 0
101 4.68785 -40.5 23686 920.625 0
101 4.73080 -40.5 24276 920.625 0
100 4.09880 -49.0 25020 921.625 0
101 4.04357 -40.5 25476 921.625 0
100 4.00062 -48.5 25569 921.625 0
101 4.25219 -40.5 26073 921.625 0
101 4.09880 -40.5 26664 921.625 0
100 3.08637 -49.5 26698 922.625 0
100 3.06796 -49.5 27251 922.625 0
101 3.14159 -41.0 27267 922.625 0
101 3.13546 -41.0 27860 922.625 0
100 3.09864 -49.5 28358 922.625 0
101 3.14159 -41.0 28455 922.625 0
100 2.58936 -48.5 28909 923.625 0
101 2.64458 -41.0 29058 923.625 0
100 2.59550 -48.5 29469 923.625 0
101 4.72466 -40.5 39544 920.625 0
100 4.54672 -49.0 39549 920.625 0
100 4.68171 -49.0 40108 920.625 0
101 4.66330 -40.5 40141 920.625 0
100 4.71239 -49.0 40679 920.625 0
101 4.65103 -40.5 40746 920.625 0
100 4.69398 -49.5 41240 920.625 0
101 4.00062 -41.0 41353 921.625 0
100 4.17243 -49.5 41790 921.625 0
101 4.17243 -40.5 41954 921.625 0
100 3.86563 -49.0 42340 921.625 0
101 4.20311 -40.5 42548 921.625 0
100 4.35651 -48.5 42895 921.625 0
101 3.17227 -41.0 43165 922.625 0
100 3.06796 -50.0 43450 922.625 0
101 3.15386 -41.0 43781 922.625 0
100 3.15386 -50.0 44002 922.625 0
101 3.12932 -41.0 44390 922.625 0
101 2.76730 -40.5 44983 923.625 0
100 2.63231 -48.5 45124 923.625 0
101 2.63231 -41.0 45580 923.625 0
100 2.70594 -48.5 45680 923.625 0
101 2.52186 -41.0 46178 923.625 0
100 2.44210 -49.5 46236 923.625 0
101 4.70012 -40.5 46795 920.625 0
100 4.72466 -48.0 46800 920.625 0
100 4.55899 -48.0 47365 920.625 0
101 4.66330 -40.0 47392 920.625 0
100 4.55899 -49.0 47914 920.625 0
101 4.75534 -40.0 48005 920.625 0
100 4.55899 -48.5 48470 920.625 0
101 4.06812 -40.5 48610 921.625 0
100 4.28901 -49.0 49025 921.625 0
101 4.09266 -40.5 49216 921.625 0
