101 4.21538 -44.5 0 922.625 0
100 4.30128 -57.0 17 922.625 0
100 3.87790 -55.5 532 922.625 0
101 4.12948 -45.0 542 922.625 0
100 3.90245 -55.0 1041 922.625 0
101 4.56513 -45.0 1071 922.625 0
100 4.00676 -56.5 1565 922.625 0
101 4.31969 -44.5 1604 922.625 0
101 3.52202 -45.0 2136 923.625 0
101 3.41157 -44.5 2667 923.625 0
101 3.34408 -45.0 3206 923.625 0
100 5.92730 -56.0 3596 920.625 0
101 5.68186 -44.5 3744 920.625 0
100 5.08054 -55.0 4111 920.625 0
101 5.65119 -44.5 4286 920.625 0
100 5.18486 -58.5 4626 920.625 0
101 5.90889 -45.0 4818 920.625 0
101 5.63278 -44.5 5345 920.625 0
100 4.56513 -57.5 5644 921.625 0
101 4.63262 -45.0 5874 921.625 0
100 4.83511 -56.0 6413 921.625 0
101 4.61421 -45.0 6962 921.625 0
100 4.03130 -56.0 7190 922.625 0
101 4.23992 -45.0 7508 922.625 0
100 4.14788 -54.5 7713 922.625 0
101 4.09880 -44.5 8052 922.625 0
100 3.81041 -56.0 8222 922.625 0
101 4.19084 -45.0 8592 922.625 0
100 3.42998 -54.0 8730 922.625 0
101 3.24590 -45.5 9124 923.625 0
101 3.42385 -45.0 9658 923.625 0
101 5.73709 -44.0 20037 920.625 0
100 4.83511 -56.0 20042 920.625 0
101 5.72482 -45.0 20578 920.625 0
100 5.51006 -55.5 20623 920.625 0
101 5.70641 -44.0 21117 920.625 0
100 5.26462 -56.5 21136 920.625 0
100 5.25849 -54.5 21662 920.625 0
101 5.58369 -45.0 21671 920.625 0
101 4.64489 -44.5 22217 921.625 0
100 4.50377 -55.5 22646 921.625 0
101 4.65103 -45.0 22757 921.625 0
101 4.64489 -44.5 23296 921.625 0
100 4.30742 -56.0 23626 922.625 0
101 4.01289 -44.5 23829 922.625 0
100 4.06198 -59.0 24145 922.625 0
101 4.11107 -44.5 24365 922.625 0
100 3.99449 -57.0 24659 922.625 0
101 4.31355 -45.0 24897 922.625 0
100 3.95153 -56.0 25167 922.625 0
101 3.22750 -45.0 25432 923.625 0
101 3.32567 -45.0 25970 923.625 0
101 3.27658 -45.5 26498 923.625 0
101 3.22136 -45.0 27029 923.625 0
100 5.03146 -57.0 27222 920.625 0
101 5.78618 -45.0 27570 920.625 0
101 5.52847 -44.5 28101 920.625 0
100 5.49165 -56.0 28116 920.625 0
100 5.30144 -56.5 28642 920.625 0
101 5.46711 -44.5 28652 920.625 0
101 4.70012 -45.0 29185 921.625 0
100 4.36878 -56.5 29194 921.625 0
100 4.52218 -56.5 29706 921.625 0
101 4.62035 -44.0 29725 921.625 0
101 4.19084 -44.5 40084 922.625 0
100 3.69383 -56.0 40090 922.625 0
100 3.98221 -56.0 40604 922.625 0
101 4.09880 -45.0 40628 922.625 0
100 3.97608 -56.0 41116 922.625 0
101 4.04357 -44.5 41163 922.625 0
100 3.79814 -57.0 41635 922.625 0
101 4.16016 -45.0 41698 922.625 0
101 3.31340 -45.5 42233 923.625 0
101 3.32567 -45.0 42763 923.625 0
101 3.12318 -45.0 43307 923.625 0
100 4.69398 -55.5 43675 920.625 0
101 5.78004 -44.5 43840 920.625 0
100 5.78004 -57.0 44190 920.625 0
101 5.73709 -44.5 44384 920.625 0
100 5.12963 -56.0 44707 920.625 0
101 6.09297 -44.0 44923 920.625 0
100 5.44256 -56.0 45239 920.625 0
101 4.62649 -44.5 45475 921.625 0
100 4.53445 -56.5 45749 921.625 0
101 4.66330 -45.0 46015 921.625 0
100 4.49150 -56.5 46260 921.625 0
101 4.56513 -44.5 46558 921.625 0
101 4.65717 -44.5 47096 921.625 0
100 4.19084 -56.5 47614 922.625 0
101 4.07425 -45.0 47639 922.625 0
100 3.97608 -54.5 48125 922.625 0
101 4.35037 -44.5 48180 922.625 0
100 4.15402 -57.5 48655 922.625 0
101 4.13561 -45.0 48726 922.625 0
101 3.39930 -45.0 49259 923.625 0
101 3.49748 -45.0 49806 923.625 0
