101 5.62051 -45.0 0 920.625 0
101 5.83526 -44.5 483 920.625 0
101 5.75550 -45.0 963 920.625 0
101 5.67573 -45.0 1443 920.625 0
101 4.19697 -45.5 3848 922.625 0
101 4.24606 -45.5 4332 922.625 0
101 4.58967 -45.5 4812 922.625 0
101 4.41173 -45.5 5292 922.625 0
101 3.31953 -46.0 5774 923.625 0
101 3.24590 -45.5 6257 923.625 0
101 3.19068 -45.5 6742 923.625 0
101 5.87208 -45.5 7226 920.625 0
101 5.85981 -45.5 7705 920.625 0
101 5.84140 -45.0 8194 920.625 0
101 5.68186 -45.5 8674 920.625 0
101 4.70012 -45.5 9169 921.625 0
101 4.67557 -45.0 9653 921.625 0
011 1.36831 -51.0 20096 922.625 0
101 2.35619 -49.5 20106 922.625 0
100 2.85320 -49.5 20133 922.625 0
001 2.46664 -51.5 20188 922.625 0
011 2.81025 -51.5 20548 922.625 0
100 4.37491 -52.0 20582 922.625 0
101 4.38105 -43.5 20592 922.625 0
001 3.08023 -51.5 20844 922.625 0
011 2.33165 -45.0 21011 922.625 0
100 3.54656 -52.0 21036 922.625 0
101 4.18470 -43.0 21089 922.625 0
100 3.45452 -51.0 21501 922.625 0
101 3.23363 -42.0 21578 922.625 0
100 1.50944 -49.5 21958 923.625 0
101 2.15371 -42.5 22066 923.625 0
100 1.76715 -48.0 22426 923.625 0
101 2.05553 -42.0 22560 923.625 0
101 1.76715 -43.0 23049 923.625 0
100 1.40513 -50.0 23356 923.625 0
101 1.95736 -43.5 23547 923.625 0
100 3.32567 -49.0 23826 920.625 0
101 4.16629 -43.5 24041 920.625 0
100 3.30113 -49.0 24291 920.625 0
101 4.39946 -43.5 24531 920.625 0
100 3.57724 -49.0 24752 920.625 0
101 4.28287 -43.0 25019 920.625 0
100 3.44225 -48.5 25212 920.625 0
101 3.27658 -43.0 25514 921.625 0
100 3.04342 -49.5 25680 921.625 0
101 3.18454 -43.0 26005 921.625 0
100 2.71821 -50.0 26143 921.625 0
101 3.55270 -43.5 26501 921.625 0
100 3.03115 -49.0 26611 921.625 0
101 3.19068 -43.0 26990 921.625 0
100 3.30113 -49.5 27077 921.625 0
101 2.68753 -43.0 27484 922.625 0
100 2.04940 -49.5 27540 922.625 0
101 2.71208 -43.5 27973 922.625 0
100 1.87146 -49.5 28007 922.625 0
101 2.69367 -43.0 28459 922.625 0
100 2.14757 -49.5 28481 922.625 0
100 2.02485 -49.5 28946 922.625 0
101 2.69367 -43.0 28962 922.625 0
100 1.17196 -50.5 29411 923.625 0
101 1.73647 -43.0 29452 923.625 0
100 1.41126 -50.0 29880 923.625 0
101 2.00031 -43.0 29938 923.625 0
101 5.72482 -49.0 40080 920.625 0
101 5.72482 -48.0 40581 920.625 0
101 5.70027 -47.5 41087 920.625 0
101 6.25864 -48.0 41592 920.625 0
101 4.82897 -48.5 42100 921.625 0
101 4.90260 -48.0 42602 921.625 0
101 4.98237 -48.5 43104 921.625 0
101 4.82284 -48.0 43601 921.625 0
101 4.43014 -48.5 44111 922.625 0
101 4.21538 -48.5 44610 922.625 0
101 4.59581 -48.0 45120 922.625 0
101 3.61406 -49.5 45635 923.625 0
101 3.54656 -50.0 46135 923.625 0
101 3.54656 -50.0 46643 923.625 0
101 3.74291 -49.5 47150 923.625 0
101 5.87821 -48.5 47644 920.625 0
101 5.92730 -48.0 48142 920.625 0
101 6.19115 -47.5 48638 920.625 0
101 4.78602 -49.0 49137 921.625 0
101 4.76761 -49.0 49637 921.625 0
