101 4.23992 -45.0 0 922.625 0
011 3.01274 -54.0 6 922.625 0
101 4.31969 -45.5 452 922.625 0
011 2.73662 -54.5 481 922.625 0
101 4.27674 -45.0 917 922.625 0
011 2.99433 -54.0 928 922.625 0
101 4.16016 -45.0 1378 922.625 0
011 2.94524 -54.5 1389 922.625 0
011 2.69367 -53.5 1831 923.625 0
101 3.33181 -46.0 1840 923.625 0
011 2.89002 -54.5 2277 923.625 0
101 3.17841 -46.5 2306 923.625 0
011 2.47278 -54.5 2721 923.625 0
101 3.30726 -45.5 2768 923.625 0
011 2.64458 -54.0 3166 923.625 0
101 3.22136 -45.5 3226 923.625 0
100 3.86563 -58.0 3588 920.625 0
011 4.60194 -53.5 3608 920.625 0
101 5.91503 -45.0 3686 920.625 0
101 5.73709 -45.0 4139 920.625 0
011 4.49763 -54.0 4148 920.625 0
100 3.66928 -59.5 4452 920.625 0
101 5.56528 -45.0 4596 920.625 0
100 2.81025 -59.5 4887 920.625 0
101 5.59596 -45.5 5052 920.625 0
011 4.60194 -54.5 5065 920.625 0
100 4.16016 -59.5 5323 920.625 0
011 4.25219 -54.5 5508 921.625 0
101 4.70625 -45.5 5520 921.625 0
011 3.90858 -53.0 5949 921.625 0
101 4.73080 -45.5 5979 921.625 0
011 4.17856 -53.0 6394 921.625 0
101 4.70012 -46.0 6439 921.625 0
011 4.46082 -54.0 6842 921.625 0
101 4.67557 -46.0 6897 921.625 0
011 2.96979 -55.0 7283 922.625 0
101 4.41786 -45.5 7355 922.625 0
011 3.12932 -54.5 7733 922.625 0
101 4.08039 -45.0 7819 922.625 0
011 3.12318 -54.0 8200 922.625 0
101 4.05585 -46.0 8278 922.625 0
101 4.26447 -46.0 8732 922.625 0
011 2.87161 -55.0 8749 922.625 0
101 3.26431 -45.0 9194 923.625 0
011 2.12303 -55.0 9211 923.625 0
101 3.32567 -45.5 9659 923.625 0
101 5.68186 -45.5 20032 920.625 0
100 4.27674 -59.0 20038 920.625 0
100 3.81041 -58.5 20481 920.625 0
101 5.84140 -45.5 20492 920.625 0
100 3.46680 -60.0 20934 920.625 0
101 5.70027 -45.5 20955 920.625 0
100 3.96994 -60.5 21369 920.625 0
101 5.71868 -45.5 21409 920.625 0
100 3.55270 -58.0 21803 920.625 0
101 4.72466 -45.0 22321 921.625 0
101 4.73693 -46.0 22782 921.625 0
101 4.68171 -45.5 23248 921.625 0
101 4.09266 -45.5 23706 922.625 0
101 4.08652 -45.5 24170 922.625 0
101 4.15402 -45.5 24622 922.625 0
101 4.23379 -45.5 25086 922.625 0
101 3.30113 -45.5 25559 923.625 0
101 3.27658 -45.5 26021 923.625 0
101 3.35021 -46.0 26486 923.625 0
101 3.28885 -46.0 26945 923.625 0
100 4.53445 -60.0 27221 920.625 0
101 5.63891 -45.5 27403 920.625 0
100 4.30742 -59.0 27666 920.625 0
101 5.85367 -45.0 27862 920.625 0
100 4.08652 -59.0 28099 920.625 0
101 5.62664 -45.0 28320 920.625 0
100 3.95767 -60.0 28536 920.625 0
101 5.86594 -45.0 28781 920.625 0
100 3.91472 -60.0 28980 920.625 0
101 4.71852 -46.0 29244 921.625 0
101 4.66330 -45.5 29706 921.625 0
101 4.22765 -46.0 40078 922.625 0
101 4.21538 -45.5 40542 922.625 0
101 4.08039 -46.0 41003 922.625 0
101 4.17243 -45.5 41471 922.625 0
101 3.21522 -46.5 41936 923.625 0
101 3.26431 -46.0 42408 923.625 0
101 3.26431 -46.0 42879 923.625 0
101 3.27658 -46.0 43344 923.625 0
101 5.57755 -45.5 43811 920.625 0
100 3.96381 -60.0 44120 920.625 0
101 5.75550 -45.0 44274 920.625 0
101 5.74322 -45.5 44742 920.625 0
100 4.12948 -60.5 45009 920.625 0
101 5.84140 -45.5 45211 920.625 0
101 4.73080 -45.5 45672 921.625 0
101 4.68785 -46.5 46136 921.625 0
101 4.68785 -46.0 46609 921.625 0
101 4.70012 -46.0 47091 921.625 0
101 4.20311 -45.5 47556 922.625 0
101 4.17243 -45.5 48022 922.625 0
101 4.34423 -46.0 48483 922.625 0
101 4.09266 -46.0 48955 922.625 0
101 3.33794 -45.5 49414 923.625 0
101 3.27658 -46.0 49874 923.625 0
