00 1.15969 -59.5 0 920.625 01
00 5.55301 -58.0 6 920.625 01
00 3.14159 -59.5 10 920.625 01
00 5.61437 -62.0 15 920.625 01
00 5.51619 -60.5 20 920.625 01
00 3.60179 -57.0 25 920.625 01
00 0.49087 -53.5 31 920.625 01
00 5.09282 -63.5 36 920.625 01
00 0.46633 -57.0 41 920.625 01
00 5.72482 -61.5 47 920.625 01
00 4.36878 -61.5 52 920.625 01
00 5.92730 -60.5 57 920.625 01
00 4.80443 -60.5 62 920.625 01
00 3.45452 -56.5 67 920.625 01
00 2.14144 -65.0 77 920.625 01
00 3.85336 -62.5 82 920.625 01
00 1.29468 -60.0 90 920.625 01
00 0.54610 -62.5 109 920.625 01
00 3.81654 -66.5 116 920.625 01
00 0.23317 -62.0 120 920.625 01
00 4.36264 -60.5 125 920.625 01
00 0.33134 -63.0 135 920.625 01
00 0.26384 -58.5 146 920.625 01
00 4.03130 -67.0 158 920.625 01
00 5.89049 -65.0 165 920.625 01
00 1.91441 -65.5 171 920.625 01
00 5.65119 -62.0 175 920.625 01
00 0.42951 -64.5 180 920.625 01
00 0.56450 -65.0 196 920.625 01
00 3.36249 -65.5 226 920.625 01
00 2.27643 -65.0 246 920.625 01
00 5.85367 -66.0 258 920.625 01
00 0.57064 -64.5 266 920.625 01
00 3.30726 -60.0 769 920.625 01
00 1.20878 -59.5 806 920.625 01
00 5.54687 -61.5 850 920.625 01
00 0.53383 -53.5 879 920.625 01
00 5.65119 -58.0 884 920.625 01
00 3.66928 -57.0 890 920.625 01
00 5.72482 -61.0 897 920.625 01
00 6.00707 -59.0 903 920.625 01
00 3.45452 -57.0 910 920.625 01
00 4.81670 -64.0 915 920.625 01
00 0.50928 -57.5 944 920.625 01
00 4.38105 -63.0 950 920.625 01
00 1.34990 -60.0 959 920.625 01
00 4.80443 -61.0 963 920.625 01
00 5.25849 -59.5 973 920.625 01
00 0.31907 -60.0 982 920.625 01
00 0.58905 -62.5 989 920.625 01
00 1.91441 -64.0 996 920.625 01
00 3.97608 -63.5 1001 920.625 01
00 0.28839 -58.5 1018 920.625 01
00 5.66346 -62.5 1025 920.625 01
00 0.36202 -65.5 1030 920.625 01
00 1.71192 -66.0 1035 920.625 01
00 0.49701 -65.5 1046 920.625 01
00 4.44241 -59.5 1051 920.625 01
00 0.47860 -64.0 1058 920.625 01
00 3.72451 -66.5 1066 920.625 01
00 5.74322 -65.5 1075 920.625 01
00 3.79814 -68.0 1096 920.625 01
00 3.33794 -66.0 1125 920.625 01
00 5.66346 -66.5 1132 920.625 01
00 2.48505 -66.0 1166 920.625 01
00 0.66268 -62.0 1172 920.625 01
00 3.23363 -60.5 1556 920.625 01
00 1.09833 -59.5 1619 920.625 01
00 5.43643 -62.0 1690 920.625 01
00 3.62019 -57.5 1723 920.625 01
00 0.56450 -53.5 1729 920.625 01
00 3.44839 -56.5 1734 920.625 01
00 5.96412 -60.5 1742 920.625 01
00 5.93344 -61.5 1771 920.625 01
00 5.51619 -58.5 1778 920.625 01
00 4.87192 -63.0 1784 920.625 01
00 1.31309 -59.5 1793 920.625 01
00 5.54687 -60.0 1827 920.625 01
00 3.95767 -63.0 1844 920.625 01
00 0.33748 -62.5 1849 920.625 01
00 0.65041 -62.5 1857 920.625 01
00 5.06214 -59.5 1871 920.625 01
00 4.55899 -63.0 1876 920.625 01
00 0.20249 -58.5 1911 920.625 01
00 0.51542 -57.0 1920 920.625 01
00 2.25802 -63.5 1924 920.625 01
00 5.63278 -62.0 1935 920.625 01
00 0.44792 -64.5 1947 920.625 01
00 1.90214 -65.5 1955 920.625 01
00 0.25771 -64.5 1965 920.625 01
00 0.52155 -66.5 1976 920.625 01
00 4.23379 -64.5 1985 920.625 01
00 4.46082 -60.5 2007 920.625 01
00 5.55301 -65.0 2016 920.625 01
00 5.77390 -66.0 2027 920.625 01
00 3.42385 -65.0 2045 920.625 01
00 1.85305 -62.5 2053 920.625 01
00 3.50361 -67.5 2067 920.625 01
00 3.91472 -67.5 2077 920.625 01
00 0.63200 -65.0 2094 920.625 01
00 3.88404 -66.0 2136 920.625 01
00 3.31953 -61.0 2350 920.625 01
00 1.17196 -59.5 2434 920.625 01
00 3.51588 -56.5 2540 920.625 01
00 5.62051 -61.5 2564 920.625 01
00 0.59518 -53.5 2582 920.625 01
00 3.56497 -57.5 2586 920.625 01
00 6.01934 -60.0 2592 920.625 01
00 5.64505 -61.0 2634 920.625 01
00 1.36217 -59.5 2638 920.625 01
00 5.58369 -58.5 2678 920.625 01
00 0.20862 -62.5 2698 920.625 01
00 3.89631 -64.0 2706 920.625 01
00 4.97623 -63.5 2724 920.625 01
00 5.55915 -60.0 2744 920.625 01
00 0.22703 -58.5 2750 920.625 01
00 4.85965 -60.0 2756 920.625 01
00 0.93266 -63.0 2762 920.625 01
00 4.58353 -62.0 2781 920.625 01
00 2.16598 -63.5 2793 920.625 01
00 5.76163 -63.0 2808 920.625 01
00 1.80396 -66.0 2826 920.625 01
00 0.65654 -65.5 2835 920.625 01
00 0.47247 -63.5 2844 920.625 01
00 0.28839 -66.0 2848 920.625 01
00 0.49701 -57.0 2876 920.625 01
00 2.60777 -65.0 2883 920.625 01
00 5.52233 -64.0 2900 920.625 01
00 4.31969 -64.5 2908 920.625 01
00 4.25833 -61.0 2915 920.625 01
00 5.80458 -65.0 2925 920.625 01
00 3.47907 -67.0 2944 920.625 01
00 3.34408 -66.5 2956 920.625 01
00 0.55223 -65.5 3005 920.625 01
00 3.22136 -60.0 3121 920.625 01
00 1.29468 -59.5 3241 920.625 01
00 3.38703 -56.5 3378 920.625 01
00 5.79231 -60.5 3412 920.625 01
00 3.55270 -57.5 3418 920.625 01
00 5.64505 -63.0 3429 920.625 01
00 0.49087 -53.5 3464 920.625 01
00 1.36217 -60.0 3477 920.625 01
00 5.68186 -61.5 3485 920.625 01
00 3.90245 -64.0 3527 920.625 01
00 0.24544 -63.0 3537 920.625 01
00 5.68800 -57.0 3581 920.625 01
00 4.74307 -63.0 3586 920.625 01
00 0.25157 -58.5 3629 920.625 01
00 4.35651 -62.5 3634 920.625 01
00 4.76761 -60.5 3640 920.625 01
00 0.52769 -62.0 3644 920.625 01
00 5.71254 -62.5 3653 920.625 01
00 5.52233 -60.0 3659 920.625 01
00 2.03713 -64.5 3685 920.625 01
00 1.74874 -66.0 3707 920.625 01
00 0.57064 -63.0 3715 920.625 01
00 0.25157 -66.0 3725 920.625 01
00 0.53383 -66.5 3735 920.625 01
00 4.27674 -60.0 3772 920.625 01
00 0.53383 -56.5 3806 920.625 01
00 3.58952 -66.5 3815 920.625 01
00 5.97025 -66.0 3826 920.625 01
00 5.62051 -65.0 3844 920.625 01
00 3.47293 -66.5 3906 920.625 01
00 0.63200 -66.0 3933 920.625 01
00 3.22750 -60.5 3944 920.625 01
00 1.08606 -59.5 4064 920.625 01
00 3.38089 -57.0 4201 920.625 01
00 3.55270 -57.0 4273 920.625 01
00 5.55301 -61.5 4283 920.625 01
00 5.86594 -60.5 4288 920.625 01
00 0.52155 -53.5 4328 920.625 01
00 5.78004 -61.5 4342 920.625 01
00 1.30082 -59.5 4352 920.625 01
00 0.23930 -62.5 4406 920.625 01
00 0.22089 -58.5 4478 920.625 01
00 5.72482 -63.0 4493 920.625 01
00 4.90260 -63.0 4502 920.625 01
00 4.55285 -62.0 4507 920.625 01
00 0.70563 -61.5 4518 920.625 01
00 5.52847 -58.0 4528 920.625 01
00 4.84738 -60.0 4552 920.625 01
00 0.43565 -63.5 4557 920.625 01
00 1.97577 -66.5 4568 920.625 01
00 2.12303 -65.0 4573 920.625 01
00 5.47938 -60.0 4584 920.625 01
00 2.61390 -65.5 4603 920.625 01
00 4.20924 -65.5 4624 920.625 01
00 0.22089 -65.0 4633 920.625 01
00 0.46633 -66.0 4646 920.625 01
00 4.34423 -61.0 4673 920.625 01
00 5.57755 -64.5 4699 920.625 01
00 3.54656 -66.5 4714 920.625 01
00 0.44792 -57.0 4736 920.625 01
00 5.70641 -64.5 4742 920.625 01
00 3.26431 -60.0 4753 920.625 01
00 3.52816 -68.0 4765 920.625 01
00 3.27045 -65.0 4804 920.625 01
00 0.56450 -65.5 4814 920.625 01
00 1.01856 -59.5 4886 920.625 01
00 3.43612 -57.0 5046 920.625 01
00 3.59565 -57.5 5125 920.625 01
00 5.95798 -61.5 5132 920.625 01
00 5.52847 -61.5 5155 920.625 01
00 0.49701 -53.5 5175 920.625 01
00 1.31922 -60.0 5183 920.625 01
00 5.64505 -61.0 5191 920.625 01
00 0.20249 -62.5 5233 920.625 01
00 3.77973 -62.0 5251 920.625 01
00 0.18408 -58.5 5335 920.625 01
00 5.54074 -62.0 5355 920.625 01
00 4.46082 -63.5 5397 920.625 01
00 0.53383 -64.5 5402 920.625 01
00 0.72404 -61.5 5406 920.625 01
00 1.74874 -65.5 5412 920.625 01
00 4.81056 -62.5 5418 920.625 01
00 2.20893 -64.0 5422 920.625 01
00 4.81670 -60.5 5459 920.625 01
00 5.50392 -58.5 5474 920.625 01
00 5.45484 -60.0 5479 920.625 01
00 2.38687 -65.5 5487 920.625 01
00 0.41111 -65.5 5505 920.625 01
00 3.24590 -59.0 5531 920.625 01
00 0.38043 -65.0 5574 920.625 01
00 4.23379 -60.5 5596 920.625 01
00 5.61437 -65.0 5607 920.625 01
00 3.39317 -68.0 5643 920.625 01
00 0.47860 -56.5 5661 920.625 01
00 4.58353 -64.0 5668 920.625 01
00 1.09833 -59.5 5709 920.625 01
00 5.92730 -66.0 5725 920.625 01
00 0.60132 -65.0 5742 920.625 01
00 3.52202 -65.0 5754 920.625 01
00 3.42998 -57.0 5882 920.625 01
00 3.61406 -58.0 5941 920.625 01
00 5.59596 -61.5 5983 920.625 01
00 5.98866 -59.5 5991 920.625 01
00 0.50928 -53.5 6029 920.625 01
00 1.26400 -59.5 6037 920.625 01
00 5.73709 -62.0 6058 920.625 01
00 0.26998 -63.0 6097 920.625 01
00 3.95153 -63.0 6108 920.625 01
00 0.24544 -58.5 6206 920.625 01
00 5.69414 -63.0 6227 920.625 01
00 0.33748 -64.5 6252 920.625 01
00 4.48536 -62.0 6258 920.625 01
00 0.71790 -62.0 6274 920.625 01
00 2.46051 -63.5 6288 920.625 01
00 1.59534 -65.0 6299 920.625 01
00 3.22136 -61.0 6327 920.625 01
00 2.55868 -65.0 6335 920.625 01
00 4.85965 -63.5 6343 920.625 01
00 5.08668 -60.0 6358 920.625 01
00 5.55915 -58.0 6393 920.625 01
00 5.55915 -59.0 6400 920.625 01
00 0.27612 -64.5 6431 920.625 01
00 0.52769 -64.0 6451 920.625 01
00 4.27674 -60.0 6489 920.625 01
00 5.76163 -65.0 6497 920.625 01
00 3.58952 -66.5 6503 920.625 01
00 1.00629 -60.0 6540 920.625 01
00 4.14175 -64.5 6552 920.625 01
00 3.94540 -67.5 6573 920.625 01
00 0.49701 -57.5 6585 920.625 01
00 5.89049 -65.5 6595 920.625 01
00 3.39317 -65.0 6642 920.625 01
00 0.74858 -64.5 6674 920.625 01
00 3.38703 -57.0 6704 920.625 01
00 3.65087 -56.0 6780 920.625 01
00 5.92730 -60.5 6835 920.625 01
00 5.62664 -62.0 6855 920.625 01
00 0.55223 -53.5 6874 920.625 01
00 1.38672 -60.0 6884 920.625 01
00 4.00062 -63.0 6933 920.625 01
00 0.38043 -62.5 6937 920.625 01
00 5.68186 -62.0 6943 920.625 01
00 5.63891 -63.0 7055 920.625 01
00 0.15953 -58.0 7061 920.625 01
00 1.87759 -63.5 7112 920.625 01
00 3.02501 -60.0 7118 920.625 01
00 0.67495 -62.5 7124 920.625 01
00 4.34423 -63.0 7146 920.625 01
00 1.66284 -65.0 7181 920.625 01
00 0.28839 -64.5 7201 920.625 01
00 2.53414 -65.5 7206 920.625 01
00 5.06827 -60.0 7230 920.625 01
00 4.84124 -63.5 7253 920.625 01
00 5.51006 -58.5 7290 920.625 01
00 5.46097 -57.5 7301 920.625 01
00 0.25771 -65.5 7324 920.625 01
00 0.36202 -66.5 7332 920.625 01
00 1.14128 -59.0 7347 920.625 01
00 3.38089 -67.5 7353 920.625 01
00 5.73709 -65.0 7375 920.625 01
00 4.27060 -60.5 7425 920.625 01
00 4.23992 -64.5 7473 920.625 01
00 5.82913 -66.5 7486 920.625 01
00 3.47293 -56.5 7524 920.625 01
00 0.53383 -57.0 7529 920.625 01
00 3.36862 -65.5 7544 920.625 01
00 3.57111 -58.0 7599 920.625 01
00 0.58905 -66.0 7631 920.625 01
00 5.96412 -61.5 7666 920.625 01
00 5.61437 -61.0 7695 920.625 01
00 1.41740 -60.0 7709 920.625 01
00 0.57678 -53.5 7734 920.625 01
00 3.82268 -63.5 7783 920.625 01
00 0.36202 -61.0 7790 920.625 01
00 5.66959 -61.5 7833 920.625 01
00 0.20862 -58.5 7906 920.625 01
00 5.59596 -62.5 7912 920.625 01
00 3.19682 -60.5 7918 920.625 01
00 2.33165 -65.5 7956 920.625 01
00 0.53996 -62.5 7981 920.625 01
00 4.42400 -63.5 8000 920.625 01
00 1.87146 -65.5 8023 920.625 01
00 2.29484 -65.0 8057 920.625 01
00 0.39270 -63.5 8067 920.625 01
00 4.80443 -60.5 8113 920.625 01
00 4.85965 -63.5 8154 920.625 01
00 0.34361 -65.0 8173 920.625 01
00 1.08606 -60.0 8186 920.625 01
00 5.52233 -58.5 8191 920.625 01
00 5.48552 -60.0 8196 920.625 01
00 0.41111 -65.5 8207 920.625 01
00 3.57724 -68.0 8242 920.625 01
00 5.76777 -64.5 8256 920.625 01
00 3.79814 -67.0 8285 920.625 01
00 4.40559 -60.0 8327 920.625 01
00 5.62051 -65.0 8366 920.625 01
00 3.44225 -57.0 8372 920.625 01
00 3.46066 -67.5 8422 920.625 01
00 0.49087 -57.0 8460 920.625 01
00 3.65087 -57.0 8472 920.625 01
00 5.95798 -61.0 8515 920.625 01
00 0.56450 -65.5 8552 920.625 01
00 1.39285 -59.5 8570 920.625 01
00 5.73709 -62.0 8580 920.625 01
00 0.55223 -53.5 8619 920.625 01
00 3.87790 -63.0 8634 920.625 01
00 0.25157 -62.0 8640 920.625 01
00 5.74936 -60.0 8687 920.625 01
00 3.30113 -60.0 8724 920.625 01
00 5.65732 -64.0 8733 920.625 01
00 0.27612 -58.5 8788 920.625 01
00 2.19052 -64.5 8793 920.625 01
00 0.70563 -62.5 8860 920.625 01
00 1.74874 -65.0 8882 920.625 01
00 4.41173 -63.5 8899 920.625 01
00 2.29484 -64.0 8910 920.625 01
00 0.46019 -63.5 8954 920.625 01
00 4.89033 -60.5 8994 920.625 01
00 1.12901 -59.5 9002 920.625 01
00 0.55223 -66.0 9013 920.625 01
00 5.00078 -63.5 9050 920.625 01
00 0.26384 -65.5 9080 920.625 01
00 5.48552 -58.0 9095 920.625 01
00 5.58983 -60.0 9106 920.625 01
00 3.31340 -68.0 9121 920.625 01
00 3.76132 -67.0 9171 920.625 01
00 5.60210 -64.5 9183 920.625 01
00 4.46695 -60.0 9205 920.625 01
00 3.44839 -56.5 9211 920.625 01
00 5.85981 -66.0 9235 920.625 01
00 3.59565 -57.5 9292 920.625 01
00 3.41157 -66.5 9300 920.625 01
00 0.47247 -57.5 9353 920.625 01
00 5.98253 -60.5 9365 920.625 01
00 1.39899 -59.5 9406 920.625 01
00 5.63891 -61.0 9437 920.625 01
00 0.58291 -65.0 9454 920.625 01
00 0.52155 -53.5 9502 920.625 01
00 4.02517 -62.0 9507 920.625 01
00 3.24590 -60.0 9515 920.625 01
00 0.26384 -62.0 9520 920.625 01
00 4.24606 -64.0 9563 920.625 01
00 5.81072 -62.0 9568 920.625 01
00 5.65732 -62.5 9590 920.625 01
00 0.23930 -58.5 9624 920.625 01
00 1.84078 -62.0 9637 920.625 01
00 1.85918 -65.5 9751 920.625 01
00 2.51573 -64.5 9760 920.625 01
00 0.49087 -63.5 9809 920.625 01
00 4.36878 -62.5 9814 920.625 01
00 5.02532 -60.5 9853 920.625 01
00 1.12287 -60.5 9869 920.625 01
00 0.52155 -67.0 9891 920.625 01
00 4.79216 -63.5 9914 920.625 01
00 0.33748 -66.5 9946 920.625 01
00 5.38734 -58.5 9978 920.625 01
00 0.35588 -66.0 20092 920.625 01
00 0.46019 -53.5 20096 920.625 01
00 4.20924 -61.0 20101 920.625 01
00 3.13546 -61.0 20105 920.625 01
00 4.95169 -63.0 20110 920.625 01
00 0.23930 -58.5 20115 920.625 01
00 1.30695 -59.5 20120 920.625 01
00 0.11045 -63.0 20125 920.625 01
00 5.46711 -60.5 20131 920.625 01
00 3.53429 -57.5 20141 920.625 01
00 2.02485 -63.5 20146 920.625 01
00 5.44870 -61.5 20152 920.625 01
00 5.94571 -60.5 20157 920.625 01
00 0.60132 -56.5 20163 920.625 01
00 3.36249 -56.0 20172 920.625 01
00 1.16583 -59.5 20181 920.625 01
00 5.68800 -62.0 20190 920.625 01
00 0.46633 -63.0 20197 920.625 01
00 4.55899 -63.5 20206 920.625 01
00 4.95169 -60.0 20210 920.625 01
00 3.87177 -63.0 20215 920.625 01
00 5.52847 -58.5 20220 920.625 01
00 5.56528 -64.0 20225 920.625 01
00 4.20311 -64.5 20230 920.625 01
00 0.67495 -64.5 20237 920.625 01
00 5.48552 -61.5 20244 920.625 01
00 0.47860 -64.5 20256 920.625 01
00 3.85950 -66.5 20266 920.625 01
00 2.01258 -65.5 20297 920.625 01
00 5.62664 -66.0 20314 920.625 01
00 3.27045 -60.5 20873 920.625 01
00 0.38043 -65.5 20926 920.625 01
00 0.28839 -59.5 20950 920.625 01
00 0.44792 -54.0 20959 920.625 01
00 1.99418 -64.5 20967 920.625 01
00 1.33763 -59.0 20973 920.625 01
00 0.23930 -62.5 20988 920.625 01
00 5.44256 -61.0 21008 920.625 01
00 3.57724 -57.5 21014 920.625 01
00 4.90874 -64.5 21018 920.625 01
00 6.02548 -61.5 21026 920.625 01
00 1.21491 -59.0 21033 920.625 01
00 4.35651 -60.5 21038 920.625 01
00 3.48520 -56.0 21042 920.625 01
00 5.65119 -62.0 21049 920.625 01
00 0.51542 -57.0 21080 920.625 01
00 4.43014 -63.5 21088 920.625 01
00 4.85965 -58.0 21093 920.625 01
00 5.54074 -62.0 21098 920.625 01
00 5.72482 -60.5 21103 920.625 01
00 0.63814 -65.0 21115 920.625 01
00 0.60746 -63.0 21125 920.625 01
00 4.17243 -62.5 21138 920.625 01
00 5.67573 -64.5 21148 920.625 01
00 5.57755 -58.0 21169 920.625 01
00 5.74322 -65.5 21176 920.625 01
00 1.95736 -66.0 21185 920.625 01
00 0.49087 -65.0 21205 920.625 01
00 4.09880 -65.0 21279 920.625 01
00 3.34408 -61.0 21665 920.625 01
00 0.38043 -66.0 21769 920.625 01
00 0.23317 -58.5 21791 920.625 01
00 1.31922 -60.0 21796 920.625 01
00 2.28870 -63.5 21823 920.625 01
00 3.73064 -57.5 21839 920.625 01
00 1.04311 -59.5 21844 920.625 01
00 0.53383 -54.0 21854 920.625 01
00 0.22703 -62.5 21864 920.625 01
00 3.50361 -56.0 21893 920.625 01
00 4.94555 -64.0 21905 920.625 01
00 5.45484 -61.0 21915 920.625 01
00 5.55301 -62.5 21927 920.625 01
00 5.87821 -60.5 21932 920.625 01
00 4.34423 -61.0 21954 920.625 01
00 5.74936 -61.5 21960 920.625 01
00 3.92699 -63.5 21968 920.625 01
00 3.38089 -65.0 21999 920.625 01
00 4.79216 -59.5 22005 920.625 01
00 0.44792 -57.0 22025 920.625 01
00 5.50392 -62.0 22037 920.625 01
00 0.62586 -62.0 22045 920.625 01
00 4.61421 -63.0 22056 920.625 01
00 0.55223 -64.0 22061 920.625 01
00 5.60823 -65.0 22074 920.625 01
00 3.84109 -67.0 22095 920.625 01
00 5.44870 -58.5 22110 920.625 01
00 1.77328 -66.0 22117 920.625 01
00 3.96381 -67.0 22147 920.625 01
00 5.96412 -65.0 22166 920.625 01
00 0.38043 -65.5 22171 920.625 01
00 4.08652 -64.5 22196 920.625 01
00 2.70594 -66.0 22215 920.625 01
00 3.12318 -60.0 22455 920.625 01
00 1.20264 -60.0 22610 920.625 01
00 0.47860 -63.0 22631 920.625 01
00 0.21476 -58.5 22664 920.625 01
00 1.13515 -59.5 22670 920.625 01
00 3.57724 -57.5 22674 920.625 01
00 1.99418 -64.5 22707 920.625 01
00 0.44792 -54.0 22732 920.625 01
00 3.43612 -56.5 22737 920.625 01
00 0.44179 -61.5 22751 920.625 01
00 5.98866 -60.5 22782 920.625 01
00 5.53460 -61.5 22795 920.625 01
00 4.76148 -63.5 22800 920.625 01
00 3.28885 -66.5 22846 920.625 01
00 5.70641 -62.0 22860 920.625 01
00 5.47938 -60.5 22865 920.625 01
00 4.25219 -61.0 22875 920.625 01
00 4.00676 -62.5 22895 920.625 01
00 0.46633 -57.0 22919 920.625 01
00 0.50928 -66.5 22927 920.625 01
00 0.62586 -62.0 22935 920.625 01
00 5.74936 -64.0 22942 920.625 01
00 4.89647 -60.0 22949 920.625 01
00 5.60823 -61.5 22962 920.625 01
00 4.57740 -63.0 22967 920.625 01
00 5.50392 -58.0 22988 920.625 01
00 2.03099 -64.5 22995 920.625 01
00 3.81041 -67.5 23016 920.625 01
00 3.92085 -66.5 23027 920.625 01
00 0.39884 -66.0 23054 920.625 01
00 5.78004 -65.0 23065 920.625 01
00 4.18470 -63.5 23078 920.625 01
00 2.45437 -64.5 23134 920.625 01
00 3.24590 -61.0 23260 920.625 01
00 1.33150 -59.5 23440 920.625 01
00 1.15969 -59.5 23480 920.625 01
00 0.23317 -66.0 23496 920.625 01
00 2.00645 -64.0 23540 920.625 01
00 3.58338 -58.0 23547 920.625 01
00 0.21476 -58.5 23557 920.625 01
00 3.44839 -57.0 23577 920.625 01
00 0.45406 -53.0 23583 920.625 01
00 0.22089 -63.0 23608 920.625 01
00 5.90276 -61.0 23638 920.625 01
00 5.62664 -62.0 23646 920.625 01
00 4.84738 -62.5 23681 920.625 01
00 5.43643 -61.0 23720 920.625 01
00 5.72482 -61.5 23729 920.625 01
00 3.87790 -63.5 23736 920.625 01
00 4.30742 -61.0 23778 920.625 01
00 5.43029 -62.0 23795 920.625 01
00 5.71254 -64.0 23807 920.625 01
00 0.51542 -62.0 23816 920.625 01
00 0.43565 -66.5 23827 920.625 01
00 0.44792 -57.0 23850 920.625 01
00 4.80443 -60.0 23859 920.625 01
00 4.48536 -64.0 23865 920.625 01
00 5.52233 -58.5 23894 920.625 01
00 3.49134 -68.5 23930 920.625 01
00 1.73033 -66.0 23957 920.625 01
00 0.65041 -66.0 23965 920.625 01
00 4.23379 -65.0 23982 920.625 01
00 5.97025 -66.5 23986 920.625 01
00 3.23977 -60.5 24047 920.625 01
00 1.37445 -59.5 24264 920.625 01
00 1.13515 -59.0 24312 920.625 01
00 0.43565 -65.5 24366 920.625 01
00 1.95736 -64.5 24375 920.625 01
00 3.41771 -56.5 24387 920.625 01
00 3.58338 -57.5 24402 920.625 01
00 0.49087 -54.0 24430 920.625 01
00 0.20862 -59.5 24437 920.625 01
00 5.97639 -61.5 24477 920.625 01
00 5.61437 -61.5 24485 920.625 01
00 3.93926 -63.0 24575 920.625 01
00 5.81072 -62.0 24580 920.625 01
00 4.77988 -64.0 24587 920.625 01
00 5.51619 -60.5 24625 920.625 01
00 5.60823 -63.0 24637 920.625 01
00 4.34423 -61.0 24684 920.625 01
00 5.56528 -65.5 24691 920.625 01
00 0.59518 -62.0 24695 920.625 01
00 0.66882 -65.0 24705 920.625 01
00 4.39332 -61.5 24732 920.625 01
00 4.87192 -60.5 24738 920.625 01
00 0.47247 -57.0 24768 920.625 01
00 5.48552 -58.0 24783 920.625 01
00 3.98221 -66.0 24797 920.625 01
00 3.20295 -61.5 24835 920.625 01
00 4.17243 -64.5 24845 920.625 01
00 2.10462 -65.5 24868 920.625 01
00 0.56450 -66.0 24914 920.625 01
00 0.40497 -64.0 24942 920.625 01
00 1.38058 -60.0 25095 920.625 01
00 1.17810 -59.5 25138 920.625 01
00 2.51573 -64.5 25222 920.625 01
00 3.42998 -57.0 25235 920.625 01
00 0.39270 -64.5 25246 920.625 01
00 0.47247 -53.5 25276 920.625 01
00 3.66928 -57.0 25292 920.625 01
00 0.27612 -62.5 25306 920.625 01
00 0.26384 -57.5 25312 920.625 01
00 5.98866 -61.0 25356 920.625 01
00 5.65732 -62.5 25365 920.625 01
00 3.94540 -62.5 25390 920.625 01
00 5.81686 -61.0 25434 920.625 01
00 4.89033 -64.0 25487 920.625 01
00 5.78618 -63.0 25492 920.625 01
00 0.44792 -62.5 25527 920.625 01
00 5.75550 -65.0 25534 920.625 01
00 5.43643 -61.0 25544 920.625 01
00 0.44792 -66.5 25576 920.625 01
00 4.32583 -61.0 25600 920.625 01
00 4.92715 -60.0 25607 920.625 01
00 4.42400 -63.5 25616 920.625 01
00 3.24590 -61.0 25640 920.625 01
00 3.94540 -68.0 25644 920.625 01
00 5.49165 -58.5 25687 920.625 01
00 0.56450 -57.0 25692 920.625 01
00 4.09266 -66.0 25699 920.625 01
00 2.09235 -65.0 25714 920.625 01
00 3.49134 -67.0 25795 920.625 01
00 0.56450 -66.0 25804 920.625 01
00 5.78004 -64.5 25871 920.625 01
00 1.25786 -59.0 25934 920.625 01
00 1.03697 -60.0 25965 920.625 01
00 2.10462 -65.0 26037 920.625 01
00 3.46066 -56.5 26080 920.625 01
00 0.19021 -66.0 26108 920.625 01
00 3.66315 -58.0 26127 920.625 01
00 0.45406 -54.0 26168 920.625 01
00 0.23317 -62.5 26176 920.625 01
00 0.26384 -59.0 26187 920.625 01
00 5.92117 -60.5 26234 920.625 01
00 3.77973 -63.5 26245 920.625 01
00 5.61437 -61.5 26251 920.625 01
00 5.71254 -62.0 26290 920.625 01
00 5.66346 -62.5 26330 920.625 01
00 4.91487 -63.0 26380 920.625 01
00 0.49087 -63.0 26388 920.625 01
00 5.49779 -61.0 26417 920.625 01
00 3.20295 -61.5 26425 920.625 01
00 5.70641 -65.0 26440 920.625 01
00 0.46019 -67.0 26458 920.625 01
00 4.79829 -60.0 26476 920.625 01
00 4.36878 -61.0 26484 920.625 01
00 4.35037 -60.5 26493 920.625 01
00 3.71223 -67.5 26519 920.625 01
00 2.03713 -66.5 26556 920.625 01
00 5.45484 -58.0 26587 920.625 01
00 0.35588 -57.5 26591 920.625 01
00 3.85336 -65.0 26596 920.625 01
00 0.46633 -66.0 26685 920.625 01
00 5.71254 -66.0 26764 920.625 01
00 1.49103 -60.0 26778 920.625 01
00 1.18423 -59.5 26786 920.625 01
00 2.37460 -64.0 26897 920.625 01
00 3.39930 -57.0 26927 920.625 01
00 0.13499 -65.5 26958 920.625 01
00 3.59565 -58.0 26984 920.625 01
00 0.49087 -53.5 27035 920.625 01
00 0.25771 -59.0 27040 920.625 01
00 0.31293 -62.5 27059 920.625 01
00 5.56528 -63.0 27084 920.625 01
00 3.95767 -62.5 27090 920.625 01
00 5.91503 -61.0 27097 920.625 01
00 5.86594 -60.0 27141 920.625 01
00 5.57755 -62.5 27188 920.625 01
00 3.21522 -61.5 27197 920.625 01
00 4.77375 -63.0 27246 920.625 01
00 0.66882 -62.0 27254 920.625 01
00 5.68186 -64.5 27301 920.625 01
00 5.46097 -61.0 27318 920.625 01
00 0.60132 -66.5 27334 920.625 01
00 4.17856 -61.0 27361 920.625 01
00 4.37491 -63.5 27370 920.625 01
00 4.85352 -60.0 27378 920.625 01
00 3.66928 -68.0 27389 920.625 01
00 2.09235 -65.5 27420 920.625 01
00 5.43643 -58.0 27495 920.625 01
00 0.46019 -56.5 27502 920.625 01
00 4.09880 -65.0 27508 920.625 01
00 0.43565 -66.0 27586 920.625 01
00 1.45421 -59.0 27603 920.625 01
00 1.22105 -60.0 27610 920.625 01
00 5.90889 -65.5 27645 920.625 01
00 2.38687 -65.0 27750 920.625 01
00 3.47907 -57.5 27783 920.625 01
00 0.65041 -65.0 27808 920.625 01
00 3.58952 -57.5 27827 920.625 01
00 0.50315 -54.0 27864 920.625 01
00 5.65732 -62.5 27922 920.625 01
00 3.84109 -62.5 27927 920.625 01
00 0.25771 -58.5 27932 920.625 01
00 0.14726 -63.0 27939 920.625 01
00 3.17227 -60.5 27984 920.625 01
00 5.49779 -63.0 28034 920.625 01
00 5.68800 -61.0 28039 920.625 01
00 0.55837 -63.5 28130 920.625 01
00 4.77375 -64.5 28146 920.625 01
00 5.71868 -66.0 28185 920.625 01
00 0.41111 -66.0 28209 920.625 01
00 4.24606 -58.5 28233 920.625 01
00 5.45484 -60.5 28258 920.625 01
00 4.46082 -63.5 28268 920.625 01
00 4.67557 -60.0 28302 920.625 01
00 1.92668 -65.5 28317 920.625 01
00 4.31355 -64.5 28385 920.625 01
00 5.43029 -58.5 28395 920.625 01
00 1.16583 -60.0 28434 920.625 01
00 1.01856 -60.0 28439 920.625 01
00 0.52155 -57.0 28444 920.625 01
00 0.57064 -65.5 28517 920.625 01
00 5.78618 -66.5 28525 920.625 01
00 2.14757 -64.5 28595 920.625 01
00 3.47907 -56.5 28638 920.625 01
00 3.57111 -58.0 28643 920.625 01
00 0.52155 -65.5 28685 920.625 01
00 0.47860 -53.5 28708 920.625 01
00 0.23930 -62.5 28755 920.625 01
00 3.90245 -60.5 28762 920.625 01
00 3.30726 -60.5 28769 920.625 01
00 5.92730 -61.0 28780 920.625 01
00 5.63278 -62.5 28787 920.625 01
00 0.26384 -59.0 28834 920.625 01
00 5.55301 -62.5 28864 920.625 01
00 5.68800 -61.5 28914 920.625 01
00 0.49087 -62.5 28986 920.625 01
00 4.86579 -63.5 29040 920.625 01
00 5.85367 -66.0 29056 920.625 01
00 3.82268 -67.0 29095 920.625 01
00 0.72404 -65.5 29125 920.625 01
00 4.28287 -61.0 29145 920.625 01
00 4.64489 -62.5 29160 920.625 01
00 5.41802 -60.5 29166 920.625 01
00 1.93895 -65.5 29180 920.625 01
00 4.95783 -59.5 29211 920.625 01
00 1.23332 -60.0 29255 920.625 01
00 4.16016 -65.0 29269 920.625 01
00 1.18423 -59.0 29278 920.625 01
00 5.49165 -57.5 29317 920.625 01
00 0.52769 -56.0 29371 920.625 01
00 2.19666 -63.5 29425 920.625 01
00 5.78004 -65.5 29434 920.625 01
00 0.70563 -65.5 29456 920.625 01
00 3.32567 -56.5 29471 920.625 01
00 3.56497 -58.5 29483 920.625 01
00 0.30066 -66.0 29536 920.625 01
00 3.76746 -62.0 29573 920.625 01
00 5.62051 -61.5 29592 920.625 01
00 0.48474 -54.0 29601 920.625 01
00 0.22089 -63.0 29605 920.625 01
00 3.10478 -60.5 29611 920.625 01
00 5.65732 -62.5 29648 920.625 01
00 5.54074 -62.5 29686 920.625 01
00 0.26384 -59.5 29694 920.625 01
00 5.75550 -61.0 29788 920.625 01
00 0.42951 -63.5 29829 920.625 01
00 3.50975 -69.0 29876 920.625 01
00 4.84124 -64.5 29926 920.625 01
00 5.49165 -65.0 29940 920.625 01
00 0.50315 -61.5 29971 920.625 01
00 4.25833 -61.0 30022 920.625 01
00 4.73080 -63.5 30038 920.625 01
00 2.00645 -66.0 30059 920.625 01
00 5.92730 -61.0 40170 920.625 01
00 3.58338 -57.0 40175 920.625 01
00 4.49763 -63.5 40179 920.625 01
00 0.50928 -57.0 40184 920.625 01
00 0.49701 -54.0 40189 920.625 01
00 5.11736 -64.5 40198 920.625 01
00 1.25173 -59.5 40203 920.625 01
00 4.36878 -60.5 40208 920.625 01
00 3.41771 -57.0 40212 920.625 01
00 5.70027 -61.5 40218 920.625 01
00 3.25204 -61.0 40231 920.625 01
00 5.76777 -63.0 40236 920.625 01
00 5.46097 -65.5 40243 920.625 01
00 2.17212 -64.0 40248 920.625 01
00 0.36202 -58.5 40254 920.625 01
00 0.43565 -64.5 40259 920.625 01
00 5.67573 -62.0 40263 920.625 01
00 0.49087 -66.5 40268 920.625 01
00 0.44792 -62.0 40278 920.625 01
00 4.82897 -61.0 40284 920.625 01
00 1.07379 -59.5 40292 920.625 01
00 5.52847 -58.0 40298 920.625 01
00 0.68109 -65.0 40308 920.625 01
00 5.54687 -60.5 40319 920.625 01
00 3.81041 -62.0 40325 920.625 01
00 0.65654 -61.5 40329 920.625 01
00 3.69383 -68.0 40350 920.625 01
00 3.62633 -57.5 40996 920.625 01
00 6.01934 -61.0 41011 920.625 01
00 0.49701 -54.0 41041 920.625 01
00 1.12901 -60.5 41046 920.625 01
00 4.54672 -64.0 41053 920.625 01
00 3.41771 -56.0 41065 920.625 01
00 3.19682 -61.0 41070 920.625 01
00 4.33196 -61.0 41102 920.625 01
00 5.76777 -62.5 41111 920.625 01
00 0.49087 -56.0 41116 920.625 01
00 0.46633 -65.0 41124 920.625 01
00 0.25771 -62.5 41130 920.625 01
00 5.58983 -60.5 41135 920.625 01
00 0.52155 -64.0 41142 920.625 01
00 0.16567 -58.5 41146 920.625 01
00 1.22105 -60.0 41151 920.625 01
00 5.72482 -64.0 41167 920.625 01
00 2.24575 -64.5 41172 920.625 01
00 5.84140 -61.5 41187 920.625 01
00 5.58369 -58.5 41203 920.625 01
00 4.89033 -60.5 41209 920.625 01
00 5.51619 -60.5 41218 920.625 01
00 4.07425 -63.0 41226 920.625 01
00 0.55223 -62.0 41233 920.625 01
00 0.51542 -66.5 41260 920.625 01
00 1.81623 -65.0 41264 920.625 01
00 3.65701 -68.0 41273 920.625 01
00 1.21491 -60.0 41850 920.625 01
00 6.10524 -60.5 41857 920.625 01
00 3.57111 -58.0 41863 920.625 01
00 3.22136 -60.0 41875 920.625 01
00 0.55837 -53.5 41902 920.625 01
00 3.47907 -56.5 41919 920.625 01
00 4.65103 -63.5 41933 920.625 01
00 1.14742 -60.0 41958 920.625 01
00 0.44179 -62.5 41963 920.625 01
00 5.66959 -62.0 41972 920.625 01
00 0.54610 -65.0 41979 920.625 01
00 5.58983 -62.5 41990 920.625 01
00 5.68800 -65.5 42029 920.625 01
00 0.58291 -57.0 42034 920.625 01
00 0.24544 -59.5 42041 920.625 01
00 5.73095 -62.0 42052 920.625 01
00 0.52155 -62.5 42069 920.625 01
00 4.14175 -62.0 42075 920.625 01
00 5.39961 -58.0 42087 920.625 01
00 5.04373 -64.0 42099 920.625 01
00 4.97010 -60.5 42103 920.625 01
00 0.40497 -65.5 42108 920.625 01
00 4.07425 -62.5 42122 920.625 01
00 4.24606 -64.0 42132 920.625 01
00 3.35021 -66.5 42140 920.625 01
00 5.66959 -66.0 42170 920.625 01
00 5.44870 -60.5 42183 920.625 01
00 2.00031 -65.5 42189 920.625 01
00 1.49103 -65.5 42202 920.625 01
00 0.54610 -65.5 42212 920.625 01
00 4.06812 -67.5 42230 920.625 01
00 3.19068 -61.0 42665 920.625 01
00 3.62633 -57.0 42692 920.625 01
00 5.88435 -61.0 42699 920.625 01
00 1.25786 -59.5 42708 920.625 01
00 3.44839 -57.0 42745 920.625 01
00 0.45406 -54.0 42755 920.625 01
00 4.43014 -64.0 42790 920.625 01
00 1.01243 -59.5 42798 920.625 01
00 0.31293 -62.0 42806 920.625 01
00 5.62051 -61.5 42848 920.625 01
00 6.10524 -61.5 42877 920.625 01
00 0.48474 -65.5 42884 920.625 01
00 5.78618 -60.5 42905 920.625 01
00 0.60746 -62.5 42923 920.625 01
00 0.28225 -58.5 42929 920.625 01
00 5.52233 -64.5 42939 920.625 01
00 5.54074 -57.0 42968 920.625 01
00 4.87192 -58.5 42976 920.625 01
00 0.48474 -57.0 42983 920.625 01
00 4.43014 -60.5 42988 920.625 01
00 3.85950 -63.0 42999 920.625 01
00 5.04986 -63.5 43005 920.625 01
00 0.47247 -64.5 43021 920.625 01
00 5.43029 -60.5 43059 920.625 01
00 3.28885 -66.0 43070 920.625 01
00 4.20924 -64.5 43081 920.625 01
00 1.95122 -66.5 43093 920.625 01
00 2.12303 -65.0 43106 920.625 01
00 5.71868 -65.0 43120 920.625 01
00 0.74245 -65.0 43153 920.625 01
00 4.23379 -68.0 43180 920.625 01
00 3.23977 -60.0 43453 920.625 01
00 3.57724 -58.0 43515 920.625 01
00 5.90889 -61.5 43520 920.625 01
00 1.20264 -59.5 43525 920.625 01
00 3.41771 -56.5 43566 920.625 01
00 0.48474 -53.5 43619 920.625 01
00 1.15969 -59.5 43625 920.625 01
00 5.55915 -62.5 43662 920.625 01
00 0.26384 -62.5 43672 920.625 01
00 4.87806 -62.0 43697 920.625 01
00 5.49165 -61.5 43716 920.625 01
00 5.79231 -62.0 43770 920.625 01
00 0.55837 -62.5 43785 920.625 01
00 5.66346 -65.0 43802 920.625 01
00 0.19635 -58.0 43819 920.625 01
00 3.87177 -63.5 43840 920.625 01
00 4.93942 -63.5 43871 920.625 01
00 5.49779 -57.5 43877 920.625 01
00 4.26447 -61.0 43886 920.625 01
00 4.86579 -60.5 43891 920.625 01
00 0.43565 -65.5 43916 920.625 01
00 0.48474 -57.0 43940 920.625 01
00 1.77942 -65.0 43947 920.625 01
00 5.48552 -60.5 43970 920.625 01
00 5.84753 -65.0 43992 920.625 01
00 4.20924 -65.0 44012 920.625 01
00 2.12303 -65.0 44021 920.625 01
00 3.74905 -68.5 44080 920.625 01
00 3.39317 -66.5 44086 920.625 01
00 0.82221 -65.0 44116 920.625 01
00 3.25818 -61.0 44249 920.625 01
00 5.79845 -61.0 44350 920.625 01
00 4.01903 -58.0 44359 920.625 01
00 1.34990 -59.0 44368 920.625 01
00 3.30113 -56.5 44407 920.625 01
00 1.10447 -59.5 44454 920.625 01
00 0.47247 -53.5 44493 920.625 01
00 5.53460 -62.0 44500 920.625 01
00 0.47860 -65.0 44555 920.625 01
00 0.27612 -61.5 44560 920.625 01
00 5.62051 -62.0 44582 920.625 01
00 4.62035 -63.0 44601 920.625 01
00 5.54687 -61.0 44660 920.625 01
00 0.72404 -62.0 44666 920.625 01
00 0.22703 -58.0 44682 920.625 01
00 5.80458 -65.0 44691 920.625 01
00 3.91472 -63.5 44700 920.625 01
00 4.94555 -64.5 44744 920.625 01
00 0.41724 -64.0 44755 920.625 01
00 5.48552 -57.5 44761 920.625 01
00 4.26447 -61.0 44803 920.625 01
00 4.91487 -60.0 44808 920.625 01
00 1.75487 -66.5 44821 920.625 01
00 0.54610 -56.5 44853 920.625 01
00 5.57755 -60.5 44865 920.625 01
00 2.01258 -64.0 44894 920.625 01
00 5.54687 -65.0 44900 920.625 01
00 4.21538 -64.5 44941 920.625 01
00 3.40544 -68.0 44992 920.625 01
00 0.53996 -65.5 45002 920.625 01
00 3.22136 -60.5 45032 920.625 01
00 3.54043 -58.0 45184 920.625 01
00 1.39899 -59.5 45191 920.625 01
00 6.05002 -61.0 45198 920.625 01
00 3.45452 -57.0 45235 920.625 01
00 1.06151 -59.5 45300 920.625 01
00 5.61437 -63.0 45326 920.625 01
00 0.55223 -53.5 45371 920.625 01
00 0.28839 -62.0 45387 920.625 01
00 5.52233 -61.0 45431 920.625 01
00 0.44179 -65.5 45452 920.625 01
00 0.42951 -61.0 45490 920.625 01
00 4.49763 -60.5 45498 920.625 01
00 3.85336 -64.0 45542 920.625 01
00 5.61437 -65.0 45546 920.625 01
00 0.17794 -58.5 45552 920.625 01
00 5.93344 -61.5 45559 920.625 01
00 0.26384 -64.5 45620 920.625 01
00 5.48552 -58.0 45652 920.625 01
00 4.86579 -63.5 45664 920.625 01
00 1.85305 -66.0 45695 920.625 01
00 4.85352 -60.0 45717 920.625 01
00 2.14144 -65.0 45744 920.625 01
00 4.43014 -61.0 45750 920.625 01
00 0.50315 -57.0 45768 920.625 01
00 5.66346 -66.0 45781 920.625 01
00 5.53460 -60.5 45808 920.625 01
00 4.14175 -65.0 45834 920.625 01
00 3.28885 -60.0 45838 920.625 01
00 3.81041 -68.0 45882 920.625 01
00 0.63200 -65.0 45936 920.625 01
00 1.36831 -59.0 46004 920.625 01
00 3.56497 -58.5 46010 920.625 01
00 3.40544 -57.0 46062 920.625 01
00 3.23977 -65.5 46078 920.625 01
00 5.89662 -61.5 46085 920.625 01
00 1.04311 -59.5 46111 920.625 01
00 5.79845 -62.0 46160 920.625 01
00 0.17181 -62.5 46207 920.625 01
00 0.50928 -53.5 46243 920.625 01
00 5.55915 -61.0 46305 920.625 01
00 1.61988 -65.5 46309 920.625 01
00 4.57740 -64.0 46347 920.625 01
00 0.50315 -63.0 46364 920.625 01
00 0.23317 -59.0 46393 920.625 01
00 3.90858 -64.0 46401 920.625 01
00 5.89049 -65.0 46408 920.625 01
00 5.75550 -62.0 46418 920.625 01
00 0.47860 -65.0 46463 920.625 01
00 5.43643 -58.0 46548 920.625 01
00 5.06214 -63.5 46557 920.625 01
00 1.90827 -65.5 46562 920.625 01
00 5.01305 -60.5 46607 920.625 01
00 2.23348 -65.0 46624 920.625 01
00 3.17227 -61.0 46641 920.625 01
00 4.25219 -61.0 46655 920.625 01
00 5.81072 -66.5 46683 920.625 01
00 0.49087 -57.0 46703 920.625 01
00 4.21538 -65.0 46717 920.625 01
00 5.57142 -61.0 46724 920.625 01
00 3.63860 -69.5 46744 920.625 01
00 1.27627 -60.0 46808 920.625 01
00 0.81608 -65.0 46828 920.625 01
00 3.57111 -58.0 46856 920.625 01
00 6.06229 -60.5 46901 920.625 01
00 3.42385 -57.0 46912 920.625 01
00 1.11674 -59.5 46954 920.625 01
00 5.46711 -62.0 47003 920.625 01
00 0.32520 -62.0 47044 920.625 01
00 0.50928 -53.5 47093 920.625 01
00 3.39930 -66.0 47124 920.625 01
00 5.70027 -62.5 47151 920.625 01
00 0.55837 -65.0 47175 920.625 01
00 3.91472 -62.5 47202 920.625 01
00 4.55899 -63.5 47216 920.625 01
00 0.57678 -62.5 47233 920.625 01
00 5.70641 -65.0 47265 920.625 01
00 5.79845 -61.5 47274 920.625 01
00 0.31907 -59.0 47280 920.625 01
00 0.36816 -64.0 47332 920.625 01
00 1.81010 -65.5 47414 920.625 01
00 5.04986 -63.5 47449 920.625 01
00 5.54687 -58.5 47454 920.625 01
00 3.24590 -61.0 47459 920.625 01
00 1.93282 -64.5 47483 920.625 01
00 4.92715 -60.0 47502 920.625 01
00 5.81072 -67.0 47553 920.625 01
00 4.29515 -60.5 47570 920.625 01
00 5.55915 -60.5 47609 920.625 01
00 0.52155 -57.0 47622 920.625 01
00 4.13561 -63.5 47630 920.625 01
00 3.58952 -67.5 47645 920.625 01
00 1.19651 -60.0 47669 920.625 01
00 3.58952 -57.5 47706 920.625 01
00 0.71177 -64.5 47723 920.625 01
00 3.42998 -57.0 47748 920.625 01
00 5.99480 -61.5 47772 920.625 01
00 1.09219 -59.5 47794 920.625 01
00 0.22703 -63.0 47869 920.625 01
00 5.64505 -62.5 47874 920.625 01
00 0.50315 -53.5 47952 920.625 01
00 5.48552 -61.5 48002 920.625 01
00 0.30680 -65.0 48010 920.625 01
00 3.69996 -64.5 48059 920.625 01
00 5.67573 -66.5 48112 920.625 01
00 4.44854 -63.5 48117 920.625 01
00 0.63814 -61.0 48121 920.625 01
00 0.28225 -58.5 48155 920.625 01
00 5.78618 -62.0 48177 920.625 01
00 0.34361 -64.5 48187 920.625 01
00 3.28885 -60.5 48254 920.625 01
00 1.78555 -66.5 48273 920.625 01
00 3.33794 -66.5 48283 920.625 01
00 1.85918 -65.0 48320 920.625 01
00 4.98237 -63.5 48340 920.625 01
00 4.84124 -60.0 48357 920.625 01
00 5.49165 -57.5 48372 920.625 01
00 4.45468 -61.0 48447 920.625 01
00 5.60823 -61.0 48499 920.625 01
00 1.30082 -59.5 48503 920.625 01
00 5.68800 -66.5 48535 920.625 01
00 4.41173 -64.5 48543 920.625 01
00 3.46066 -56.5 48566 920.625 01
00 0.37429 -56.5 48571 920.625 01
00 3.58338 -57.0 48579 920.625 01
00 1.10447 -60.0 48617 920.625 01
00 5.92730 -61.0 48625 920.625 01
00 0.68722 -65.0 48654 920.625 01
00 5.54687 -62.5 48685 920.625 01
00 0.34361 -62.5 48758 920.625 01
00 0.56450 -53.5 48811 920.625 01
00 5.60823 -62.5 48859 920.625 01
00 0.60746 -65.5 48883 920.625 01
00 3.85950 -63.5 48914 920.625 01
00 0.44792 -62.5 48946 920.625 01
00 5.75550 -65.5 48957 920.625 01
00 0.30680 -58.0 48996 920.625 01
00 4.48536 -64.5 49007 920.625 01
00 0.43565 -64.0 49064 920.625 01
00 5.68800 -61.5 49071 920.625 01
00 3.28272 -60.5 49078 920.625 01
00 1.96963 -65.0 49116 920.625 01
00 2.20280 -64.0 49172 920.625 01
00 4.89647 -64.0 49214 920.625 01
00 5.55915 -58.0 49259 920.625 01
00 4.86579 -60.0 49265 920.625 01
00 1.26400 -60.0 49314 920.625 01
00 4.25219 -61.0 49369 920.625 01
00 3.48520 -56.5 49405 920.625 01
00 3.62633 -57.5 49413 920.625 01
00 5.38734 -61.0 49423 920.625 01
00 5.77390 -65.0 49444 920.625 01
00 4.11107 -65.5 49464 920.625 01
00 0.48474 -57.0 49485 920.625 01
00 1.19037 -60.0 49503 920.625 01
00 0.69950 -65.0 49536 920.625 01
00 5.62051 -62.5 49554 920.625 01
00 0.26998 -62.5 49583 920.625 01
00 0.50315 -54.0 49671 920.625 01
00 5.69414 -61.5 49723 920.625 01
00 0.59518 -65.5 49750 920.625 01
00 0.65041 -62.5 49780 920.625 01
00 3.81041 -64.0 49794 920.625 01
00 0.27612 -59.0 49827 920.625 01
00 5.80458 -66.5 49846 920.625 01
00 0.71177 -61.0 49892 920.625 01
00 3.19068 -60.5 49896 920.625 01
00 4.38105 -64.0 49926 920.625 01
00 5.74936 -61.0 49944 920.625 01
00 1.76715 -65.5 49955 920.625 01
00 1.55239 -62.5 50021 920.625 01
00 4.92101 -64.5 50078 920.625 01
