001 5.84140 -46.0 0 922.625 0
001 5.41802 -46.0 778 922.625 0
001 5.82299 -46.0 1563 922.625 0
001 4.68785 -50.0 2330 923.625 0
001 4.68785 -50.0 3118 923.625 0
101 1.09219 -70.0 3596 920.625 0
001 4.68785 -50.0 3873 923.625 0
001 4.68785 -50.0 4677 923.625 0
001 4.68785 -50.0 5433 923.625 0
001 4.68785 -50.0 6200 923.625 0
101 0.96948 -69.5 25457 923.625 0
101 1.05538 -70.5 26267 923.625 0
101 1.07992 -70.0 41897 923.625 0
101 1.09219 -70.5 43512 923.625 0
101 1.20878 -69.5 49083 923.625 0
101 1.30695 -70.5 49883 923.625 0
