001 0.30066 -45.0 0 920.625 0
100 4.92715 -48.0 6 920.625 0
101 5.28303 -44.0 11 920.625 0
101 5.31371 -43.5 577 920.625 0
001 6.26478 -47.0 589 920.625 0
101 5.16031 -43.5 1145 920.625 0
001 0.05522 -47.0 1172 920.625 0
101 5.16645 -44.0 1717 920.625 0
001 0.18408 -47.5 1753 920.625 0
100 4.02517 -48.5 1800 921.625 0
101 4.07425 -44.5 2289 921.625 0
001 5.64505 -45.5 2334 921.625 0
100 3.96381 -48.0 2383 921.625 0
101 4.17243 -44.5 2859 921.625 0
001 5.65119 -47.0 2913 921.625 0
101 4.13561 -44.5 3432 921.625 0
001 5.58369 -47.0 3499 921.625 0
101 3.35635 -45.0 3998 922.625 0
001 4.96396 -47.5 4075 922.625 0
100 3.44225 -47.5 4117 922.625 0
101 3.27045 -45.5 4568 922.625 0
001 5.09282 -45.5 4655 922.625 0
100 3.33181 -47.0 4700 922.625 0
101 3.31340 -46.0 5143 922.625 0
001 5.03146 -46.0 5240 922.625 0
100 3.21522 -47.0 5277 922.625 0
001 4.02517 -47.0 5822 923.625 0
100 2.26416 -47.5 5863 923.625 0
001 4.31355 -47.0 6415 923.625 0
100 2.35006 -47.0 6442 923.625 0
101 1.95736 -48.0 6846 923.625 0
001 4.25833 -45.5 6993 923.625 0
101 4.43014 -46.0 7418 920.625 0
001 0.14726 -49.0 7575 920.625 0
100 4.73080 -45.5 7598 920.625 0
101 4.33196 -46.5 7997 920.625 0
001 0.15953 -48.5 8185 920.625 0
101 4.25833 -47.0 8567 920.625 0
001 0.42951 -46.5 8776 920.625 0
101 3.23977 -47.5 9141 921.625 0
100 4.23379 -45.5 9330 921.625 0
001 5.84140 -47.5 9354 921.625 0
101 3.27045 -48.0 9709 921.625 0
100 4.33196 -45.0 9914 921.625 0
001 5.92730 -48.0 9924 921.625 0
001 5.09895 -46.5 20047 922.625 0
101 1.58307 -54.0 20145 922.625 0
001 5.08668 -46.5 20550 922.625 0
001 4.79216 -47.0 21062 922.625 0
100 3.10478 -44.0 21202 922.625 0
101 1.53398 -54.5 21292 922.625 0
001 5.10509 -47.0 21578 922.625 0
100 2.91456 -44.0 21788 922.625 0
101 0.52769 -57.5 21879 923.625 0
001 4.35037 -46.5 22120 923.625 0
100 2.16598 -44.5 22377 923.625 0
101 0.63200 -57.5 22456 923.625 0
001 4.33810 -45.5 22698 923.625 0
100 2.09849 -44.0 22953 923.625 0
101 0.54610 -55.5 23034 923.625 0
001 4.21538 -46.0 23276 923.625 0
100 2.12917 -43.5 23539 923.625 0
101 0.59518 -56.0 23611 923.625 0
001 0.44179 -46.5 23917 920.625 0
100 4.52218 -43.0 24113 920.625 0
101 3.09251 -55.0 24203 920.625 0
001 0.37429 -47.0 24693 920.625 0
101 2.92684 -55.0 24774 920.625 0
001 0.35588 -48.0 25187 920.625 0
101 2.85320 -53.5 25348 920.625 0
001 6.22796 -47.5 25700 921.625 0
100 3.96994 -43.5 25848 921.625 0
101 2.24575 -54.5 25921 921.625 0
001 5.91503 -47.0 26217 921.625 0
100 3.96994 -43.5 26429 921.625 0
101 2.29484 -56.0 26501 921.625 0
001 5.82299 -47.0 26759 921.625 0
100 4.04357 -44.0 27013 921.625 0
101 1.74260 -56.5 27081 921.625 0
001 5.03759 -45.5 27274 922.625 0
100 2.88388 -44.0 27596 922.625 0
101 1.22718 -55.0 27664 922.625 0
001 5.04986 -45.5 27857 922.625 0
100 2.90229 -44.0 28182 922.625 0
101 1.02470 -54.5 28239 922.625 0
001 4.86579 -47.0 28414 922.625 0
100 2.93911 -43.5 28759 922.625 0
101 1.15355 -56.5 28813 922.625 0
001 4.82897 -47.0 29002 922.625 0
100 2.12303 -44.5 29336 923.625 0
101 0.20249 -59.0 29390 923.625 0
001 4.33196 -45.5 29590 923.625 0
100 2.05553 -44.0 29913 923.625 0
101 0.20862 -56.0 29985 923.625 0
001 0.55223 -46.5 40072 920.625 0
100 4.54672 -42.5 40077 920.625 0
101 2.09235 -55.0 40083 920.625 0
100 4.50990 -43.0 40655 920.625 0
101 1.79169 -55.5 40660 920.625 0
001 0.43565 -46.5 40665 920.625 0
100 4.54058 -43.5 41233 920.625 0
001 0.44179 -46.5 41254 920.625 0
101 1.79169 -55.5 41259 920.625 0
100 4.60808 -43.0 41832 920.625 0
001 1.04924 -46.5 41841 920.625 0
101 1.68124 -55.0 41846 920.625 0
100 3.83495 -43.5 42414 921.625 0
001 6.14819 -46.5 42424 921.625 0
101 1.23946 -55.0 42429 921.625 0
100 3.95153 -43.5 42994 921.625 0
101 0.86517 -55.5 43008 921.625 0
001 5.96412 -46.5 43059 921.625 0
101 0.75472 -55.0 43580 921.625 0
100 3.88404 -43.5 43592 921.625 0
001 5.36280 -45.5 43659 922.625 0
101 6.10524 -54.5 44152 922.625 0
100 2.93297 -44.0 44185 922.625 0
001 5.20940 -45.0 44242 922.625 0
101 5.88435 -54.5 44731 922.625 0
100 2.87161 -44.0 44762 922.625 0
001 5.24008 -44.5 44825 922.625 0
101 5.78004 -54.0 45310 922.625 0
100 2.90843 -44.0 45341 922.625 0
001 5.43029 -45.0 45409 922.625 0
101 5.19099 -54.0 45899 923.625 0
100 2.03713 -43.5 45922 923.625 0
001 4.47922 -45.0 45993 923.625 0
100 2.00645 -44.5 46498 923.625 0
101 4.90260 -53.5 46508 923.625 0
001 4.29515 -44.5 46579 923.625 0
100 1.87146 -44.5 47079 923.625 0
001 4.23379 -45.0 47161 923.625 0
101 0.63200 -53.0 47252 920.625 0
100 4.33810 -43.5 47665 920.625 0
101 0.44792 -51.5 47830 920.625 0
001 0.66882 -47.0 47840 920.625 0
100 4.33810 -43.0 48250 920.625 0
101 6.25251 -50.0 48411 920.625 0
001 0.98175 -46.5 48428 920.625 0
100 4.66944 -44.5 48828 920.625 0
101 5.65732 -41.0 48983 920.625 0
001 1.01243 -40.5 48993 920.625 0
101 4.77988 -43.0 49560 921.625 0
001 6.25864 -40.0 49640 921.625 0
