101 4.10493 -50.5 0 922.625 0
001 2.73049 -34.0 5 922.625 0
100 2.28870 -51.0 11 922.625 0
101 4.28287 -49.5 418 922.625 0
001 2.74889 -33.5 436 922.625 0
100 2.06781 -51.0 455 922.625 0
001 2.76117 -34.0 844 922.625 0
101 4.43014 -50.0 849 922.625 0
100 2.19052 -51.0 894 922.625 0
101 4.12948 -50.0 1258 922.625 0
001 2.91456 -33.5 1268 922.625 0
101 4.22765 -49.0 1668 922.625 0
100 2.17212 -51.0 1678 922.625 0
001 2.70594 -33.5 1687 922.625 0
101 3.74291 -47.0 2083 923.625 0
001 2.03713 -35.0 2106 923.625 0
101 3.57724 -47.0 2488 923.625 0
001 1.87759 -34.5 2535 923.625 0
101 3.79200 -46.0 2919 923.625 0
001 1.80396 -34.5 2955 923.625 0
100 1.70579 -51.0 3057 923.625 0
101 3.60792 -47.5 3327 923.625 0
001 1.81623 -34.5 3385 923.625 0
101 4.84124 -48.5 3751 920.625 0
001 4.49150 -32.5 3805 920.625 0
101 4.85352 -48.0 4185 920.625 0
001 4.33196 -32.5 4226 920.625 0
101 5.08668 -49.0 4602 920.625 0
001 4.21538 -33.0 4649 920.625 0
101 4.91487 -48.5 5011 920.625 0
001 4.33196 -32.5 5069 920.625 0
101 4.68785 -49.5 5434 921.625 0
001 3.28272 -33.0 5501 921.625 0
101 4.55899 -48.5 5845 921.625 0
001 3.27045 -33.5 5927 921.625 0
101 4.66944 -49.5 6257 921.625 0
001 3.35021 -33.0 6363 921.625 0
101 4.70012 -49.5 6688 921.625 0
001 3.29499 -33.0 6790 921.625 0
101 4.47922 -48.5 7103 921.625 0
001 2.71208 -34.0 7215 922.625 0
101 4.25833 -48.0 7529 922.625 0
001 2.92684 -34.0 7644 922.625 0
101 4.22765 -47.5 7940 922.625 0
001 2.56482 -34.0 8068 922.625 0
101 4.44854 -48.0 8354 922.625 0
001 2.60777 -34.5 8482 922.625 0
101 4.34423 -48.0 8772 922.625 0
001 2.89002 -34.0 8900 922.625 0
101 3.84109 -47.0 9196 923.625 0
001 1.90214 -35.0 9326 923.625 0
101 3.52202 -47.0 9621 923.625 0
001 1.84078 -35.0 9759 923.625 0
101 5.19099 -49.5 20038 920.625 0
001 4.30742 -33.0 20043 920.625 0
101 5.12350 -49.0 20454 920.625 0
001 4.25219 -33.0 20467 920.625 0
101 5.12350 -48.5 20869 920.625 0
001 4.31355 -32.5 20896 920.625 0
101 5.19713 -49.5 21287 920.625 0
001 4.30742 -33.0 21319 920.625 0
101 4.86579 -48.5 21713 920.625 0
001 4.20924 -33.0 21744 920.625 0
101 4.61421 -48.5 22143 921.625 0
001 3.24590 -33.5 22170 921.625 0
101 4.64489 -48.5 22567 921.625 0
001 3.25204 -33.5 22598 921.625 0
001 3.17841 -34.0 23023 921.625 0
101 4.62035 -48.5 23407 921.625 0
001 3.30113 -33.5 23451 921.625 0
101 4.46695 -47.5 23824 922.625 0
001 2.55868 -34.5 23887 922.625 0
101 4.12334 -47.5 24255 922.625 0
001 2.55868 -34.5 24313 922.625 0
101 4.47922 -48.0 24667 922.625 0
001 2.92070 -34.0 24748 922.625 0
101 4.52218 -47.0 25096 922.625 0
001 2.84707 -34.0 25181 922.625 0
101 3.51588 -46.5 25512 923.625 0
001 1.87146 -35.0 25605 923.625 0
101 3.52816 -46.5 25944 923.625 0
001 1.96350 -35.0 26046 923.625 0
101 3.84109 -47.0 26377 923.625 0
001 1.96350 -35.0 26476 923.625 0
101 3.51588 -46.5 26804 923.625 0
001 2.07394 -35.5 26906 923.625 0
101 4.98237 -48.0 27223 920.625 0
001 4.14788 -33.0 27336 920.625 0
100 4.39332 -50.5 27598 920.625 0
101 5.10509 -49.0 27634 920.625 0
001 4.09880 -33.0 27768 920.625 0
100 4.19084 -50.5 28040 920.625 0
101 4.79829 -48.0 28050 920.625 0
001 4.14175 -33.5 28193 920.625 0
101 5.16031 -48.0 28463 920.625 0
001 4.36264 -32.5 28616 920.625 0
101 5.61437 -48.5 28881 920.625 0
001 3.18454 -33.5 29044 921.625 0
100 2.92070 -50.5 29273 921.625 0
101 4.44241 -47.5 29296 921.625 0
001 3.24590 -33.5 29483 921.625 0
001 3.20295 -33.5 29913 921.625 0
001 2.68140 -34.5 40077 922.625 0
101 4.26447 -47.5 40082 922.625 0
101 4.35651 -47.0 40506 922.625 0
001 2.81025 -34.5 40515 922.625 0
101 4.30128 -46.5 40917 922.625 0
001 2.92684 -34.5 40953 922.625 0
101 4.40559 -47.0 41352 922.625 0
001 2.76117 -34.5 41392 922.625 0
101 4.39332 -47.5 41776 922.625 0
001 2.63231 -34.5 41822 922.625 0
101 3.62633 -46.0 42205 923.625 0
001 2.07394 -35.5 42254 923.625 0
101 3.58952 -46.0 42635 923.625 0
001 2.06167 -35.5 42693 923.625 0
101 3.63860 -46.0 43055 923.625 0
001 2.00031 -35.0 43122 923.625 0
101 3.67542 -45.5 43474 923.625 0
001 1.93895 -35.5 43559 923.625 0
101 5.10509 -48.0 43904 920.625 0
001 4.11720 -33.0 43989 920.625 0
101 5.43643 -49.0 44326 920.625 0
001 4.31969 -33.0 44435 920.625 0
101 5.20326 -48.0 44752 920.625 0
001 4.36878 -33.0 44859 920.625 0
101 5.09282 -48.0 45163 920.625 0
001 4.30128 -33.5 45297 920.625 0
001 3.23363 -34.0 45734 921.625 0
101 4.70012 -49.0 46005 921.625 0
001 3.17841 -34.0 46175 921.625 0
101 4.55285 -48.0 46426 921.625 0
001 3.16000 -34.5 46612 921.625 0
101 4.75534 -48.5 46851 921.625 0
001 3.17227 -34.0 47042 921.625 0
101 4.26447 -47.5 47274 922.625 0
001 2.57709 -34.5 47477 922.625 0
101 4.50990 -47.5 47690 922.625 0
001 2.57095 -34.5 47906 922.625 0
101 4.22765 -47.0 48127 922.625 0
001 2.91456 -35.0 48327 922.625 0
101 4.22765 -47.5 48549 922.625 0
001 2.85934 -34.5 48752 922.625 0
101 4.50377 -47.5 48967 922.625 0
001 1.83464 -35.5 49195 923.625 0
101 3.71837 -46.0 49404 923.625 0
001 1.82237 -35.5 49620 923.625 0
101 3.55884 -46.0 49828 923.625 0
001 1.71192 -35.5 50053 923.625 0
