101 4.43014 -44.0 0 920.625 0
001 4.63876 -31.0 5 920.625 0
100 4.78602 -49.5 10 920.625 0
101 4.48536 -44.5 387 920.625 0
001 4.74307 -30.5 410 920.625 0
100 4.74307 -49.5 420 920.625 0
101 4.44854 -44.5 778 920.625 0
001 4.63876 -30.5 798 920.625 0
100 4.80443 -50.0 821 920.625 0
101 4.47309 -44.5 1159 920.625 0
100 4.71852 -50.0 1225 920.625 0
100 4.69398 -50.5 1696 920.625 0
101 4.00062 -45.5 1927 921.625 0
001 4.35037 -31.0 1959 921.625 0
100 4.37491 -50.0 2101 921.625 0
101 4.00676 -46.0 2305 921.625 0
001 4.16016 -31.5 2341 921.625 0
100 3.98221 -50.0 2508 921.625 0
101 4.17243 -46.0 2694 921.625 0
001 4.30742 -31.5 2739 921.625 0
100 4.25219 -49.5 2913 921.625 0
101 4.16016 -46.0 3073 921.625 0
001 4.06198 -31.5 3136 921.625 0
100 4.08039 -50.0 3321 921.625 0
101 3.89018 -46.0 3455 921.625 0
001 4.10493 -31.5 3522 921.625 0
100 3.07410 -50.0 3748 922.625 0
101 3.19682 -48.0 3841 922.625 0
001 3.09251 -31.5 3914 922.625 0
100 3.05569 -48.5 4155 922.625 0
101 3.21522 -49.0 4235 922.625 0
001 3.09864 -31.5 4311 922.625 0
100 2.90843 -49.5 4559 922.625 0
101 3.20295 -48.5 4617 922.625 0
001 3.07410 -32.0 4710 922.625 0
100 3.06183 -50.5 4967 922.625 0
101 3.15386 -48.0 5003 922.625 0
001 3.16614 -32.0 5103 922.625 0
100 2.11689 -49.5 5395 923.625 0
101 2.52800 -48.5 5405 923.625 0
101 2.46664 -49.0 5794 923.625 0
100 2.17212 -49.5 5804 923.625 0
101 2.58322 -49.0 6175 923.625 0
100 2.06167 -49.5 6207 923.625 0
001 2.25802 -32.5 6341 923.625 0
101 2.62618 -49.5 6552 923.625 0
100 2.11076 -49.5 6620 923.625 0
001 2.30711 -32.5 6749 923.625 0
101 2.63845 -49.0 6936 923.625 0
100 2.04326 -50.0 7030 923.625 0
101 4.47309 -45.0 7335 920.625 0
100 4.71852 -50.0 7432 920.625 0
101 4.47922 -45.0 7732 920.625 0
100 4.80443 -50.0 7847 920.625 0
001 4.54058 -31.0 8008 920.625 0
100 4.72466 -48.5 8255 920.625 0
001 4.58353 -30.5 8396 920.625 0
101 4.51604 -45.5 8508 920.625 0
100 4.84738 -49.0 8665 920.625 0
001 4.55285 -30.5 8780 920.625 0
101 4.65717 -45.0 8891 920.625 0
001 4.20924 -31.0 9168 921.625 0
100 4.11107 -50.0 9182 921.625 0
101 4.28287 -46.5 9280 921.625 0
001 4.20924 -31.0 9562 921.625 0
100 4.20924 -49.5 9590 921.625 0
101 4.36878 -47.0 9661 921.625 0
001 4.03130 -31.0 9953 921.625 0
100 4.15402 -49.5 9998 921.625 0
101 3.49748 -49.0 20046 922.625 0
001 2.97592 -32.0 20053 922.625 0
100 3.01274 -50.0 20062 922.625 0
101 3.28272 -48.0 20433 922.625 0
001 3.07410 -31.5 20461 922.625 0
100 2.99433 -50.0 20529 922.625 0
101 3.52816 -49.0 20818 922.625 0
001 2.95138 -32.0 20849 922.625 0
100 3.10478 -50.0 20944 922.625 0
101 3.28885 -48.0 21210 922.625 0
001 2.93911 -31.5 21243 922.625 0
100 3.02501 -50.0 21478 922.625 0
101 3.52202 -49.0 21610 922.625 0
001 2.93297 -32.0 21637 922.625 0
100 2.10462 -50.0 21890 923.625 0
101 3.36862 -48.5 21996 923.625 0
001 2.33165 -32.0 22041 923.625 0
100 2.14144 -50.0 22303 923.625 0
101 3.23363 -50.0 22383 923.625 0
001 2.21507 -32.5 22437 923.625 0
100 2.14757 -50.0 22716 923.625 0
101 3.35021 -48.5 22770 923.625 0
001 2.21507 -32.0 22832 923.625 0
100 2.05553 -50.0 23133 923.625 0
101 3.52202 -50.0 23165 923.625 0
001 2.15984 -32.0 23228 923.625 0
100 2.28870 -49.5 23544 923.625 0
101 2.90229 -48.5 23562 923.625 0
001 4.62649 -31.0 23627 920.625 0
101 4.65717 -46.5 23953 920.625 0
001 4.50377 -30.5 24021 920.625 0
101 4.59581 -45.5 24343 920.625 0
100 4.68171 -50.0 24353 920.625 0
001 4.49150 -31.0 24415 920.625 0
101 4.61421 -47.0 24740 920.625 0
100 4.73693 -50.0 24749 920.625 0
001 4.49763 -30.5 24835 920.625 0
101 4.55285 -46.0 25133 920.625 0
001 4.49763 -31.0 25240 920.625 0
101 4.28901 -47.0 25530 921.625 0
100 4.02517 -50.0 25540 921.625 0
001 4.04971 -31.0 25633 921.625 0
101 4.22152 -48.0 25926 921.625 0
100 4.23379 -50.0 26033 921.625 0
001 4.03130 -31.0 26043 921.625 0
101 4.16629 -47.0 26313 921.625 0
100 4.29515 -50.0 26445 921.625 0
001 4.17856 -31.0 26455 921.625 0
101 4.13561 -48.0 26699 921.625 0
001 4.13561 -31.0 26850 921.625 0
100 4.17243 -50.0 26860 921.625 0
101 4.32583 -47.0 27086 921.625 0
001 2.92070 -31.5 27246 922.625 0
100 2.95138 -50.0 27269 922.625 0
101 3.52816 -49.0 27472 922.625 0
001 2.88388 -31.5 27647 922.625 0
100 2.99433 -50.0 27678 922.625 0
101 3.27658 -47.5 27865 922.625 0
001 2.91456 -31.5 28055 922.625 0
100 2.98819 -50.0 28091 922.625 0
101 3.49134 -49.0 28254 922.625 0
001 2.91456 -32.0 28461 922.625 0
100 2.87775 -50.5 28502 922.625 0
101 3.22750 -47.5 28639 922.625 0
001 2.91456 -31.5 28851 922.625 0
101 3.60179 -50.0 29030 923.625 0
001 2.12917 -32.5 29244 923.625 0
101 3.08023 -48.5 29421 923.625 0
100 2.30097 -50.5 29430 923.625 0
001 2.14144 -32.0 29638 923.625 0
101 3.26431 -50.0 29815 923.625 0
100 2.08621 -50.5 29990 923.625 0
001 2.15371 -32.5 30038 923.625 0
001 4.47922 -30.5 40091 920.625 0
001 4.50377 -31.0 40491 920.625 0
001 4.44241 -30.5 40885 920.625 0
101 4.63876 -47.5 41254 920.625 0
001 4.46695 -31.0 41282 920.625 0
001 4.50377 -30.5 41680 920.625 0
100 4.35651 -50.0 41886 921.625 0
101 4.19697 -48.5 42037 921.625 0
001 3.70610 -31.5 42086 921.625 0
100 4.14788 -50.0 42381 921.625 0
101 4.32583 -47.0 42434 921.625 0
001 3.90245 -31.0 42483 921.625 0
100 3.73678 -50.0 42794 921.625 0
101 4.42400 -48.0 42826 921.625 0
001 4.00676 -31.5 42875 921.625 0
101 4.28901 -47.0 43212 921.625 0
100 4.01903 -50.0 43217 921.625 0
001 3.93926 -31.5 43284 921.625 0
101 4.40559 -48.0 43607 921.625 0
100 3.09864 -50.5 43679 922.625 0
001 2.90843 -32.0 43697 922.625 0
101 3.30113 -48.0 44003 922.625 0
001 3.08637 -31.5 44119 922.625 0
100 3.07410 -50.5 44136 922.625 0
101 3.79814 -49.0 44389 922.625 0
001 2.87775 -32.0 44531 922.625 0
100 2.85320 -50.5 44553 922.625 0
101 3.38703 -48.0 44780 922.625 0
001 2.84707 -31.5 44926 922.625 0
100 2.85934 -50.5 44971 922.625 0
101 3.55884 -49.0 45175 922.625 0
001 2.90843 -32.0 45330 922.625 0
100 2.03099 -50.5 45495 923.625 0
101 2.95138 -49.5 45570 923.625 0
001 2.08621 -32.0 45733 923.625 0
100 1.96350 -50.5 45915 923.625 0
101 3.36249 -48.5 45968 923.625 0
001 2.12303 -32.5 46131 923.625 0
100 2.19666 -50.0 46331 923.625 0
101 3.58338 -48.5 46359 923.625 0
001 2.11689 -32.0 46531 923.625 0
100 2.03099 -50.5 46749 923.625 0
101 3.02501 -48.5 46763 923.625 0
001 2.13530 -32.5 46929 923.625 0
101 3.04342 -48.5 47151 923.625 0
100 2.04326 -50.5 47165 923.625 0
001 4.41173 -30.5 47333 920.625 0
100 4.66944 -50.0 47564 920.625 0
001 4.43627 -31.0 47729 920.625 0
100 4.54672 -50.0 47982 920.625 0
001 4.62035 -31.0 48142 920.625 0
001 4.43627 -30.5 48539 920.625 0
100 4.57740 -50.0 48548 920.625 0
001 4.60194 -31.0 48937 920.625 0
100 4.14788 -50.0 49069 921.625 0
101 4.63876 -47.0 49105 921.625 0
001 3.95767 -31.0 49340 921.625 0
100 3.76132 -49.5 49487 921.625 0
101 4.14788 -47.0 49501 921.625 0
001 3.63860 -31.5 49735 921.625 0
101 4.19697 -47.0 49895 921.625 0
100 4.11107 -50.0 49904 921.625 0
