011 2.30711 -33.0 0 922.625 0
101 1.14742 -34.5 5 922.625 0
001 1.07992 -34.5 10 922.625 0
100 2.27029 -43.0 16 922.625 0
101 1.38672 -34.5 763 922.625 0
001 1.15355 -35.0 782 922.625 0
100 2.24575 -43.0 796 922.625 0
011 2.29484 -33.0 812 922.625 0
101 1.36831 -34.5 1537 922.625 0
001 1.38672 -35.0 1548 922.625 0
100 2.15371 -43.0 1590 922.625 0
011 2.04940 -33.0 1622 922.625 0
101 0.38043 -35.0 2299 923.625 0
001 0.54610 -35.0 2313 923.625 0
100 1.38672 -44.0 2381 923.625 0
011 1.43581 -34.0 2421 923.625 0
101 0.36202 -35.0 3053 923.625 0
001 0.25771 -35.0 3089 923.625 0
100 1.30082 -44.5 3169 923.625 0
011 1.27014 -34.0 3236 923.625 0
101 2.49732 -34.5 3810 920.625 0
001 2.36847 -36.0 3855 920.625 0
100 3.75518 -41.0 3949 920.625 0
011 3.54043 -33.0 4047 920.625 0
101 2.45437 -34.5 4566 920.625 0
001 2.33165 -36.0 4626 920.625 0
100 3.50361 -41.5 4750 920.625 0
011 3.71837 -33.0 4846 920.625 0
101 2.49732 -34.5 5334 920.625 0
001 1.61988 -35.5 5392 921.625 0
100 2.81025 -42.5 5543 921.625 0
011 2.73662 -33.5 5649 921.625 0
101 1.63829 -34.5 6101 921.625 0
001 1.61375 -35.5 6156 921.625 0
100 2.79185 -42.5 6339 921.625 0
011 2.71208 -33.5 6462 921.625 0
101 1.63216 -35.0 6865 921.625 0
001 1.62602 -35.5 6932 921.625 0
100 2.96979 -42.5 7125 921.625 0
011 2.00031 -34.0 7269 922.625 0
101 1.15355 -35.0 7627 922.625 0
001 1.01243 -35.0 7701 922.625 0
100 1.83464 -44.5 7906 922.625 0
011 2.00031 -34.0 8079 922.625 0
101 1.57080 -35.0 8378 922.625 0
001 0.98788 -35.0 8456 922.625 0
100 1.74874 -44.5 8704 922.625 0
011 2.00645 -34.5 8888 922.625 0
101 0.54610 -35.5 9130 923.625 0
001 0.63814 -35.5 9226 923.625 0
100 0.92039 -46.0 9489 923.625 0
011 1.23332 -35.5 9699 923.625 0
101 0.38043 -35.5 9894 923.625 0
001 0.31293 -35.5 9998 923.625 0
101 2.60777 -35.5 20034 920.625 0
001 2.57709 -36.0 20039 920.625 0
011 3.41771 -35.0 20044 920.625 0
001 2.42983 -36.0 20798 920.625 0
101 2.61390 -35.5 20808 920.625 0
100 2.94524 -44.5 20828 920.625 0
011 3.31953 -35.5 20864 920.625 0
001 2.79798 -36.0 21559 920.625 0
101 2.61390 -35.5 21595 920.625 0
100 2.94524 -45.0 21632 920.625 0
011 3.28272 -35.0 21679 920.625 0
001 1.53398 -36.0 22327 921.625 0
101 1.60148 -35.5 22376 921.625 0
100 2.23348 -45.5 22418 921.625 0
011 2.72435 -35.5 22480 921.625 0
001 1.51557 -36.0 23100 921.625 0
101 1.62602 -35.5 23151 921.625 0
100 2.15371 -45.5 23221 921.625 0
011 3.01274 -36.0 23296 921.625 0
001 1.15969 -36.0 23883 922.625 0
101 1.03697 -35.5 23906 922.625 0
100 1.30082 -46.5 24011 922.625 0
011 1.96350 -36.0 24117 922.625 0
001 1.04311 -36.0 24654 922.625 0
101 1.28241 -35.5 24668 922.625 0
100 1.27014 -46.0 24802 922.625 0
011 1.98804 -36.5 24920 922.625 0
001 0.55223 -36.0 25423 923.625 0
101 0.26384 -36.0 25437 923.625 0
100 0.42338 -47.5 25592 923.625 0
011 1.93282 -37.0 25723 923.625 0
001 0.33748 -36.0 26184 923.625 0
101 0.49701 -36.0 26204 923.625 0
100 0.40497 -47.5 26374 923.625 0
001 0.49701 -36.0 26946 923.625 0
101 0.66268 -36.0 26965 923.625 0
100 0.31907 -47.0 27168 923.625 0
001 2.50346 -36.0 27708 920.625 0
101 2.76730 -35.5 27727 920.625 0
100 2.88388 -45.0 27970 920.625 0
001 2.60163 -36.0 28476 920.625 0
101 2.67526 -35.5 28492 920.625 0
100 2.82866 -44.5 28775 920.625 0
001 1.52784 -36.5 29249 921.625 0
101 1.63829 -35.5 29265 921.625 0
100 2.18439 -45.0 29567 921.625 0
001 1.54625 -36.0 30003 921.625 0
101 1.06151 -36.0 40080 922.625 0
001 1.21491 -36.0 40085 922.625 0
011 1.98190 -37.5 40090 922.625 0
100 1.14742 -45.5 40095 922.625 0
101 1.05538 -36.0 40836 922.625 0
001 1.02470 -36.0 40865 922.625 0
100 1.24559 -46.0 40879 922.625 0
011 1.96963 -37.5 40902 922.625 0
101 1.22718 -35.5 41598 922.625 0
001 0.98788 -36.0 41636 922.625 0
100 1.36831 -46.0 41681 922.625 0
011 1.93895 -37.0 41708 922.625 0
101 0.38043 -36.0 42370 923.625 0
001 0.17181 -36.0 42412 923.625 0
100 0.30066 -47.0 42472 923.625 0
011 1.31309 -38.0 42531 923.625 0
101 0.29452 -36.0 43138 923.625 0
001 0.33134 -36.0 43185 923.625 0
100 0.33134 -47.0 43247 923.625 0
011 1.35604 -38.0 43342 923.625 0
101 2.58936 -35.5 43906 920.625 0
001 2.54027 -36.5 43957 920.625 0
100 2.71821 -45.0 44027 920.625 0
011 3.30113 -36.5 44162 920.625 0
101 2.71208 -35.5 44664 920.625 0
001 2.44823 -36.5 44717 920.625 0
100 2.73049 -45.0 44800 920.625 0
011 3.22136 -37.0 44971 920.625 0
101 2.62618 -36.0 45427 920.625 0
100 1.65056 -45.5 45592 921.625 0
011 2.68140 -37.0 45791 921.625 0
101 1.65056 -35.5 46184 921.625 0
001 1.52171 -36.5 46277 921.625 0
100 1.59534 -45.5 46383 921.625 0
011 2.63231 -37.0 46610 921.625 0
101 1.71806 -35.5 46972 921.625 0
001 1.50944 -36.5 47040 921.625 0
100 1.94509 -45.5 47161 921.625 0
011 1.95736 -37.5 47409 922.625 0
101 1.02470 -36.0 47743 922.625 0
001 0.96334 -36.0 47809 922.625 0
100 1.22718 -46.0 47949 922.625 0
011 1.82237 -37.5 48227 922.625 0
101 1.35604 -36.0 48506 922.625 0
001 0.88971 -36.0 48569 922.625 0
100 1.15355 -46.0 48731 922.625 0
101 0.50928 -36.5 49275 923.625 0
001 0.26998 -36.0 49329 923.625 0
100 0.19635 -47.0 49503 923.625 0
101 0.50315 -36.0 50058 923.625 0
