100 0.63200 -45.5 0 920.625 0
001 3.31340 -46.0 6 920.625 0
101 3.13546 -39.5 11 920.625 0
100 0.90198 -45.5 739 920.625 0
101 3.14773 -39.5 771 920.625 0
001 3.33794 -46.5 790 920.625 0
100 0.92039 -45.5 1480 920.625 0
101 3.13546 -39.5 1535 920.625 0
001 3.44839 -46.0 1571 920.625 0
100 0.12885 -46.0 2249 921.625 0
101 2.46051 -39.0 2303 921.625 0
001 2.72435 -45.0 2355 921.625 0
100 0.24544 -46.0 3007 921.625 0
101 2.41142 -39.0 3061 921.625 0
001 2.73049 -45.0 3129 921.625 0
101 1.80396 -38.5 3833 922.625 0
001 2.13530 -44.0 3901 922.625 0
101 1.91441 -38.5 4601 922.625 0
001 1.94509 -44.0 4684 922.625 0
101 2.02485 -38.5 5368 922.625 0
001 1.21491 -43.5 5467 923.625 0
101 0.95107 -38.5 6134 923.625 0
001 1.23946 -43.5 6237 923.625 0
101 0.99402 -38.5 6897 923.625 0
001 1.22105 -43.5 7010 923.625 0
100 0.84676 -45.5 7330 920.625 0
101 3.11705 -39.5 7656 920.625 0
001 3.35635 -46.5 7788 920.625 0
100 0.85903 -45.5 8035 920.625 0
101 3.12318 -39.5 8435 920.625 0
001 3.32567 -46.5 8568 920.625 0
100 0.76085 -45.5 8782 920.625 0
101 2.41755 -39.0 9199 921.625 0
001 2.50346 -45.0 9350 921.625 0
100 0.07363 -46.0 9462 921.625 0
101 2.39915 -39.0 9963 921.625 0
100 5.57142 -46.0 20046 922.625 0
101 2.11076 -38.5 20051 922.625 0
001 2.06167 -44.0 20056 922.625 0
100 5.58369 -45.5 20795 922.625 0
101 1.93282 -38.5 20814 922.625 0
001 1.98190 -44.0 20828 922.625 0
101 1.79169 -38.5 21591 922.625 0
100 5.57755 -46.0 21596 922.625 0
001 2.17825 -44.0 21606 922.625 0
100 4.98237 -45.5 22311 923.625 0
101 0.98175 -39.0 22369 923.625 0
001 1.12901 -43.5 22380 923.625 0
100 5.14190 -45.5 23075 923.625 0
101 0.93266 -39.0 23133 923.625 0
001 1.15969 -43.5 23156 923.625 0
100 1.09833 -45.5 23810 920.625 0
101 3.12318 -39.5 23902 920.625 0
001 3.29499 -46.5 23938 920.625 0
100 1.28854 -45.0 24614 920.625 0
101 3.11705 -39.5 24674 920.625 0
001 3.32567 -46.5 24725 920.625 0
100 1.01856 -45.5 25412 920.625 0
101 2.63231 -39.5 25449 921.625 0
001 2.93297 -45.0 25503 921.625 0
101 2.69367 -39.0 26207 921.625 0
100 6.23410 -46.0 26216 921.625 0
001 2.89616 -45.5 26278 921.625 0
101 2.54641 -39.0 26969 921.625 0
100 6.25251 -46.0 27010 921.625 0
001 2.62618 -45.0 27056 921.625 0
101 1.89600 -39.0 27747 922.625 0
100 5.61437 -46.0 27812 922.625 0
001 1.95122 -44.0 27832 922.625 0
101 2.08621 -39.0 28505 922.625 0
100 5.62664 -45.5 28607 922.625 0
001 2.12303 -44.0 28617 922.625 0
101 0.88357 -38.5 29271 923.625 0
100 4.96396 -45.5 29347 923.625 0
001 1.16583 -43.5 29398 923.625 0
100 1.29468 -45.0 40090 920.625 0
101 3.12318 -39.5 40095 920.625 0
001 3.28885 -46.5 40100 920.625 0
101 3.11705 -39.5 40862 920.625 0
100 1.14128 -45.0 40881 920.625 0
001 3.28272 -46.5 40890 920.625 0
101 3.10478 -39.5 41621 920.625 0
001 3.28885 -46.5 41674 920.625 0
100 1.04924 -45.0 41683 920.625 0
101 2.87161 -39.5 42382 921.625 0
001 2.73662 -45.0 42464 921.625 0
100 0.04295 -46.0 42482 921.625 0
101 2.55868 -39.0 43142 921.625 0
001 2.92070 -45.0 43237 921.625 0
100 6.25251 -45.5 43409 921.625 0
101 1.88373 -38.5 43914 922.625 0
001 2.15371 -44.0 44018 922.625 0
100 5.61437 -45.5 44212 922.625 0
101 1.82851 -39.0 44676 922.625 0
001 2.01258 -44.0 44792 922.625 0
100 5.54687 -45.5 45007 922.625 0
101 2.26416 -38.5 45432 922.625 0
001 1.46035 -43.5 45578 923.625 0
100 5.01305 -45.5 45956 923.625 0
101 0.82835 -39.0 46208 923.625 0
001 1.19037 -43.5 46353 923.625 0
100 5.44870 -45.5 46753 923.625 0
101 0.87744 -39.0 46978 923.625 0
001 1.19651 -43.5 47128 923.625 0
100 1.21491 -45.5 47550 920.625 0
101 3.10478 -39.5 47741 920.625 0
001 3.25818 -46.5 47907 920.625 0
100 1.12901 -45.5 48346 920.625 0
101 3.09251 -39.5 48507 920.625 0
001 3.31340 -46.5 48683 920.625 0
100 0.04909 -46.0 49143 921.625 0
101 2.65685 -39.5 49287 921.625 0
001 2.59550 -45.0 49471 921.625 0
100 0.00000 -46.0 49938 921.625 0
101 2.66913 -39.5 50070 921.625 0
