001 2.08008 -37.0 0 922.625 0
101 1.87146 -36.5 6 922.625 0
011 2.82866 -42.0 12 922.625 0
001 2.03099 -36.5 744 922.625 0
101 1.74260 -36.5 763 922.625 0
100 6.12979 -33.5 773 922.625 0
011 2.95751 -42.0 801 922.625 0
001 2.04940 -36.5 1494 922.625 0
101 1.77328 -36.5 1520 922.625 0
100 5.95798 -33.0 1529 922.625 0
011 2.77344 -42.5 1609 922.625 0
001 1.28241 -36.0 2245 923.625 0
101 1.18423 -36.0 2254 923.625 0
100 5.19099 -33.0 2277 923.625 0
011 1.95736 -42.5 2407 923.625 0
101 1.41740 -36.0 2997 923.625 0
001 1.30082 -36.0 3007 923.625 0
100 5.24621 -33.0 3025 923.625 0
011 2.01872 -43.0 3191 923.625 0
101 3.25204 -36.5 3745 920.625 0
001 3.62019 -38.0 3763 920.625 0
100 1.31922 -33.0 3801 920.625 0
011 4.14788 -41.5 3975 920.625 0
101 3.17227 -37.0 4492 920.625 0
001 3.54043 -38.0 4519 920.625 0
100 1.50330 -33.0 4556 920.625 0
011 4.15402 -41.5 4769 920.625 0
101 3.20295 -37.0 5239 920.625 0
001 3.61406 -38.5 5266 920.625 0
011 3.21522 -42.0 5559 921.625 0
101 2.74276 -36.5 5992 921.625 0
001 2.74276 -37.5 6006 921.625 0
100 0.44179 -33.0 6058 921.625 0
011 3.27658 -41.5 6340 921.625 0
101 2.77957 -36.5 6736 921.625 0
001 2.77957 -37.5 6751 921.625 0
100 0.39270 -33.0 6834 921.625 0
011 3.24590 -41.5 7129 921.625 0
101 1.68738 -36.5 7481 922.625 0
001 2.27643 -36.5 7500 922.625 0
100 6.03775 -33.0 7601 922.625 0
011 2.87775 -42.0 7935 922.625 0
101 1.74260 -36.5 8215 922.625 0
001 2.06167 -36.5 8238 922.625 0
011 2.76117 -42.5 8723 922.625 0
101 1.52171 -36.0 8978 923.625 0
001 1.27627 -36.0 8988 923.625 0
100 5.24008 -33.0 9121 923.625 0
011 2.09849 -42.5 9508 923.625 0
101 1.31922 -36.0 9726 923.625 0
001 1.26400 -36.0 9740 923.625 0
100 5.15418 -33.0 9877 923.625 0
001 3.74291 -38.5 20032 920.625 0
100 1.14128 -33.0 20038 920.625 0
011 4.47309 -41.5 20043 920.625 0
101 3.23363 -37.0 20048 920.625 0
001 3.56497 -38.0 20781 920.625 0
100 1.32536 -33.0 20791 920.625 0
101 3.23363 -37.0 20800 920.625 0
011 4.12334 -41.5 20828 920.625 0
001 3.32567 -38.5 21535 920.625 0
100 1.14128 -33.0 21554 920.625 0
101 3.25818 -37.0 21563 920.625 0
011 4.28287 -41.5 21605 920.625 0
001 2.79185 -37.5 22291 921.625 0
100 0.38043 -33.0 22301 921.625 0
101 2.81025 -36.5 22328 921.625 0
011 3.28885 -42.0 22392 921.625 0
001 2.74889 -37.5 23043 921.625 0
100 0.41111 -33.0 23062 921.625 0
101 2.68753 -36.5 23081 921.625 0
011 3.31340 -41.5 23187 921.625 0
001 2.03099 -36.5 23792 922.625 0
101 1.71806 -36.5 23846 922.625 0
100 5.83526 -33.0 23852 922.625 0
011 3.13546 -42.5 23976 922.625 0
001 2.05553 -37.0 24537 922.625 0
100 5.97025 -33.0 24611 922.625 0
101 1.71806 -36.5 24620 922.625 0
011 2.69981 -42.5 24771 922.625 0
001 2.44823 -37.0 25283 922.625 0
101 1.70579 -36.5 25383 922.625 0
011 2.00645 -43.0 25569 923.625 0
001 1.29468 -36.0 26032 923.625 0
101 1.14128 -36.5 26140 923.625 0
100 5.27076 -33.0 26167 923.625 0
011 2.19666 -42.5 26358 923.625 0
001 1.29468 -36.0 26780 923.625 0
101 1.20264 -36.0 26899 923.625 0
100 5.14190 -33.0 26919 923.625 0
011 2.00031 -42.5 27147 923.625 0
001 3.56497 -38.5 27522 920.625 0
101 3.24590 -37.0 27662 920.625 0
100 1.25173 -33.0 27672 920.625 0
011 4.08039 -41.5 27939 920.625 0
001 3.54656 -38.0 28269 920.625 0
101 3.27045 -37.0 28412 920.625 0
011 4.11720 -41.5 28740 920.625 0
001 2.98206 -37.5 29039 921.625 0
101 2.78571 -36.5 29177 921.625 0
100 0.39270 -33.0 29186 921.625 0
011 3.29499 -42.0 29538 921.625 0
001 2.97592 -37.5 29794 921.625 0
101 2.57095 -36.5 29931 921.625 0
100 0.43565 -33.0 29945 921.625 0
011 2.74889 -42.5 40057 922.625 0
001 2.02485 -37.0 40062 922.625 0
100 5.99480 -33.0 40068 922.625 0
101 1.72419 -36.5 40073 922.625 0
001 2.02485 -37.0 40819 922.625 0
100 5.98866 -33.0 40829 922.625 0
011 2.70594 -42.5 40847 922.625 0
101 1.72419 -36.5 40857 922.625 0
001 2.01872 -37.0 41569 922.625 0
100 6.00093 -33.0 41584 922.625 0
101 1.81623 -36.5 41611 922.625 0
011 2.93297 -42.5 41643 922.625 0
001 1.31309 -36.0 42320 923.625 0
100 5.20940 -33.0 42344 923.625 0
101 1.14742 -36.0 42362 923.625 0
011 2.03713 -43.0 42439 923.625 0
001 1.23946 -36.5 43068 923.625 0
100 5.24008 -33.0 43125 923.625 0
101 1.28241 -36.5 43131 923.625 0
011 2.22734 -42.5 43229 923.625 0
001 3.49748 -38.5 43817 920.625 0
100 1.07379 -33.0 43871 920.625 0
101 3.18454 -37.0 43876 920.625 0
011 4.19697 -41.5 44017 920.625 0
001 3.52816 -38.5 44570 920.625 0
101 3.24590 -37.0 44620 920.625 0
100 1.26400 -33.0 44625 920.625 0
011 4.23992 -41.5 44818 920.625 0
001 3.47907 -38.5 45314 920.625 0
101 3.23977 -37.0 45368 920.625 0
100 1.14742 -33.0 45382 920.625 0
011 3.33181 -42.0 45608 921.625 0
001 2.78571 -37.5 46052 921.625 0
101 2.54641 -36.5 46110 921.625 0
100 0.41724 -33.0 46146 921.625 0
011 3.27658 -42.0 46402 921.625 0
001 2.81025 -37.5 46805 921.625 0
101 2.67526 -36.5 46859 921.625 0
100 0.75472 -33.0 46913 921.625 0
011 3.27658 -42.0 47192 921.625 0
001 2.18439 -37.0 47560 922.625 0
101 1.71806 -36.5 47616 922.625 0
100 5.99480 -33.0 47660 922.625 0
011 2.76117 -42.0 47985 922.625 0
001 2.11689 -37.0 48305 922.625 0
101 1.69965 -36.5 48355 922.625 0
100 5.97639 -33.0 48406 922.625 0
011 2.73662 -42.0 48773 922.625 0
001 1.25173 -36.0 49059 923.625 0
101 1.09219 -36.0 49112 923.625 0
100 5.19099 -33.0 49157 923.625 0
011 2.03099 -42.5 49563 923.625 0
001 1.23946 -36.0 49805 923.625 0
101 1.13515 -36.0 49859 923.625 0
100 5.17258 -32.5 49917 923.625 0
