100 1.14128 -33.0 0 920.625 0
101 3.14773 -39.0 5 920.625 0
001 3.27658 -43.5 11 920.625 0
011 4.04357 -43.0 16 920.625 0
100 1.13515 -33.0 747 920.625 0
001 3.28885 -43.5 761 920.625 0
101 3.16614 -39.0 770 920.625 0
011 3.63247 -43.0 794 920.625 0
100 1.30695 -33.0 1492 920.625 0
101 3.14773 -39.0 1515 920.625 0
001 3.17841 -43.0 1525 920.625 0
011 3.65701 -43.0 1574 920.625 0
100 0.07363 -32.5 2238 921.625 0
101 2.67526 -38.5 2267 921.625 0
001 2.68140 -42.0 2281 921.625 0
011 2.94524 -43.5 2356 921.625 0
100 0.09817 -32.5 2998 921.625 0
101 2.57095 -38.5 3008 921.625 0
001 2.70594 -42.0 3026 921.625 0
011 2.93911 -44.0 3133 921.625 0
100 5.77390 -32.5 3744 922.625 0
101 1.76715 -38.5 3763 922.625 0
001 1.69351 -41.0 3772 922.625 0
011 2.57709 -45.0 3933 922.625 0
100 5.69414 -32.5 4498 922.625 0
101 1.62602 -38.5 4514 922.625 0
001 1.73647 -41.0 4527 922.625 0
011 2.44210 -45.5 4714 922.625 0
100 5.71254 -32.5 5253 922.625 0
101 1.63829 -38.5 5263 922.625 0
001 1.88373 -41.0 5292 922.625 0
011 1.61375 -46.0 5504 923.625 0
100 4.92715 -32.0 6007 923.625 0
101 1.04311 -38.0 6016 923.625 0
001 1.32536 -40.0 6039 923.625 0
011 1.62602 -46.0 6286 923.625 0
101 1.14128 -38.0 6749 923.625 0
100 4.85965 -32.0 6759 923.625 0
001 1.49717 -40.5 6787 923.625 0
011 1.65670 -46.0 7072 923.625 0
101 3.12932 -39.0 7483 920.625 0
100 1.04924 -32.5 7514 920.625 0
001 3.28885 -43.0 7538 920.625 0
011 3.69383 -43.0 7876 920.625 0
101 3.09251 -39.0 8217 920.625 0
100 1.42353 -32.5 8261 920.625 0
001 3.25204 -43.0 8284 920.625 0
011 3.59565 -42.5 8658 920.625 0
101 3.09864 -39.0 8957 920.625 0
100 0.12272 -32.5 9016 921.625 0
001 2.63845 -42.0 9035 921.625 0
011 2.92070 -44.0 9442 921.625 0
101 2.57709 -38.5 9718 921.625 0
100 0.02454 -33.0 9754 921.625 0
001 2.76117 -42.0 9777 921.625 0
101 2.03713 -38.5 20033 922.625 0
100 5.62051 -32.5 20038 922.625 0
011 2.31324 -45.5 20045 922.625 0
001 1.92668 -41.0 20050 922.625 0
101 1.92668 -38.0 20768 922.625 0
100 5.61437 -32.0 20791 922.625 0
001 2.15371 -41.0 20805 922.625 0
011 2.35006 -45.5 20823 922.625 0
101 1.87146 -38.0 21526 922.625 0
100 5.62051 -32.0 21542 922.625 0
001 2.05553 -41.0 21556 922.625 0
011 2.28870 -45.5 21625 922.625 0
101 1.06765 -38.0 22265 923.625 0
100 4.84738 -32.0 22292 923.625 0
001 1.44808 -40.0 22301 923.625 0
011 1.61375 -46.5 22422 923.625 0
101 1.03084 -38.0 23007 923.625 0
100 4.85352 -32.0 23043 923.625 0
001 1.32536 -40.0 23053 923.625 0
011 1.67511 -46.5 23207 923.625 0
101 3.11705 -39.0 23746 920.625 0
100 1.10447 -33.0 23788 920.625 0
001 3.28272 -43.0 23810 920.625 0
011 3.83495 -43.0 24002 920.625 0
101 3.12932 -39.0 24496 920.625 0
100 1.25173 -33.0 24549 920.625 0
001 3.30113 -43.0 24559 920.625 0
011 3.69383 -43.0 24786 920.625 0
101 3.09864 -39.0 25247 920.625 0
001 3.31953 -43.0 25296 920.625 0
100 1.18423 -33.0 25310 920.625 0
101 2.66913 -38.5 25990 921.625 0
001 2.58322 -42.0 26045 921.625 0
100 0.09204 -33.0 26055 921.625 0
101 2.62618 -38.5 26731 921.625 0
001 2.66299 -42.0 26794 921.625 0
100 0.09204 -33.0 26812 921.625 0
101 1.79783 -38.5 27494 922.625 0
001 1.87146 -41.0 27540 922.625 0
100 5.60823 -32.5 27563 922.625 0
011 2.35006 -45.5 27947 922.625 0
101 1.72419 -38.0 28232 922.625 0
001 1.87146 -41.0 28279 922.625 0
100 5.73709 -32.5 28319 922.625 0
011 2.36847 -45.5 28738 922.625 0
101 2.06781 -38.0 28975 922.625 0
001 1.20878 -40.0 29026 923.625 0
100 4.84124 -32.5 29059 923.625 0
011 1.67511 -46.5 29529 923.625 0
101 1.01856 -38.0 29727 923.625 0
001 1.22718 -40.0 29764 923.625 0
100 4.81670 -32.5 29813 923.625 0
100 1.23332 -32.5 40065 920.625 0
101 3.14159 -39.0 40070 920.625 0
001 3.28885 -43.0 40076 920.625 0
011 3.86563 -43.5 40081 920.625 0
100 1.25173 -32.5 40814 920.625 0
101 3.09251 -39.0 40819 920.625 0
001 3.38703 -43.0 40829 920.625 0
011 3.77359 -43.5 40878 920.625 0
101 3.11705 -39.0 41553 920.625 0
100 1.12287 -32.5 41576 920.625 0
001 3.36249 -43.0 41581 920.625 0
011 3.69996 -43.5 41657 920.625 0
101 2.79798 -38.5 42296 921.625 0
100 0.04909 -32.5 42319 921.625 0
001 2.59550 -42.0 42329 921.625 0
101 2.65685 -38.5 43040 921.625 0
100 6.27091 -33.0 43068 921.625 0
001 3.07410 -42.0 43078 921.625 0
011 2.98206 -44.5 43252 921.625 0
101 1.97577 -38.0 43786 922.625 0
100 5.49165 -32.5 43823 922.625 0
001 1.98190 -41.0 43832 922.625 0
011 2.34392 -46.0 44043 922.625 0
101 1.82851 -38.0 44520 922.625 0
100 5.51619 -32.5 44564 922.625 0
001 1.85305 -41.0 44580 922.625 0
011 2.39301 -46.0 44822 922.625 0
101 2.00031 -38.0 45259 922.625 0
100 5.58369 -32.5 45318 922.625 0
001 1.85305 -41.0 45332 922.625 0
011 2.05553 -46.5 45606 923.625 0
101 0.92652 -38.0 46014 923.625 0
100 5.20940 -32.5 46066 923.625 0
001 0.95107 -40.5 46082 923.625 0
011 2.11076 -46.5 46395 923.625 0
101 0.88357 -38.5 46755 923.625 0
100 5.20940 -32.0 46806 923.625 0
001 1.06151 -40.5 46825 923.625 0
011 1.98804 -46.5 47180 923.625 0
101 3.11705 -39.0 47513 920.625 0
100 1.22105 -32.5 47562 920.625 0
001 3.27658 -43.0 47581 920.625 0
011 3.92085 -43.5 47975 920.625 0
101 3.09251 -39.0 48250 920.625 0
100 0.97561 -32.5 48313 920.625 0
001 3.25818 -43.0 48332 920.625 0
011 3.77973 -43.5 48766 920.625 0
101 3.08023 -38.5 49006 920.625 0
100 0.01841 -32.5 49053 921.625 0
001 2.71208 -42.0 49080 921.625 0
011 3.08023 -45.0 49548 921.625 0
101 2.83480 -39.0 49764 921.625 0
100 0.01841 -32.5 49801 921.625 0
001 2.68140 -42.0 49830 921.625 0
