001 5.11122 -39.5 0 920.625 0
011 3.71223 -38.0 6 920.625 0
101 4.90874 -39.0 12 920.625 0
100 0.16567 -42.0 17 920.625 0
001 5.18486 -39.5 681 920.625 0
101 5.11736 -39.0 701 920.625 0
100 6.19115 -41.5 715 920.625 0
011 3.56497 -38.0 720 920.625 0
001 4.99464 -40.5 1371 920.625 0
101 4.91487 -39.5 1399 920.625 0
100 6.27705 -41.0 1409 920.625 0
011 3.50975 -38.0 1427 920.625 0
001 4.30742 -39.5 2064 921.625 0
101 4.30742 -38.5 2088 921.625 0
100 5.63891 -41.5 2112 921.625 0
011 2.84707 -38.0 2131 921.625 0
001 4.48536 -39.5 2743 921.625 0
101 4.00676 -38.5 2766 921.625 0
100 5.50392 -40.5 2795 921.625 0
011 2.84093 -38.0 2831 921.625 0
001 4.65717 -39.5 3417 921.625 0
101 4.35037 -38.5 3468 921.625 0
100 5.55915 -40.0 3491 921.625 0
011 2.89616 -38.0 3541 921.625 0
001 3.34408 -39.0 4107 922.625 0
101 3.14159 -38.0 4162 922.625 0
100 4.44241 -40.0 4189 922.625 0
011 2.39301 -38.0 4260 922.625 0
001 3.54656 -39.0 4792 922.625 0
101 3.11091 -38.0 4856 922.625 0
100 4.41786 -40.5 4876 922.625 0
011 2.60777 -38.0 4976 922.625 0
001 2.54027 -38.0 5469 923.625 0
101 2.32551 -37.5 5555 923.625 0
100 3.64474 -40.5 5574 923.625 0
011 2.22734 -37.0 5681 923.625 0
001 2.45437 -38.0 6139 923.625 0
101 2.33165 -37.5 6236 923.625 0
100 3.55270 -40.5 6246 923.625 0
011 1.85305 -37.0 6387 923.625 0
001 2.44210 -38.0 6823 923.625 0
100 3.57111 -40.0 6925 923.625 0
101 2.33165 -37.5 6935 923.625 0
011 1.84691 -36.5 7099 923.625 0
001 4.89033 -41.0 7506 920.625 0
100 5.79845 -39.0 7617 920.625 0
011 3.93313 -37.0 7808 920.625 0
001 4.89033 -41.0 8201 920.625 0
100 5.78004 -39.0 8326 920.625 0
011 3.93313 -37.0 8514 920.625 0
001 4.95783 -41.0 8884 920.625 0
101 4.36264 -38.5 8992 921.625 0
100 4.88419 -39.0 9032 921.625 0
011 3.12932 -37.0 9233 921.625 0
001 4.49763 -40.0 9572 921.625 0
101 4.14175 -38.5 9670 921.625 0
100 4.85965 -39.5 9724 921.625 0
011 3.17841 -37.0 9951 921.625 0
011 2.78571 -33.0 20041 922.625 0
001 3.31340 -41.0 20046 922.625 0
101 3.08023 -38.5 20052 922.625 0
100 3.66928 -37.5 20057 922.625 0
100 3.68155 -38.0 20742 922.625 0
001 3.29499 -41.0 20747 922.625 0
101 3.09251 -38.5 20752 922.625 0
011 2.56482 -33.0 20767 922.625 0
001 3.27658 -41.0 21426 922.625 0
100 3.59565 -38.0 21452 922.625 0
011 2.61390 -33.0 21475 922.625 0
101 2.31324 -38.0 22112 923.625 0
001 2.50959 -40.0 22127 923.625 0
100 2.82252 -38.5 22145 923.625 0
011 1.91441 -32.5 22187 923.625 0
101 2.31938 -38.0 22798 923.625 0
001 2.54027 -40.5 22816 923.625 0
100 3.47907 -39.0 22835 923.625 0
011 2.00031 -32.5 22897 923.625 0
101 2.27643 -38.0 23473 923.625 0
001 2.52800 -40.5 23505 923.625 0
100 2.84093 -39.0 23534 923.625 0
011 1.81623 -32.5 23610 923.625 0
101 4.84124 -39.5 24170 920.625 0
001 5.03146 -43.5 24205 920.625 0
100 5.12350 -37.5 24223 920.625 0
011 3.85950 -33.0 24320 920.625 0
101 4.64489 -39.5 24853 920.625 0
001 5.07441 -43.5 24898 920.625 0
100 5.12350 -37.0 24921 920.625 0
011 3.89018 -33.0 25029 920.625 0
101 3.80427 -39.0 25553 921.625 0
001 4.07425 -42.5 25585 921.625 0
100 4.30742 -38.0 25615 921.625 0
011 3.35021 -33.0 25736 921.625 0
101 3.75518 -39.0 26241 921.625 0
001 4.06812 -43.0 26274 921.625 0
100 4.39332 -38.0 26301 921.625 0
011 3.20295 -33.0 26443 921.625 0
001 4.11107 -43.0 26964 921.625 0
100 4.33196 -38.0 27001 921.625 0
011 3.39930 -33.0 27152 921.625 0
101 3.06796 -38.5 27619 922.625 0
001 3.32567 -42.0 27650 922.625 0
100 3.53429 -39.0 27692 922.625 0
011 2.54027 -33.0 27850 922.625 0
001 3.32567 -42.0 28353 922.625 0
100 3.58952 -39.0 28382 922.625 0
011 2.58936 -33.0 28559 922.625 0
101 3.10478 -38.5 28995 922.625 0
001 2.48505 -41.0 29040 923.625 0
100 2.94524 -40.0 29073 923.625 0
011 1.83464 -33.0 29268 923.625 0
101 2.26416 -38.0 29671 923.625 0
001 2.52800 -41.0 29731 923.625 0
100 2.74889 -40.0 29758 923.625 0
011 1.86532 -33.0 29985 923.625 0
011 3.68769 -33.0 40078 920.625 0
101 4.49763 -40.0 40084 920.625 0
001 5.25849 -44.5 40089 920.625 0
100 5.06827 -39.5 40094 920.625 0
101 4.69398 -40.0 40762 920.625 0
011 3.65087 -32.5 40781 920.625 0
001 5.22167 -44.5 40790 920.625 0
100 5.03146 -40.0 40800 920.625 0
101 4.74307 -40.0 41441 920.625 0
100 4.98237 -40.0 41482 920.625 0
001 5.11122 -45.0 41492 920.625 0
011 3.69996 -32.5 41496 920.625 0
101 3.79814 -39.5 42138 921.625 0
100 4.12334 -41.0 42161 921.625 0
001 4.08652 -43.5 42185 921.625 0
011 3.08023 -33.0 42212 921.625 0
101 3.75518 -39.5 42821 921.625 0
100 4.11107 -41.0 42859 921.625 0
001 4.24606 -44.0 42883 921.625 0
011 3.11705 -33.0 42920 921.625 0
101 3.74905 -39.5 43523 921.625 0
100 4.11720 -39.0 43541 921.625 0
001 4.03130 -44.0 43586 921.625 0
011 3.34408 -33.0 43627 921.625 0
101 2.99433 -39.0 44198 922.625 0
100 3.33794 -42.0 44229 922.625 0
001 3.33181 -42.5 44276 922.625 0
011 2.39915 -33.0 44340 922.625 0
101 2.95751 -39.0 44890 922.625 0
100 3.30113 -42.0 44917 922.625 0
001 3.22136 -42.5 44975 922.625 0
011 2.77344 -33.0 45059 922.625 0
101 2.26416 -38.5 45570 923.625 0
100 2.72435 -43.0 45614 923.625 0
001 2.55254 -41.5 45663 923.625 0
011 2.01258 -33.5 45767 923.625 0
100 2.71821 -43.0 46293 923.625 0
001 2.68140 -41.5 46351 923.625 0
011 1.67511 -33.5 46478 923.625 0
100 2.75503 -43.0 46978 923.625 0
001 2.64458 -41.5 47045 923.625 0
011 1.81623 -33.5 47191 923.625 0
101 4.47922 -40.0 47617 920.625 0
100 5.11122 -40.5 47675 920.625 0
001 5.28303 -45.0 47752 920.625 0
011 3.65701 -33.0 47900 920.625 0
101 4.49150 -40.0 48294 920.625 0
100 5.27689 -41.0 48357 920.625 0
001 5.28917 -45.0 48452 920.625 0
011 3.63247 -33.0 48603 920.625 0
101 4.47922 -40.0 48982 920.625 0
100 5.05600 -41.0 49046 920.625 0
001 4.09880 -44.0 49144 921.625 0
011 3.25818 -33.0 49308 921.625 0
101 3.76746 -39.5 49679 921.625 0
100 4.10493 -42.0 49733 921.625 0
001 4.26447 -44.0 49841 921.625 0
011 3.55884 -33.0 50015 921.625 0
