100 4.46695 -36.0 0 922.625 0
011 2.57095 -30.5 5 922.625 0
101 5.14804 -42.5 11 922.625 0
001 4.92101 -47.5 16 922.625 0
100 4.44854 -36.5 668 922.625 0
001 4.88419 -47.5 677 922.625 0
101 5.17872 -42.5 687 922.625 0
011 2.70594 -30.5 706 922.625 0
100 4.47922 -35.5 1333 922.625 0
001 4.84124 -47.0 1343 922.625 0
101 5.14804 -42.5 1356 922.625 0
011 2.78571 -30.5 1389 922.625 0
100 3.73064 -36.0 2000 923.625 0
001 4.07425 -46.0 2023 923.625 0
101 4.44854 -41.0 2033 923.625 0
011 1.87759 -31.0 2093 923.625 0
100 3.73678 -36.0 2661 923.625 0
001 4.25219 -45.5 2697 923.625 0
101 4.42400 -41.0 2706 923.625 0
011 1.84078 -31.0 2775 923.625 0
100 3.78586 -35.5 3322 923.625 0
001 4.01903 -45.5 3367 923.625 0
101 4.38105 -40.0 3377 923.625 0
011 1.82851 -30.5 3474 923.625 0
100 6.08684 -35.0 3988 920.625 0
001 0.09817 -46.0 4038 920.625 0
101 0.75472 -40.0 4047 920.625 0
011 3.68769 -31.0 4158 920.625 0
100 6.09297 -35.0 4657 920.625 0
001 0.04295 -45.5 4702 920.625 0
101 0.57064 -40.0 4721 920.625 0
011 3.68769 -31.0 4851 920.625 0
100 6.11138 -35.0 5332 920.625 0
001 5.65732 -45.0 5387 921.625 0
101 6.12365 -40.0 5402 921.625 0
100 5.73709 -35.0 5989 921.625 0
001 5.78618 -45.0 6065 921.625 0
101 6.08684 -40.0 6074 921.625 0
011 2.96979 -31.5 6250 921.625 0
100 5.72482 -33.5 6658 921.625 0
001 5.97639 -44.0 6737 921.625 0
101 0.01227 -36.5 6755 921.625 0
011 2.95138 -32.5 6946 921.625 0
100 4.94555 -33.0 7335 922.625 0
001 5.16645 -44.0 7418 922.625 0
101 5.48552 -35.5 7436 922.625 0
011 2.33165 -34.0 7630 922.625 0
100 4.95783 -32.5 8005 922.625 0
001 5.19099 -45.0 8093 922.625 0
101 5.46711 -34.0 8107 922.625 0
011 2.41142 -35.0 8328 922.625 0
100 5.08054 -32.5 8690 922.625 0
101 5.46097 -32.5 8760 922.625 0
001 5.46097 -47.0 8774 922.625 0
011 2.04940 -36.0 9050 923.625 0
100 3.94540 -32.0 9348 923.625 0
101 4.82284 -31.5 9428 923.625 0
001 5.00078 -47.0 9447 923.625 0
011 2.30097 -37.5 9748 923.625 0
011 5.78618 -33.5 20032 920.625 0
101 1.12287 -29.0 20037 920.625 0
100 5.57142 -32.5 20042 920.625 0
001 4.22765 -37.0 20047 920.625 0
101 1.20878 -29.5 20698 920.625 0
001 4.23379 -35.5 20708 920.625 0
011 5.76777 -34.0 20724 920.625 0
100 5.78618 -33.0 20730 920.625 0
101 1.03084 -29.5 21348 920.625 0
001 4.39332 -34.5 21362 920.625 0
100 5.84140 -33.5 21393 920.625 0
011 5.85367 -34.5 21434 920.625 0
101 0.22703 -30.0 21998 921.625 0
001 3.63247 -34.0 22012 921.625 0
100 5.03146 -34.0 22067 921.625 0
011 4.98237 -34.5 22138 921.625 0
101 0.43565 -30.0 22665 921.625 0
001 3.69383 -33.5 22672 921.625 0
100 5.06214 -34.5 22738 921.625 0
011 5.12963 -35.0 22832 921.625 0
101 0.33748 -30.5 23323 921.625 0
001 3.69996 -32.5 23328 921.625 0
100 5.04986 -35.5 23413 921.625 0
011 5.02532 -36.5 23533 921.625 0
101 0.19021 -36.5 23983 922.625 0
001 3.31953 -32.5 23993 922.625 0
011 4.07425 -42.0 24230 922.625 0
001 3.32567 -32.5 24645 922.625 0
101 0.33134 -34.5 24650 922.625 0
011 3.96381 -43.5 24921 922.625 0
100 5.25849 -45.5 24931 922.625 0
001 5.60210 -30.5 25306 922.625 0
101 4.09880 -42.0 25320 922.625 0
100 0.48474 -34.0 25610 923.625 0
011 1.13515 -27.5 25620 923.625 0
001 4.28901 -35.0 25960 923.625 0
101 3.11091 -39.0 25987 923.625 0
100 5.73095 -35.5 26290 923.625 0
011 0.57678 -29.5 26325 923.625 0
001 4.20311 -33.0 26621 923.625 0
101 3.59565 -35.0 26653 923.625 0
100 5.57755 -34.5 26958 923.625 0
011 1.22718 -30.0 27015 923.625 0
001 0.38043 -35.0 27295 920.625 0
101 6.02548 -36.5 27318 920.625 0
100 1.74874 -35.0 27629 920.625 0
011 2.77957 -29.0 27696 920.625 0
001 0.47860 -35.5 27954 920.625 0
101 0.12272 -36.5 27981 920.625 0
100 1.46035 -35.5 28311 920.625 0
011 2.80412 -29.5 28396 920.625 0
001 0.36202 -35.5 28612 920.625 0
101 5.93957 -36.5 28641 920.625 0
100 1.32536 -35.5 28974 920.625 0
011 2.01872 -30.0 29103 921.625 0
001 5.93344 -35.5 29286 921.625 0
101 5.11736 -36.0 29313 921.625 0
100 0.52155 -36.0 29644 921.625 0
011 2.11076 -30.0 29802 921.625 0
001 5.98253 -36.0 29939 921.625 0
101 5.16645 -36.5 29985 921.625 0
011 1.83464 -32.0 40058 922.625 0
001 4.98237 -34.5 40063 922.625 0
100 5.99480 -35.5 40069 922.625 0
101 4.42400 -37.5 40074 922.625 0
001 5.05600 -34.5 40731 922.625 0
100 5.97639 -35.5 40741 922.625 0
101 4.72466 -38.0 40746 922.625 0
011 2.23348 -31.5 40755 922.625 0
001 5.07441 -35.0 41397 922.625 0
100 6.05002 -35.0 41412 922.625 0
101 4.65103 -38.5 41417 922.625 0
011 1.77942 -31.5 41458 922.625 0
001 4.23379 -34.5 42061 923.625 0
101 3.68155 -37.5 42088 923.625 0
100 5.19713 -35.0 42093 923.625 0
011 1.21491 -31.5 42165 923.625 0
001 4.26447 -34.0 42717 923.625 0
101 3.93313 -38.0 42751 923.625 0
100 5.20940 -35.0 42760 923.625 0
011 1.36217 -31.5 42845 923.625 0
001 4.43014 -34.5 43390 923.625 0
101 3.95153 -38.0 43425 923.625 0
100 5.16645 -35.0 43434 923.625 0
011 1.28854 -31.5 43539 923.625 0
001 0.32520 -36.0 44062 920.625 0
101 0.08590 -40.5 44089 920.625 0
100 0.96948 -35.5 44116 920.625 0
011 3.28272 -31.0 44230 920.625 0
001 0.14726 -36.5 44726 920.625 0
101 0.08590 -41.0 44758 920.625 0
100 0.93880 -35.5 44789 920.625 0
011 3.46680 -31.0 44929 920.625 0
001 0.07977 -37.0 45388 920.625 0
101 0.32520 -42.0 45424 920.625 0
100 0.38656 -35.0 45451 921.625 0
011 2.38074 -32.0 45627 921.625 0
001 5.46711 -37.5 46044 921.625 0
101 5.60210 -41.5 46093 921.625 0
100 0.20249 -35.0 46128 921.625 0
011 2.41755 -32.5 46325 921.625 0
001 5.30757 -38.0 46710 921.625 0
101 5.65732 -42.0 46770 921.625 0
100 0.24544 -35.5 46792 921.625 0
011 2.35006 -33.0 47012 921.625 0
001 5.06214 -38.0 47371 922.625 0
101 5.01305 -40.5 47442 922.625 0
100 5.58369 -35.0 47474 922.625 0
011 1.94509 -34.0 47706 922.625 0
001 4.17243 -39.0 48030 922.625 0
101 5.25849 -40.0 48103 922.625 0
100 5.43643 -35.5 48152 922.625 0
011 1.95122 -36.0 48406 922.625 0
001 3.85336 -40.5 48689 922.625 0
101 5.09895 -40.0 48760 922.625 0
100 5.23394 -35.5 48818 922.625 0
011 2.01258 -42.0 49098 923.625 0
001 2.93911 -40.0 49353 923.625 0
101 4.31969 -39.0 49420 923.625 0
100 4.45468 -35.5 49482 923.625 0
011 2.38074 -43.5 49786 923.625 0
001 2.35006 -41.0 50002 923.625 0
