101 5.82299 -45.0 0 920.625 0
100 1.41126 -22.5 40 920.625 0
001 4.85352 -41.5 82 920.625 0
011 0.98175 -24.5 645 921.625 0
101 5.44870 -44.5 768 921.625 0
100 0.88971 -23.0 813 921.625 0
001 4.28287 -42.0 864 921.625 0
011 1.09219 -24.5 1459 921.625 0
101 5.13577 -44.5 1557 921.625 0
100 0.49087 -23.0 1602 921.625 0
001 4.30128 -42.0 1637 921.625 0
011 0.96334 -25.0 2277 921.625 0
101 5.08668 -45.0 2333 921.625 0
100 0.51542 -23.0 2383 921.625 0
001 3.53429 -42.0 2414 922.625 0
011 0.93880 -25.0 3095 922.625 0
101 4.23379 -44.5 3118 922.625 0
100 6.12365 -23.5 3157 922.625 0
001 3.69383 -42.0 3184 922.625 0
101 4.32583 -44.5 3891 922.625 0
011 0.42338 -25.0 3909 922.625 0
100 6.07456 -23.5 3932 922.625 0
001 3.57724 -42.0 3973 922.625 0
101 3.52202 -44.5 4684 923.625 0
011 6.00093 -25.0 4711 923.625 0
100 5.71254 -23.5 4734 923.625 0
001 2.79798 -42.5 4768 923.625 0
101 3.58952 -44.0 5469 923.625 0
100 5.62664 -23.5 5500 923.625 0
011 5.99480 -25.0 5519 923.625 0
001 2.85320 -42.0 5557 923.625 0
101 5.65119 -45.5 6247 920.625 0
100 1.37445 -23.0 6279 920.625 0
011 2.01258 -24.5 6339 920.625 0
001 5.19099 -41.0 6348 920.625 0
101 5.66959 -45.5 7021 920.625 0
100 1.47876 -23.0 7058 920.625 0
001 5.08668 -41.5 7130 920.625 0
011 1.85918 -24.5 7144 920.625 0
101 5.14190 -45.0 7805 921.625 0
100 0.50928 -23.0 7833 921.625 0
001 4.00676 -41.5 7902 921.625 0
011 0.91425 -24.5 7946 921.625 0
101 5.09282 -44.5 8584 921.625 0
100 0.52769 -23.0 8609 921.625 0
001 3.96381 -41.5 8686 921.625 0
011 0.96334 -24.5 8759 921.625 0
101 5.01919 -44.5 9370 921.625 0
100 0.47247 -23.0 9381 921.625 0
001 4.06198 -41.5 9463 921.625 0
011 0.95720 -24.5 9561 921.625 0
100 5.71868 -24.0 19944 923.625 0
011 5.95798 -25.5 19949 923.625 0
001 2.96365 -42.0 19957 923.625 0
101 3.85336 -44.0 19962 923.625 0
100 5.56528 -24.0 20714 923.625 0
001 2.76730 -42.0 20737 923.625 0
101 4.08652 -44.0 20751 923.625 0
011 6.11138 -25.0 20761 923.625 0
100 5.67573 -24.0 21494 923.625 0
001 2.79798 -41.5 21504 923.625 0
101 4.14788 -44.0 21517 923.625 0
011 5.97025 -25.5 21558 923.625 0
001 5.18486 -41.0 22275 920.625 0
100 1.35604 -23.0 22289 920.625 0
101 5.92730 -45.0 22298 920.625 0
011 2.02485 -24.5 22366 920.625 0
001 5.09282 -41.0 23049 920.625 0
100 1.40513 -23.0 23063 920.625 0
101 5.95185 -45.0 23083 920.625 0
011 2.00645 -24.5 23166 920.625 0
100 0.50315 -23.5 23842 921.625 0
001 4.08652 -41.0 23851 921.625 0
101 5.17258 -44.5 23861 921.625 0
011 1.14128 -25.0 23979 921.625 0
100 0.49087 -23.5 24620 921.625 0
001 4.10493 -41.5 24632 921.625 0
101 5.19713 -44.5 24636 921.625 0
011 1.16583 -25.0 24788 921.625 0
100 6.06843 -24.0 25404 922.625 0
001 3.55884 -41.5 25423 922.625 0
101 4.41173 -44.0 25428 922.625 0
011 0.42951 -25.0 25601 922.625 0
100 6.18501 -23.5 26184 922.625 0
001 3.58338 -41.5 26189 922.625 0
101 4.49763 -44.5 26203 922.625 0
011 0.50315 -25.0 26403 922.625 0
100 6.08070 -23.5 26966 922.625 0
001 3.55270 -41.5 26971 922.625 0
101 4.58353 -44.0 26982 922.625 0
011 6.06843 -25.5 27216 923.625 0
100 5.57755 -24.0 27739 923.625 0
001 2.82252 -42.0 27748 923.625 0
101 3.71223 -43.5 27758 923.625 0
011 6.03775 -25.5 28028 923.625 0
100 5.82913 -24.0 28520 923.625 0
001 2.75503 -42.0 28529 923.625 0
101 3.89018 -43.5 28543 923.625 0
011 5.99480 -25.5 28833 923.625 0
100 1.23946 -23.5 29307 920.625 0
001 4.92715 -41.0 29317 920.625 0
101 6.01934 -44.0 29331 920.625 0
011 2.10462 -24.5 29648 920.625 0
011 1.22105 -24.5 39988 921.625 0
100 0.56450 -23.5 39993 921.625 0
101 5.46711 -44.0 39999 921.625 0
001 4.00676 -42.0 40004 921.625 0
100 0.90812 -23.5 40782 921.625 0
001 3.98835 -41.5 40788 921.625 0
101 5.62051 -44.0 40793 921.625 0
011 1.19651 -25.0 40809 921.625 0
100 0.90812 -24.0 41555 921.625 0
001 4.08039 -41.5 41565 921.625 0
011 1.23946 -25.0 41616 921.625 0
001 3.50975 -42.0 42341 922.625 0
101 4.49150 -43.5 42351 922.625 0
011 0.68109 -25.0 42440 922.625 0
100 6.22183 -24.0 43102 922.625 0
001 3.29499 -42.0 43108 922.625 0
101 4.50377 -43.5 43144 922.625 0
011 0.68109 -25.0 43243 922.625 0
100 5.56528 -24.5 43880 923.625 0
001 2.84093 -42.0 43895 923.625 0
101 3.86563 -43.5 43917 923.625 0
011 6.05616 -25.5 44059 923.625 0
100 5.67573 -24.5 44659 923.625 0
001 3.03728 -42.0 44687 923.625 0
101 3.98835 -43.5 44696 923.625 0
011 6.03775 -25.5 44874 923.625 0
100 1.27014 -23.5 45436 920.625 0
101 6.01934 -44.5 45472 920.625 0
001 5.06214 -41.5 45477 920.625 0
011 1.93895 -24.5 45679 920.625 0
100 1.23946 -23.5 46218 920.625 0
101 5.98253 -44.5 46236 920.625 0
001 5.02532 -41.5 46250 920.625 0
011 1.92668 -24.5 46495 920.625 0
100 1.33763 -23.5 47003 920.625 0
101 0.10431 -44.5 47013 920.625 0
001 4.89647 -41.5 47027 920.625 0
011 1.15355 -25.0 47299 921.625 0
100 0.50928 -23.5 47773 921.625 0
101 5.46711 -44.0 47787 921.625 0
001 4.09880 -41.5 47814 921.625 0
011 1.19651 -24.5 48099 921.625 0
100 0.73017 -23.5 48542 921.625 0
101 5.25235 -44.0 48556 921.625 0
001 4.03130 -41.5 48602 921.625 0
011 1.20878 -24.5 48890 921.625 0
101 4.52831 -43.5 49338 922.625 0
001 3.42998 -42.0 49370 922.625 0
011 0.43565 -25.0 49695 922.625 0
