100 5.93344 -33.0 0 920.625 0
101 4.36264 -36.5 6 920.625 0
011 3.20909 -36.0 12 920.625 0
001 2.93297 -42.0 17 920.625 0
100 5.88435 -33.0 763 920.625 0
101 4.41173 -36.5 774 920.625 0
001 3.01274 -42.0 786 920.625 0
011 3.22750 -36.0 795 920.625 0
100 5.87208 -32.5 1522 920.625 0
101 4.44241 -35.5 1528 920.625 0
001 2.95751 -41.5 1542 920.625 0
011 3.39930 -36.0 1586 920.625 0
100 5.19713 -33.5 2283 921.625 0
001 3.08637 -45.5 2301 921.625 0
101 3.81654 -37.0 2311 921.625 0
011 2.81025 -35.0 2373 921.625 0
100 5.21553 -33.5 3040 921.625 0
101 3.73064 -36.5 3063 921.625 0
001 2.77957 -45.5 3073 921.625 0
011 2.88388 -35.0 3167 921.625 0
100 4.50990 -33.0 3801 922.625 0
101 2.87775 -37.0 3834 922.625 0
001 2.01872 -44.5 3844 922.625 0
011 2.11689 -35.0 3961 922.625 0
100 4.44854 -33.5 4562 922.625 0
101 2.89616 -37.0 4598 922.625 0
001 2.54027 -44.5 4612 922.625 0
011 2.05553 -35.0 4747 922.625 0
100 4.66330 -33.0 5329 922.625 0
101 2.85320 -37.0 5358 922.625 0
001 2.00645 -44.5 5367 922.625 0
011 1.34377 -35.0 5539 923.625 0
100 4.22152 -33.0 6094 923.625 0
101 2.12917 -37.0 6121 923.625 0
001 1.31309 -43.5 6141 923.625 0
011 1.33150 -35.0 6331 923.625 0
100 3.85950 -33.0 6846 923.625 0
101 2.23348 -37.0 6875 923.625 0
001 1.29468 -44.0 6909 923.625 0
011 1.31922 -35.0 7129 923.625 0
100 5.91503 -34.0 7616 920.625 0
101 4.63876 -36.5 7630 920.625 0
001 3.31340 -45.5 7673 920.625 0
011 3.27045 -35.5 7928 920.625 0
100 5.93344 -34.0 8382 920.625 0
101 4.35651 -36.5 8396 920.625 0
001 3.40544 -45.5 8440 920.625 0
011 3.28885 -35.5 8720 920.625 0
100 5.22781 -33.5 9142 921.625 0
101 3.61406 -37.0 9147 921.625 0
001 2.76730 -45.0 9211 921.625 0
011 2.76117 -35.0 9507 921.625 0
101 3.64474 -37.0 9900 921.625 0
100 5.38734 -33.5 9914 921.625 0
001 2.74276 -45.0 9971 921.625 0
011 2.06167 -37.0 20048 922.625 0
100 4.65103 -32.0 20053 922.625 0
101 2.93297 -38.0 20059 922.625 0
001 1.53398 -44.0 20069 922.625 0
101 2.92070 -38.0 20818 922.625 0
100 4.41173 -32.0 20828 922.625 0
001 1.50330 -43.5 20839 922.625 0
011 2.25802 -36.5 20858 922.625 0
101 2.92684 -37.5 21573 922.625 0
100 4.45468 -32.0 21587 922.625 0
001 1.47262 -43.5 21606 922.625 0
011 2.14757 -36.5 21651 922.625 0
101 2.88388 -37.5 22335 923.625 0
100 3.76746 -32.0 22351 923.625 0
001 0.92039 -43.5 22362 923.625 0
011 1.32536 -36.5 22435 923.625 0
101 2.35619 -37.5 23087 923.625 0
100 3.73678 -32.0 23118 923.625 0
001 1.18423 -43.5 23128 923.625 0
011 1.43581 -36.5 23234 923.625 0
101 4.47922 -37.0 23846 920.625 0
100 5.85981 -33.0 23878 920.625 0
001 2.89002 -44.5 23892 920.625 0
011 3.25818 -37.5 24025 920.625 0
101 4.46082 -37.5 24595 920.625 0
100 5.78618 -33.0 24649 920.625 0
001 2.87161 -44.5 24659 920.625 0
011 3.21522 -37.5 24827 920.625 0
101 4.46695 -37.0 25341 920.625 0
100 6.08070 -33.0 25413 920.625 0
001 3.00660 -44.5 25423 920.625 0
011 2.71208 -37.0 25611 921.625 0
101 3.68769 -37.5 26105 921.625 0
001 2.37460 -44.0 26181 921.625 0
100 5.21553 -32.5 26195 921.625 0
011 2.77344 -36.5 26393 921.625 0
101 3.85336 -37.5 26864 921.625 0
001 2.60163 -44.0 26942 921.625 0
100 5.16645 -32.0 26964 921.625 0
011 2.65072 -37.0 27178 921.625 0
101 2.93297 -37.5 27624 922.625 0
001 1.54012 -44.0 27700 922.625 0
100 4.43014 -32.0 27729 922.625 0
011 2.09849 -37.0 27964 922.625 0
101 3.12318 -37.0 28379 922.625 0
001 1.58920 -44.0 28450 922.625 0
100 4.40559 -32.0 28491 922.625 0
011 1.93282 -37.0 28746 922.625 0
101 2.12917 -37.5 29128 923.625 0
001 1.06151 -43.0 29221 923.625 0
100 3.82268 -32.0 29253 923.625 0
011 1.27627 -36.5 29537 923.625 0
101 0.44792 -46.0 29887 923.625 0
001 6.14206 -46.5 30014 923.625 0
100 2.83480 -35.0 30028 923.625 0
001 4.01903 -40.5 40073 920.625 0
011 4.33196 -28.0 40078 920.625 0
100 5.90276 -43.5 40085 920.625 0
001 3.95153 -40.5 40819 920.625 0
101 4.62649 -37.5 40837 920.625 0
100 6.01934 -44.5 40857 920.625 0
011 4.39946 -28.0 40867 920.625 0
001 4.41786 -40.5 41574 920.625 0
101 4.51604 -37.5 41588 920.625 0
100 5.70027 -44.0 41628 920.625 0
011 4.32583 -28.0 41673 920.625 0
001 3.13546 -41.0 42332 921.625 0
101 4.22152 -37.0 42346 921.625 0
100 4.89033 -43.5 42400 921.625 0
011 3.59565 -28.0 42451 921.625 0
001 3.14773 -41.0 43080 921.625 0
101 4.05585 -37.0 43113 921.625 0
100 4.82897 -43.5 43185 921.625 0
011 4.20311 -28.0 43239 921.625 0
001 2.56482 -40.5 43833 922.625 0
100 4.25833 -43.0 43954 922.625 0
011 2.89616 -28.0 44023 922.625 0
001 2.59550 -40.5 44591 922.625 0
100 4.21538 -43.0 44720 922.625 0
011 2.81639 -28.5 44818 922.625 0
001 2.68753 -40.0 45351 922.625 0
100 3.16614 -43.0 45487 923.625 0
011 2.66299 -28.5 45623 923.625 0
001 1.71192 -40.0 46100 923.625 0
101 2.45437 -36.5 46128 923.625 0
100 3.38703 -43.0 46256 923.625 0
011 2.13530 -28.5 46426 923.625 0
001 1.72419 -40.0 46874 923.625 0
101 2.13530 -36.5 46888 923.625 0
100 3.23363 -43.0 47025 923.625 0
011 2.22734 -28.5 47214 923.625 0
001 4.10493 -40.5 47623 920.625 0
101 4.54058 -37.0 47643 920.625 0
100 5.72482 -44.5 47791 920.625 0
011 4.27674 -28.0 48002 920.625 0
001 4.27674 -40.5 48388 920.625 0
100 5.74322 -44.5 48566 920.625 0
011 4.43014 -28.0 48779 920.625 0
001 3.17841 -40.5 49146 921.625 0
101 4.00062 -36.5 49156 921.625 0
100 4.76761 -43.5 49334 921.625 0
011 3.53429 -28.0 49571 921.625 0
001 3.27045 -40.5 49894 921.625 0
101 4.17243 -37.0 49908 921.625 0
