101 2.12917 -36.5 0 922.625 0
011 2.06167 -33.5 6 922.625 0
001 2.08621 -40.5 11 922.625 0
100 0.02454 -45.5 16 922.625 0
101 2.46664 -36.5 689 922.625 0
001 2.08008 -40.5 703 922.625 0
011 2.02485 -33.5 739 922.625 0
100 0.01841 -45.5 748 922.625 0
101 2.22734 -36.5 1393 922.625 0
001 2.28256 -40.5 1407 922.625 0
100 0.10431 -45.5 1452 922.625 0
011 2.01872 -33.5 1471 922.625 0
101 1.38058 -36.5 2088 923.625 0
001 1.57080 -40.0 2123 923.625 0
100 5.57142 -44.5 2146 923.625 0
011 1.48489 -34.0 2199 923.625 0
101 1.54012 -36.5 2787 923.625 0
001 1.68124 -40.0 2820 923.625 0
100 5.52847 -45.0 2865 923.625 0
011 1.69351 -34.0 2939 923.625 0
101 1.73033 -36.5 3472 923.625 0
001 1.52784 -40.5 3512 923.625 0
100 1.68124 -47.5 3594 920.625 0
011 3.33181 -33.0 3663 920.625 0
101 3.79814 -36.0 4168 920.625 0
001 3.81654 -41.5 4215 920.625 0
100 1.66897 -47.0 4297 920.625 0
011 3.48520 -33.0 4396 920.625 0
101 3.83495 -36.0 4876 920.625 0
001 3.51588 -41.5 4922 920.625 0
100 1.67511 -47.0 5007 920.625 0
011 3.39317 -33.0 5118 920.625 0
101 2.79185 -36.5 5575 921.625 0
001 2.77344 -40.5 5620 921.625 0
100 1.08606 -45.5 5713 921.625 0
011 2.69367 -33.0 5849 921.625 0
101 2.86548 -36.5 6278 921.625 0
001 2.83480 -41.0 6327 921.625 0
100 0.90198 -45.5 6425 921.625 0
011 2.95138 -33.5 6576 921.625 0
101 2.89002 -36.5 6976 921.625 0
001 2.76117 -41.0 7021 921.625 0
100 0.91425 -46.0 7136 921.625 0
011 2.17825 -33.5 7303 922.625 0
101 2.08621 -36.5 7679 922.625 0
001 2.27029 -40.5 7723 922.625 0
100 0.07363 -45.0 7859 922.625 0
011 2.01872 -33.5 8033 922.625 0
101 2.41142 -36.5 8373 922.625 0
001 2.06781 -40.0 8418 922.625 0
100 0.01841 -45.0 8564 922.625 0
011 2.11689 -33.5 8757 922.625 0
101 1.61988 -37.0 9064 923.625 0
001 1.82237 -40.0 9122 923.625 0
100 5.48552 -44.5 9286 923.625 0
011 1.53398 -34.0 9490 923.625 0
101 1.34990 -37.0 9768 923.625 0
001 1.47876 -40.0 9823 923.625 0
100 5.47938 -44.0 9994 923.625 0
001 3.33181 -42.0 20034 920.625 0
011 3.50361 -33.0 20040 920.625 0
101 3.62019 -36.5 20045 920.625 0
100 1.50330 -46.0 20051 920.625 0
001 3.40544 -42.0 20740 920.625 0
101 3.69996 -36.5 20749 920.625 0
011 3.54043 -33.0 20759 920.625 0
100 1.49103 -45.5 20773 920.625 0
101 3.58338 -36.5 21444 920.625 0
001 3.32567 -42.0 21453 920.625 0
100 1.54625 -45.5 21472 920.625 0
011 3.51588 -33.0 21481 920.625 0
101 2.82252 -37.0 22142 921.625 0
001 2.83480 -41.5 22155 921.625 0
100 0.87130 -44.5 22178 921.625 0
011 2.69367 -33.5 22205 921.625 0
101 2.87161 -37.0 22847 921.625 0
001 2.75503 -41.5 22866 921.625 0
100 0.95720 -44.5 22882 921.625 0
011 2.69367 -33.5 22925 921.625 0
101 2.86548 -37.0 23548 921.625 0
001 2.79185 -41.5 23571 921.625 0
100 1.14128 -44.5 23589 921.625 0
011 2.15984 -33.5 23642 922.625 0
101 2.54641 -37.0 24266 922.625 0
001 2.04940 -41.0 24276 922.625 0
100 6.24023 -44.0 24307 922.625 0
011 2.06167 -33.5 24370 922.625 0
101 2.12303 -37.0 24961 922.625 0
001 2.04326 -41.0 24980 922.625 0
100 6.24637 -43.5 25003 922.625 0
011 2.04940 -34.0 25105 922.625 0
101 1.42353 -37.0 25667 923.625 0
001 1.70579 -40.5 25682 923.625 0
100 5.44870 -42.5 25719 923.625 0
011 1.51557 -34.0 25857 923.625 0
101 1.60148 -37.0 26359 923.625 0
001 1.71806 -40.5 26391 923.625 0
100 5.46097 -42.5 26422 923.625 0
011 1.33763 -34.0 26590 923.625 0
101 1.55239 -37.0 27054 923.625 0
001 1.31922 -40.5 27099 923.625 0
100 5.46097 -42.5 27127 923.625 0
011 3.49748 -33.0 27327 920.625 0
101 3.60792 -37.0 27751 920.625 0
001 3.31340 -42.0 27807 920.625 0
100 1.52784 -44.5 27825 920.625 0
011 3.56497 -33.5 28076 920.625 0
101 3.85336 -37.0 28450 920.625 0
001 3.22136 -42.5 28509 920.625 0
011 3.86563 -33.0 28803 920.625 0
101 2.69367 -37.0 29155 921.625 0
001 2.79185 -42.0 29218 921.625 0
100 0.90812 -44.0 29236 921.625 0
011 2.79798 -33.5 29532 921.625 0
101 2.84707 -37.0 29852 921.625 0
001 2.80412 -42.0 29925 921.625 0
100 0.86517 -44.0 29943 921.625 0
100 5.97639 -40.5 40077 922.625 0
001 2.03713 -46.5 40082 922.625 0
011 2.47278 -35.5 40087 922.625 0
101 2.08008 -39.0 40092 922.625 0
100 5.97639 -41.5 40775 922.625 0
101 2.39915 -38.5 40785 922.625 0
001 2.18439 -46.0 40794 922.625 0
011 2.58322 -35.5 40813 922.625 0
101 2.22734 -38.5 41479 922.625 0
100 5.73095 -42.0 41502 922.625 0
001 2.30097 -46.0 41511 922.625 0
011 2.49118 -36.0 41561 922.625 0
101 1.31922 -39.5 42175 923.625 0
100 4.79829 -42.0 42207 923.625 0
001 1.38058 -47.0 42221 923.625 0
011 1.66897 -36.0 42293 923.625 0
101 1.34990 -39.0 42874 923.625 0
100 4.71239 -42.0 42932 923.625 0
011 1.65056 -35.5 43020 923.625 0
101 1.33763 -39.0 43571 923.625 0
100 5.00078 -41.5 43631 923.625 0
001 3.55884 -47.5 43673 920.625 0
011 4.25219 -36.0 43749 920.625 0
101 3.59565 -39.0 44276 920.625 0
100 0.96948 -42.5 44331 920.625 0
001 3.57724 -47.5 44384 920.625 0
011 4.01903 -36.0 44470 920.625 0
101 3.54656 -39.0 44976 920.625 0
100 1.24559 -42.0 45037 920.625 0
001 3.58338 -47.0 45093 920.625 0
011 3.73064 -36.0 45202 920.625 0
101 2.79185 -39.0 45678 921.625 0
001 2.81639 -47.0 45805 921.625 0
011 3.08637 -36.0 45938 921.625 0
101 2.81639 -39.0 46376 921.625 0
100 6.24637 -42.0 46435 921.625 0
001 2.77957 -47.5 46509 921.625 0
011 3.10478 -36.0 46676 921.625 0
101 2.77344 -39.0 47079 921.625 0
100 0.01227 -42.5 47137 921.625 0
001 3.17841 -47.5 47217 921.625 0
011 2.60163 -36.0 47412 922.625 0
101 2.05553 -39.5 47771 922.625 0
100 5.96412 -41.5 47852 922.625 0
001 2.62618 -47.0 47933 922.625 0
011 2.47278 -36.0 48134 922.625 0
101 2.17825 -39.5 48469 922.625 0
100 5.75550 -42.0 48576 922.625 0
001 2.13530 -47.0 48643 922.625 0
011 2.60163 -36.0 48858 922.625 0
101 1.33150 -39.5 49159 923.625 0
100 4.79829 -41.0 49284 923.625 0
001 1.38672 -47.0 49357 923.625 0
011 1.66897 -36.0 49576 923.625 0
101 1.32536 -39.5 49857 923.625 0
100 4.84124 -41.0 49990 923.625 0
001 1.38058 -47.0 50066 923.625 0
