100 5.77390 -40.5 0 920.625 0
101 0.55223 -44.5 8 920.625 0
001 3.79200 -48.5 13 920.625 0
100 5.95185 -41.0 658 920.625 0
101 0.55223 -45.5 667 920.625 0
001 3.60792 -48.0 677 920.625 0
011 6.20955 -31.5 686 920.625 0
100 5.65119 -41.5 1317 920.625 0
001 3.67542 -49.0 1335 920.625 0
101 0.65654 -44.5 1340 920.625 0
100 4.82897 -42.0 1973 921.625 0
101 6.00093 -44.0 1987 921.625 0
001 2.89616 -47.5 1997 921.625 0
011 5.90889 -32.0 2029 921.625 0
100 4.87806 -42.5 2632 921.625 0
101 5.92117 -43.0 2657 921.625 0
011 5.74936 -32.5 2710 921.625 0
100 4.87192 -42.5 3293 921.625 0
101 6.01934 -43.0 3311 921.625 0
001 2.94524 -47.0 3321 921.625 0
011 5.63278 -32.5 3393 921.625 0
100 4.43014 -43.0 3956 922.625 0
001 2.68753 -47.5 3978 922.625 0
101 5.28917 -41.5 3987 922.625 0
011 4.77375 -32.5 4071 922.625 0
100 4.75534 -43.5 4618 922.625 0
101 5.25849 -41.5 4642 922.625 0
001 2.73662 -47.5 4647 922.625 0
011 4.86579 -32.5 4735 922.625 0
100 4.38719 -43.0 5278 922.625 0
101 5.21553 -42.0 5305 922.625 0
001 2.78571 -46.5 5315 922.625 0
011 4.41173 -33.0 5425 923.625 0
100 4.03744 -44.0 5947 923.625 0
101 4.46082 -40.5 5966 923.625 0
001 1.61375 -46.5 5975 923.625 0
011 4.38719 -33.0 6094 923.625 0
100 3.88404 -44.0 6612 923.625 0
101 4.42400 -41.0 6621 923.625 0
001 1.58307 -46.5 6635 923.625 0
011 4.38105 -33.0 6770 923.625 0
101 0.43565 -44.5 7275 920.625 0
100 5.75550 -42.5 7280 920.625 0
001 3.62633 -47.5 7298 920.625 0
011 6.22183 -33.5 7441 920.625 0
100 5.99480 -42.0 7936 920.625 0
101 0.41111 -44.5 7941 920.625 0
001 3.63247 -47.5 7955 920.625 0
011 6.25251 -33.5 8109 920.625 0
101 0.66268 -44.0 8586 920.625 0
100 5.77390 -42.5 8600 920.625 0
001 3.60792 -47.5 8619 920.625 0
011 6.25864 -34.0 8787 920.625 0
101 6.04388 -42.5 9235 921.625 0
100 4.90874 -42.5 9264 921.625 0
001 2.93911 -47.5 9282 921.625 0
011 5.75550 -34.0 9471 921.625 0
101 6.03161 -42.5 9873 921.625 0
100 5.14190 -42.0 9923 921.625 0
001 2.92070 -47.0 9950 921.625 0
001 2.35619 -46.5 20032 922.625 0
011 5.27689 -34.5 20038 922.625 0
101 5.27689 -41.0 20045 922.625 0
100 4.47309 -41.5 20050 922.625 0
101 5.20940 -41.5 20689 922.625 0
001 2.40528 -46.0 20698 922.625 0
011 5.34439 -34.5 20717 922.625 0
100 4.45468 -41.5 20722 922.625 0
101 5.44256 -41.0 21358 922.625 0
001 2.37460 -46.0 21368 922.625 0
100 4.47309 -41.5 21386 922.625 0
011 5.47938 -35.0 21404 922.625 0
101 4.43627 -40.5 22021 923.625 0
001 1.54012 -45.5 22031 923.625 0
100 4.23379 -41.5 22053 923.625 0
011 4.71239 -35.0 22085 923.625 0
001 1.52171 -45.0 22680 923.625 0
101 4.37491 -40.5 22690 923.625 0
100 4.27060 -41.0 22722 923.625 0
011 4.75534 -35.0 22754 923.625 0
101 4.45468 -40.5 23351 923.625 0
001 1.52171 -45.0 23356 923.625 0
100 4.00062 -41.0 23383 923.625 0
011 4.82284 -35.0 23432 923.625 0
101 0.43565 -44.5 24003 920.625 0
001 3.54043 -46.5 24013 920.625 0
100 5.83526 -40.0 24050 920.625 0
011 0.34975 -35.0 24108 920.625 0
101 0.50315 -43.5 24659 920.625 0
001 3.66315 -47.5 24673 920.625 0
100 5.72482 -40.0 24705 920.625 0
011 0.21476 -35.5 24783 920.625 0
001 3.54043 -47.5 25327 920.625 0
101 0.49087 -43.0 25336 920.625 0
100 5.77390 -40.0 25359 920.625 0
011 5.99480 -35.5 25462 921.625 0
101 6.00707 -42.0 25993 921.625 0
001 2.89616 -46.0 25998 921.625 0
100 5.13577 -40.0 26026 921.625 0
011 5.98866 -35.5 26145 921.625 0
101 5.98253 -42.0 26646 921.625 0
001 2.90843 -47.0 26660 921.625 0
100 5.09282 -40.0 26692 921.625 0
011 6.04388 -35.5 26825 921.625 0
101 5.17258 -41.5 27298 922.625 0
001 2.73662 -45.5 27320 922.625 0
100 4.33810 -39.5 27357 922.625 0
011 5.73709 -35.5 27503 922.625 0
101 5.16031 -41.0 27951 922.625 0
001 2.77957 -45.5 27984 922.625 0
100 4.75534 -39.5 28015 922.625 0
011 5.66346 -35.5 28185 922.625 0
101 5.17872 -41.5 28595 922.625 0
001 2.47278 -45.5 28640 922.625 0
100 4.28901 -39.5 28678 922.625 0
011 5.71254 -36.0 28861 922.625 0
101 4.41173 -40.0 29249 923.625 0
001 1.56466 -46.0 29311 923.625 0
100 3.64474 -39.5 29340 923.625 0
011 5.07441 -35.0 29529 923.625 0
101 4.47309 -40.5 29909 923.625 0
001 1.53398 -46.0 29972 923.625 0
100 3.63860 -39.5 29999 923.625 0
101 0.38043 -42.5 40073 920.625 0
011 0.97561 -36.5 40078 920.625 0
100 5.77390 -39.5 40083 920.625 0
001 3.62019 -46.5 40089 920.625 0
100 5.77390 -39.5 40740 920.625 0
101 0.42951 -41.5 40744 920.625 0
001 3.70610 -47.0 40754 920.625 0
011 1.14742 -36.0 40764 920.625 0
100 5.98866 -39.0 41397 920.625 0
101 0.47860 -42.5 41411 920.625 0
001 3.62633 -46.5 41421 920.625 0
011 0.88357 -36.0 41436 920.625 0
100 4.81670 -39.0 42062 921.625 0
101 5.90889 -40.5 42071 921.625 0
001 2.92070 -46.5 42081 921.625 0
011 0.12885 -36.0 42113 921.625 0
100 4.82284 -39.0 42722 921.625 0
101 6.09297 -41.0 42732 921.625 0
001 2.93911 -46.5 42747 921.625 0
011 0.15340 -36.0 42783 921.625 0
100 4.80443 -39.0 43377 921.625 0
101 5.85367 -41.0 43396 921.625 0
001 2.90843 -46.0 43412 921.625 0
011 0.16567 -36.0 43461 921.625 0
101 5.34439 -39.5 44048 922.625 0
100 4.32583 -38.5 44053 922.625 0
001 2.62004 -45.0 44063 922.625 0
011 6.09297 -35.0 44135 922.625 0
101 5.25235 -40.0 44698 922.625 0
001 2.30711 -45.0 44716 922.625 0
100 4.37491 -38.5 44726 922.625 0
011 5.88435 -35.5 44806 922.625 0
101 5.16645 -39.5 45348 922.625 0
001 2.50346 -46.0 45375 922.625 0
100 4.62035 -38.5 45385 922.625 0
011 5.52847 -34.5 45491 923.625 0
101 4.32583 -39.0 45999 923.625 0
001 1.56466 -44.5 46022 923.625 0
100 3.37476 -39.0 46050 923.625 0
011 5.44256 -34.5 46167 923.625 0
101 4.33810 -38.5 46639 923.625 0
001 1.58920 -45.0 46671 923.625 0
100 3.26431 -38.5 46709 923.625 0
011 5.27076 -34.5 46846 923.625 0
101 0.44179 -41.5 47301 920.625 0
001 3.63860 -46.5 47343 920.625 0
100 5.46097 -38.5 47370 920.625 0
011 1.01856 -36.5 47513 920.625 0
101 0.42338 -41.0 47950 920.625 0
001 3.88404 -46.0 48008 920.625 0
100 6.12365 -38.5 48027 920.625 0
011 0.93266 -37.0 48194 920.625 0
101 0.43565 -41.5 48607 920.625 0
001 3.66315 -46.0 48662 920.625 0
100 5.93957 -38.5 48681 920.625 0
011 0.89584 -36.5 48868 920.625 0
101 5.89662 -40.0 49255 921.625 0
001 2.90229 -45.5 49321 921.625 0
100 4.67557 -38.5 49347 921.625 0
011 0.15340 -36.0 49545 921.625 0
101 5.93344 -40.5 49924 921.625 0
001 3.06183 -46.0 50007 921.625 0
100 4.66330 -38.5 50017 921.625 0
