100 4.87806 -32.0 0 920.625 0
101 1.24559 -35.5 5 920.625 0
011 0.12885 -32.5 10 920.625 0
001 1.26400 -38.0 15 920.625 0
100 4.82284 -31.5 586 920.625 0
011 0.10431 -32.5 597 920.625 0
001 1.17810 -37.5 602 920.625 0
101 0.97561 -35.5 622 920.625 0
100 4.89033 -31.5 1178 920.625 0
001 1.22105 -37.5 1187 920.625 0
011 0.17181 -32.5 1197 920.625 0
101 1.12287 -35.0 1224 920.625 0
100 4.90874 -31.0 1757 920.625 0
001 0.47247 -38.0 1798 921.625 0
011 6.07456 -32.5 1816 921.625 0
101 0.15953 -35.5 1830 921.625 0
100 4.28901 -31.5 2342 921.625 0
001 0.47860 -39.0 2383 921.625 0
011 6.07456 -32.5 2414 921.625 0
101 0.00000 -35.0 2440 921.625 0
100 4.26447 -31.0 2930 921.625 0
001 0.39884 -39.0 2973 921.625 0
011 5.93957 -32.0 3012 921.625 0
101 0.17181 -35.0 3044 921.625 0
100 4.31969 -31.0 3516 921.625 0
001 0.60132 -38.5 3562 921.625 0
011 5.24008 -32.5 3607 922.625 0
101 5.85981 -35.5 3640 922.625 0
100 3.61406 -31.5 4088 922.625 0
001 6.05002 -39.0 4146 922.625 0
011 5.19713 -32.0 4204 922.625 0
101 5.86594 -35.0 4246 922.625 0
100 3.66928 -31.0 4685 922.625 0
001 6.02548 -39.5 4735 922.625 0
011 5.19713 -32.0 4799 922.625 0
101 5.84140 -35.0 4862 922.625 0
100 3.81041 -31.0 5270 922.625 0
001 6.03161 -39.5 5327 922.625 0
011 4.52831 -32.5 5390 923.625 0
101 5.47324 -35.0 5457 923.625 0
100 3.18454 -31.5 5862 923.625 0
001 5.20940 -40.0 5906 923.625 0
011 4.52831 -32.5 5995 923.625 0
101 5.47938 -35.0 6058 923.625 0
100 2.93911 -31.5 6439 923.625 0
001 5.24621 -40.5 6490 923.625 0
011 4.47309 -32.0 6592 923.625 0
101 5.04373 -35.0 6652 923.625 0
100 3.09251 -31.5 7030 923.625 0
001 5.15418 -41.0 7076 923.625 0
011 0.37429 -32.0 7194 920.625 0
101 1.07379 -35.0 7266 920.625 0
100 5.41188 -30.0 7623 920.625 0
001 1.41126 -41.5 7687 920.625 0
011 0.15953 -32.5 7791 920.625 0
101 0.95720 -35.0 7864 920.625 0
100 5.24621 -30.0 8213 920.625 0
001 0.98788 -43.5 8277 920.625 0
011 0.39270 -32.0 8387 920.625 0
101 1.07992 -35.0 8459 920.625 0
100 5.40575 -30.0 8797 920.625 0
001 1.01856 -45.0 8861 920.625 0
011 6.12365 -32.5 8984 921.625 0
101 0.09817 -35.0 9048 921.625 0
100 4.72466 -30.5 9382 921.625 0
001 6.27705 -46.0 9460 921.625 0
011 5.94571 -32.5 9593 921.625 0
101 0.11658 -35.0 9642 921.625 0
100 4.68785 -31.0 9961 921.625 0
100 4.41173 -33.0 20031 922.625 0
001 3.68769 -40.0 20037 922.625 0
011 5.14804 -35.0 20043 922.625 0
101 5.61437 -36.0 20048 922.625 0
100 4.47309 -32.5 20621 922.625 0
011 5.11736 -35.0 20641 922.625 0
101 5.64505 -36.0 20646 922.625 0
001 3.63247 -39.5 20656 922.625 0
100 4.39332 -33.0 21222 922.625 0
011 5.06214 -35.0 21243 922.625 0
001 3.68155 -39.0 21248 922.625 0
101 5.58369 -36.0 21261 922.625 0
100 4.58353 -33.5 21807 922.625 0
001 2.95138 -39.0 21836 923.625 0
011 4.38105 -36.0 21848 923.625 0
101 5.00078 -36.5 21853 923.625 0
001 3.06183 -39.0 22423 923.625 0
101 5.07441 -36.5 22456 923.625 0
011 4.38105 -35.5 22478 923.625 0
100 3.75518 -33.5 22993 923.625 0
001 3.27045 -39.0 23002 923.625 0
101 5.11736 -36.5 23050 923.625 0
011 4.40559 -36.0 23077 923.625 0
001 3.01274 -38.5 23584 923.625 0
100 3.72451 -33.5 23598 923.625 0
101 0.64427 -34.5 23648 920.625 0
011 0.19635 -35.0 23681 920.625 0
001 4.89647 -39.0 24177 920.625 0
100 5.98866 -32.5 24196 920.625 0
101 0.82221 -35.0 24243 920.625 0
011 0.29452 -35.5 24296 920.625 0
001 4.84124 -38.5 24767 920.625 0
100 5.93344 -33.0 24797 920.625 0
101 0.66268 -35.0 24838 920.625 0
011 0.19021 -35.5 24912 920.625 0
001 4.86579 -38.0 25365 920.625 0
100 5.91503 -33.0 25387 920.625 0
101 0.26384 -36.0 25443 921.625 0
011 5.70641 -35.5 25529 921.625 0
001 4.35651 -38.0 25951 921.625 0
100 5.22167 -33.0 25978 921.625 0
101 6.20342 -35.5 26038 921.625 0
011 5.69414 -36.0 26142 921.625 0
001 4.29515 -38.5 26543 921.625 0
100 5.24008 -33.0 26566 921.625 0
101 0.01841 -36.0 26631 921.625 0
011 5.74322 -35.5 26747 921.625 0
001 4.36264 -38.0 27130 921.625 0
100 5.24008 -33.5 27156 921.625 0
101 5.51619 -37.0 27218 922.625 0
011 5.08054 -36.0 27358 922.625 0
001 3.57111 -37.5 27722 922.625 0
100 4.50377 -34.0 27745 922.625 0
101 5.51006 -36.5 27814 922.625 0
011 5.16031 -36.0 27959 922.625 0
001 3.59565 -38.0 28318 922.625 0
100 4.71239 -34.0 28333 922.625 0
101 5.49779 -36.5 28402 922.625 0
011 5.27689 -36.0 28555 922.625 0
001 3.60179 -37.5 28906 922.625 0
100 4.55899 -34.0 28915 922.625 0
101 4.79829 -36.5 29021 923.625 0
011 4.39946 -37.0 29158 923.625 0
001 3.17841 -37.5 29504 923.625 0
100 3.89018 -35.0 29514 923.625 0
101 5.10509 -37.0 29618 923.625 0
011 4.31355 -37.0 29762 923.625 0
001 4.99464 -37.0 40071 920.625 0
011 0.13499 -37.0 40076 920.625 0
101 0.77926 -36.0 40081 920.625 0
100 6.06843 -33.5 40087 920.625 0
001 4.85352 -36.5 40661 920.625 0
100 6.03161 -34.0 40675 920.625 0
101 0.63200 -35.5 40685 920.625 0
011 0.12885 -37.5 40699 920.625 0
001 4.87806 -36.5 41255 920.625 0
100 5.98866 -34.0 41274 920.625 0
101 0.81608 -36.0 41283 920.625 0
011 0.24544 -37.5 41306 920.625 0
001 4.86579 -36.5 41839 920.625 0
100 5.29530 -34.0 41877 921.625 0
101 0.14113 -36.5 41891 921.625 0
011 5.63278 -38.0 41910 921.625 0
001 4.27060 -36.5 42420 921.625 0
100 5.37507 -34.5 42472 921.625 0
101 6.23410 -36.5 42482 921.625 0
011 5.70641 -38.0 42515 921.625 0
001 4.38719 -36.0 43019 921.625 0
100 5.26462 -34.5 43055 921.625 0
101 0.39884 -36.0 43069 921.625 0
011 5.61437 -37.5 43111 921.625 0
001 4.31969 -37.0 43609 921.625 0
100 4.77375 -34.5 43668 922.625 0
101 5.47938 -37.0 43673 922.625 0
011 5.08054 -38.0 43726 922.625 0
001 3.73678 -36.0 44203 922.625 0
100 4.84124 -35.0 44258 922.625 0
101 5.48552 -37.0 44282 922.625 0
011 5.03759 -38.0 44328 922.625 0
001 3.47293 -36.5 44796 922.625 0
100 5.04986 -35.5 44841 922.625 0
101 5.49779 -37.0 44875 922.625 0
011 5.25235 -37.5 44921 922.625 0
001 3.71223 -37.0 45377 922.625 0
100 4.83511 -35.0 45444 922.625 0
101 4.94555 -37.5 45467 923.625 0
011 4.38105 -39.0 45539 923.625 0
001 2.83480 -36.5 45966 923.625 0
100 3.89018 -35.5 46033 923.625 0
101 5.01919 -37.5 46070 923.625 0
011 4.32583 -38.5 46142 923.625 0
001 2.92684 -36.5 46549 923.625 0
100 3.89018 -35.5 46628 923.625 0
101 4.93942 -38.0 46657 923.625 0
011 4.31355 -38.5 46751 923.625 0
001 2.81639 -36.5 47130 923.625 0
100 3.93313 -35.0 47239 923.625 0
101 5.07441 -37.5 47249 923.625 0
011 0.49087 -38.0 47375 920.625 0
001 5.01919 -37.0 47715 920.625 0
100 6.19115 -34.5 47833 920.625 0
101 0.60132 -36.0 47845 920.625 0
011 0.33134 -38.0 47979 920.625 0
001 5.11122 -36.5 48322 920.625 0
100 5.97025 -34.0 48423 920.625 0
101 0.58291 -35.5 48434 920.625 0
011 0.47860 -38.5 48572 920.625 0
001 5.09282 -36.5 48910 920.625 0
100 6.12365 -34.0 49014 920.625 0
101 0.61359 -36.0 49028 920.625 0
011 5.66959 -38.0 49188 921.625 0
001 4.38105 -37.0 49510 921.625 0
100 5.26462 -34.5 49611 921.625 0
101 0.02454 -36.0 49625 921.625 0
011 5.62664 -38.0 49799 921.625 0
