100 1.17196 -24.5 0 922.625 0
001 2.89616 -36.0 5 922.625 0
101 4.01903 -39.5 12 922.625 0
100 1.11674 -24.5 531 922.625 0
001 2.90843 -36.0 547 922.625 0
101 4.00062 -39.0 560 922.625 0
011 5.35666 -37.5 570 922.625 0
100 1.06765 -24.5 1065 922.625 0
001 3.01274 -36.0 1088 922.625 0
101 4.03130 -39.0 1108 922.625 0
011 5.30144 -38.0 1126 922.625 0
100 1.13515 -25.0 1590 922.625 0
001 2.99433 -36.5 1631 922.625 0
101 4.02517 -38.5 1651 922.625 0
011 5.30144 -38.0 1688 922.625 0
100 0.36202 -24.5 2116 923.625 0
001 2.15984 -36.0 2180 923.625 0
101 3.46680 -38.5 2190 923.625 0
011 4.93942 -38.0 2245 923.625 0
100 0.34975 -24.5 2655 923.625 0
001 2.21507 -36.0 2735 923.625 0
101 3.50975 -38.5 2741 923.625 0
011 4.89647 -38.0 2785 923.625 0
100 0.31907 -24.5 3197 923.625 0
001 2.15984 -36.0 3276 923.625 0
101 3.51588 -38.5 3300 923.625 0
011 4.93942 -38.0 3337 923.625 0
100 2.65072 -25.0 3735 920.625 0
001 4.62035 -37.0 3816 920.625 0
101 5.77390 -39.5 3852 920.625 0
011 0.01841 -39.0 3890 920.625 0
100 2.74276 -25.5 4275 920.625 0
001 4.65717 -37.0 4363 920.625 0
101 5.66346 -39.0 4403 920.625 0
011 6.26478 -39.0 4452 920.625 0
100 2.63845 -25.0 4813 920.625 0
001 4.66944 -37.5 4904 920.625 0
101 5.88435 -39.0 4940 920.625 0
011 0.07363 -39.0 5012 920.625 0
100 2.76117 -25.0 5357 920.625 0
001 4.22765 -37.0 5458 921.625 0
101 4.76761 -38.5 5481 921.625 0
011 5.87208 -38.5 5574 921.625 0
100 1.65670 -24.5 5890 921.625 0
001 4.36878 -36.5 6002 921.625 0
101 4.79829 -38.5 6032 921.625 0
011 5.95185 -39.0 6123 921.625 0
100 1.81623 -24.5 6431 921.625 0
001 4.04357 -36.5 6545 921.625 0
101 4.78602 -38.5 6581 921.625 0
011 0.03682 -39.0 6678 921.625 0
100 1.77942 -25.0 6961 921.625 0
001 3.87177 -37.0 7088 921.625 0
101 4.78602 -38.5 7138 921.625 0
011 5.34439 -39.5 7248 922.625 0
100 1.04311 -24.5 7504 922.625 0
001 3.36862 -36.5 7636 922.625 0
101 4.05585 -38.5 7686 922.625 0
100 1.02470 -25.0 8042 922.625 0
001 3.27658 -36.5 8181 922.625 0
101 4.05585 -38.0 8232 922.625 0
011 5.44870 -40.0 8351 922.625 0
100 1.19651 -25.0 8575 922.625 0
001 3.26431 -36.5 8741 922.625 0
101 4.07425 -38.5 8777 922.625 0
011 5.43643 -40.0 8905 922.625 0
100 0.34361 -24.5 9116 923.625 0
001 2.30097 -37.0 9286 923.625 0
101 3.69996 -38.0 9327 923.625 0
011 5.10509 -39.0 9456 923.625 0
100 0.52769 -24.5 9657 923.625 0
001 2.29484 -36.5 9849 923.625 0
101 3.71837 -38.0 9872 923.625 0
100 2.62618 -25.5 20031 920.625 0
001 4.72466 -38.5 20037 920.625 0
101 5.83526 -39.0 20043 920.625 0
011 0.14726 -40.5 20048 920.625 0
100 2.87161 -25.0 20577 920.625 0
001 4.72466 -38.5 20586 920.625 0
101 5.74322 -39.0 20596 920.625 0
011 0.30066 -40.5 20610 920.625 0
100 2.81639 -25.5 21119 920.625 0
001 4.71239 -38.5 21142 920.625 0
101 5.70027 -39.0 21152 920.625 0
011 0.31907 -40.5 21175 920.625 0
100 2.72435 -25.0 21670 920.625 0
001 4.70012 -38.5 21697 920.625 0
101 5.99480 -39.0 21703 920.625 0
011 0.34361 -40.5 21736 920.625 0
100 1.73033 -24.5 22212 921.625 0
001 3.93313 -38.0 22244 921.625 0
101 4.84738 -38.0 22254 921.625 0
011 6.00707 -41.5 22295 921.625 0
100 1.83464 -24.5 22749 921.625 0
001 4.41173 -38.0 22805 921.625 0
101 4.89033 -38.0 22810 921.625 0
011 6.06843 -42.0 22856 921.625 0
100 1.85918 -24.5 23293 921.625 0
001 4.36264 -38.0 23343 921.625 0
101 4.72466 -38.0 23361 921.625 0
011 6.01320 -41.5 23412 921.625 0
100 0.93266 -24.5 23840 922.625 0
001 3.58952 -38.0 23894 922.625 0
101 4.25833 -37.5 23912 922.625 0
011 5.52233 -42.0 23962 922.625 0
100 1.12901 -24.5 24374 922.625 0
001 3.32567 -37.5 24441 922.625 0
101 4.11107 -37.5 24459 922.625 0
011 5.56528 -41.5 24517 922.625 0
100 0.95720 -24.5 24902 922.625 0
001 3.39317 -38.0 24991 922.625 0
101 4.11107 -37.5 25005 922.625 0
011 5.52847 -42.0 25069 922.625 0
100 0.76085 -24.5 25445 923.625 0
001 2.30711 -37.5 25534 923.625 0
101 3.58338 -37.0 25554 923.625 0
011 5.16031 -41.5 25626 923.625 0
100 0.39270 -24.5 25978 923.625 0
001 2.32551 -37.5 26089 923.625 0
101 3.89631 -37.0 26104 923.625 0
011 5.30757 -41.0 26185 923.625 0
100 0.55223 -24.5 26518 923.625 0
001 2.29484 -38.0 26642 923.625 0
101 3.54043 -37.0 26656 923.625 0
011 5.18486 -41.5 26739 923.625 0
100 0.73631 -24.5 27060 923.625 0
001 2.38687 -38.0 27185 923.625 0
101 3.42385 -37.0 27204 923.625 0
011 0.15953 -41.0 27301 920.625 0
100 2.66299 -25.0 27592 920.625 0
001 4.68171 -38.5 27733 920.625 0
101 5.99480 -38.5 27765 920.625 0
011 0.39884 -41.0 27875 920.625 0
100 2.67526 -25.0 28131 920.625 0
001 4.70012 -38.0 28277 920.625 0
101 5.76163 -38.5 28317 920.625 0
011 0.18408 -41.0 28451 920.625 0
100 2.75503 -25.0 28665 920.625 0
001 4.68171 -38.5 28823 920.625 0
101 5.93344 -38.5 28867 920.625 0
011 6.06229 -42.0 29013 921.625 0
100 1.86532 -24.5 29200 921.625 0
001 4.24606 -38.0 29363 921.625 0
101 4.88419 -38.0 29416 921.625 0
011 5.97025 -42.0 29578 921.625 0
100 1.73033 -24.5 29741 921.625 0
001 4.08039 -38.0 29906 921.625 0
101 4.85965 -38.0 29973 921.625 0
100 1.02470 -24.5 40064 922.625 0
101 4.17243 -37.0 40069 922.625 0
001 3.41771 -38.0 40074 922.625 0
011 5.79845 -44.0 40079 922.625 0
100 1.06151 -25.0 40608 922.625 0
001 3.18454 -38.0 40617 922.625 0
101 4.16629 -37.0 40627 922.625 0
011 5.79845 -44.5 40646 922.625 0
100 1.18423 -24.5 41151 922.625 0
001 3.28885 -38.0 41164 922.625 0
101 4.23992 -37.0 41182 922.625 0
011 5.67573 -44.5 41214 922.625 0
100 1.03084 -24.5 41697 922.625 0
001 3.16000 -38.0 41710 922.625 0
101 4.33196 -36.5 41731 922.625 0
011 5.58369 -45.5 41801 922.625 0
100 0.47247 -24.5 42246 923.625 0
001 2.19052 -38.0 42268 923.625 0
101 3.72451 -36.0 42277 923.625 0
011 5.30144 -44.5 42363 923.625 0
100 0.47860 -24.5 42794 923.625 0
001 2.21507 -38.0 42824 923.625 0
101 3.49134 -36.0 42834 923.625 0
011 5.41802 -44.0 42930 923.625 0
100 0.30680 -24.5 43332 923.625 0
001 2.23961 -38.0 43378 923.625 0
101 3.55884 -36.0 43388 923.625 0
011 5.43643 -44.0 43486 923.625 0
100 2.76117 -25.5 43875 920.625 0
001 4.55899 -39.0 43938 920.625 0
101 5.69414 -38.5 43950 920.625 0
011 0.12885 -44.0 44052 920.625 0
100 2.97592 -25.5 44424 920.625 0
001 4.52831 -39.0 44478 920.625 0
101 5.79845 -38.5 44505 920.625 0
011 0.09204 -44.0 44608 920.625 0
100 2.64458 -25.5 44967 920.625 0
001 4.52218 -38.5 45025 920.625 0
101 5.86594 -38.5 45049 920.625 0
011 0.38656 -44.0 45175 920.625 0
100 1.66897 -24.5 45505 921.625 0
001 3.73064 -38.5 45576 921.625 0
101 4.82284 -37.5 45605 921.625 0
011 6.03161 -45.0 45738 921.625 0
100 1.87146 -25.0 46056 921.625 0
001 3.98221 -39.0 46146 921.625 0
101 4.93328 -37.5 46160 921.625 0
011 6.13592 -45.0 46301 921.625 0
100 1.67511 -25.0 46607 921.625 0
001 4.07425 -38.5 46690 921.625 0
101 4.92101 -37.5 46723 921.625 0
011 6.11752 -45.5 46859 921.625 0
100 1.74874 -25.0 47156 921.625 0
001 2.96979 -39.0 47253 922.625 0
101 4.39332 -36.5 47286 922.625 0
011 5.93957 -46.0 47427 922.625 0
100 1.29468 -25.0 47697 922.625 0
001 2.97592 -38.5 47808 922.625 0
101 4.28287 -36.5 47836 922.625 0
011 5.81072 -46.0 48005 922.625 0
100 1.16583 -24.5 48236 922.625 0
001 2.94524 -38.5 48378 922.625 0
101 4.28287 -36.5 48388 922.625 0
011 5.89662 -45.5 48568 922.625 0
100 1.26400 -25.0 48776 922.625 0
001 2.96979 -38.5 48923 922.625 0
101 4.22152 -36.5 48937 922.625 0
011 5.50392 -45.0 49139 923.625 0
100 0.35588 -25.0 49314 923.625 0
001 2.14144 -38.0 49484 923.625 0
101 3.73064 -36.0 49500 923.625 0
011 5.53460 -45.5 49703 923.625 0
100 0.42951 -24.5 49869 923.625 0
001 2.14757 -38.0 50028 923.625 0
101 3.54656 -36.0 50051 923.625 0
