100 3.17227 -28.0 0 920.625 0
011 0.43565 -26.5 5 920.625 0
001 3.57111 -37.5 12 920.625 0
101 3.63247 -37.0 17 920.625 0
100 3.13546 -28.0 512 920.625 0
011 0.43565 -26.5 522 920.625 0
001 3.57724 -37.5 527 920.625 0
101 3.55884 -36.5 537 920.625 0
100 3.17227 -28.0 1023 920.625 0
001 3.60179 -37.5 1037 920.625 0
011 0.39270 -26.5 1042 920.625 0
101 3.58952 -37.0 1051 920.625 0
100 3.18454 -28.0 1532 920.625 0
001 3.54043 -38.0 1546 920.625 0
101 3.58952 -37.0 1560 920.625 0
011 0.41111 -27.0 1574 920.625 0
100 2.35006 -27.5 2040 921.625 0
001 3.03115 -38.0 2063 921.625 0
101 2.81025 -37.5 2077 921.625 0
011 6.05616 -27.0 2091 921.625 0
100 2.38687 -28.0 2548 921.625 0
001 2.85934 -38.5 2566 921.625 0
101 2.93297 -38.0 2593 921.625 0
011 6.01934 -27.0 2613 921.625 0
100 2.40528 -28.0 3057 921.625 0
001 2.85934 -38.5 3071 921.625 0
101 2.86548 -38.0 3094 921.625 0
011 6.02548 -27.0 3148 921.625 0
001 2.87161 -39.0 3571 921.625 0
100 1.65056 -27.5 3594 922.625 0
101 2.15984 -39.0 3607 922.625 0
011 5.44256 -27.5 3658 922.625 0
001 2.36847 -39.0 4076 922.625 0
100 1.57080 -28.0 4125 922.625 0
101 2.31324 -39.0 4139 922.625 0
011 5.46097 -27.5 4171 922.625 0
001 2.35619 -38.5 4584 922.625 0
100 1.61375 -27.5 4635 922.625 0
101 2.35619 -39.0 4649 922.625 0
011 5.46097 -27.5 4700 922.625 0
001 2.47278 -39.5 5085 922.625 0
100 1.65056 -27.5 5157 922.625 0
101 2.26416 -39.5 5175 922.625 0
011 5.44870 -27.5 5230 922.625 0
001 1.73647 -39.0 5589 923.625 0
100 0.99402 -28.0 5669 923.625 0
101 1.41740 -41.0 5692 923.625 0
011 4.65103 -27.5 5772 923.625 0
001 1.68124 -41.5 6106 923.625 0
100 1.31309 -28.0 6177 923.625 0
101 1.54625 -40.0 6200 923.625 0
011 4.71239 -29.0 6289 923.625 0
001 2.06781 -39.5 6608 923.625 0
100 0.96948 -28.0 6694 923.625 0
101 1.40513 -43.0 6712 923.625 0
011 4.79216 -28.0 6824 923.625 0
001 1.87759 -41.5 7111 923.625 0
100 3.55884 -29.5 7213 920.625 0
101 3.55270 -39.0 7228 920.625 0
011 0.60132 -27.5 7344 920.625 0
001 3.51588 -41.5 7618 920.625 0
100 3.41771 -30.5 7735 920.625 0
101 3.46066 -37.5 7740 920.625 0
011 0.71177 -28.0 7866 920.625 0
001 3.49748 -42.0 8127 920.625 0
100 3.49134 -30.0 8247 920.625 0
101 3.46066 -38.5 8262 920.625 0
011 0.71790 -28.0 8381 920.625 0
001 3.60179 -44.0 8622 920.625 0
100 3.40544 -30.0 8760 920.625 0
101 3.54043 -39.0 8774 920.625 0
011 0.51542 -27.5 8907 920.625 0
001 3.70610 -46.0 9127 921.625 0
100 2.54641 -29.0 9291 921.625 0
101 2.88388 -40.5 9296 921.625 0
011 6.08070 -28.0 9430 921.625 0
001 3.60179 -43.5 9631 921.625 0
101 2.83480 -42.0 9810 921.625 0
100 2.38687 -29.0 9815 921.625 0
011 6.21569 -28.0 9960 921.625 0
001 3.25204 -36.5 20028 922.625 0
011 5.94571 -29.5 20034 922.625 0
100 1.60761 -29.0 20039 922.625 0
101 2.11076 -45.0 20044 922.625 0
001 3.15386 -36.5 20545 922.625 0
011 5.87821 -29.5 20556 922.625 0
101 2.07394 -45.0 20566 922.625 0
100 1.61988 -29.0 20571 922.625 0
001 3.18454 -36.5 21053 922.625 0
011 5.83526 -29.5 21080 922.625 0
100 1.63216 -29.0 21090 922.625 0
101 2.07394 -45.5 21095 922.625 0
001 3.16614 -36.0 21560 922.625 0
011 5.85981 -29.5 21609 922.625 0
100 1.59534 -29.0 21620 922.625 0
101 2.05553 -45.5 21630 922.625 0
001 2.82252 -35.0 22088 923.625 0
011 5.06214 -29.5 22128 923.625 0
100 0.82835 -28.5 22146 923.625 0
101 1.28854 -47.0 22156 923.625 0
001 2.76730 -35.0 22595 923.625 0
100 1.04311 -28.5 22653 923.625 0
011 4.94555 -29.5 22663 923.625 0
101 1.25786 -47.0 22688 923.625 0
001 2.60163 -34.5 23098 923.625 0
100 0.97561 -29.0 23183 923.625 0
011 5.03759 -29.5 23192 923.625 0
101 1.31309 -47.0 23220 923.625 0
001 4.79216 -37.0 23618 920.625 0
100 3.11091 -30.5 23690 920.625 0
011 0.93266 -29.0 23722 920.625 0
101 3.55270 -44.0 23745 920.625 0
001 4.79216 -36.5 24135 920.625 0
100 3.14159 -30.5 24202 920.625 0
011 0.85289 -29.5 24244 920.625 0
101 3.49748 -44.0 24276 920.625 0
001 4.79216 -36.0 24639 920.625 0
100 3.12318 -30.5 24720 920.625 0
011 1.02470 -29.5 24768 920.625 0
101 3.64474 -44.0 24804 920.625 0
001 4.82897 -36.0 25147 920.625 0
100 3.11705 -31.0 25253 920.625 0
011 0.72404 -29.5 25286 920.625 0
101 3.54656 -44.0 25331 920.625 0
001 4.00676 -35.0 25660 921.625 0
100 2.31324 -30.5 25772 921.625 0
011 0.02454 -30.0 25809 921.625 0
101 2.79798 -45.5 25849 921.625 0
001 3.96994 -35.0 26168 921.625 0
100 2.27029 -30.5 26283 921.625 0
011 0.06136 -30.0 26334 921.625 0
101 2.76117 -45.5 26380 921.625 0
001 4.03130 -34.5 26672 921.625 0
100 2.23348 -30.5 26791 921.625 0
011 0.19635 -30.0 26857 921.625 0
101 2.73662 -46.0 26909 921.625 0
001 4.04357 -34.5 27177 921.625 0
100 1.48489 -30.0 27300 922.625 0
011 6.00093 -30.0 27373 922.625 0
101 1.96350 -47.0 27442 922.625 0
001 3.22136 -34.0 27690 922.625 0
100 1.43581 -30.0 27817 922.625 0
011 6.05616 -30.5 27897 922.625 0
101 2.04326 -47.5 27965 922.625 0
001 3.23363 -33.5 28206 922.625 0
100 1.39285 -30.0 28328 922.625 0
011 5.74322 -30.5 28424 922.625 0
101 2.00645 -47.5 28495 922.625 0
001 3.20909 -33.5 28728 922.625 0
100 1.52171 -30.0 28852 922.625 0
011 5.94571 -30.5 28951 922.625 0
101 1.32536 -49.0 29028 923.625 0
001 2.53414 -33.0 29241 923.625 0
100 0.66268 -29.5 29369 923.625 0
011 5.05600 -30.0 29474 923.625 0
101 1.21491 -49.5 29559 923.625 0
001 2.85320 -32.5 29752 923.625 0
100 0.88971 -29.0 29883 923.625 0
011 5.07441 -30.5 29999 923.625 0
101 3.23363 -50.0 40064 920.625 0
100 3.11091 -30.0 40071 920.625 0
001 4.79829 -32.5 40076 920.625 0
011 0.96334 -30.0 40081 920.625 0
001 4.79216 -32.5 40585 920.625 0
100 2.67526 -30.0 40595 920.625 0
101 3.27658 -50.0 40600 920.625 0
011 0.77926 -30.5 40614 920.625 0
001 4.74307 -32.5 41090 920.625 0
100 2.73049 -30.0 41121 920.625 0
101 3.23977 -49.5 41130 920.625 0
011 1.06765 -30.5 41144 920.625 0
001 4.81670 -32.0 41601 920.625 0
100 2.69981 -30.0 41641 920.625 0
101 3.28885 -50.0 41660 920.625 0
011 0.76085 -30.5 41670 920.625 0
001 4.00062 -32.0 42116 921.625 0
100 1.95122 -29.5 42153 921.625 0
011 0.22703 -31.0 42195 921.625 0
001 3.98835 -32.0 42625 921.625 0
100 2.06781 -29.0 42680 921.625 0
101 2.47278 -51.5 42689 921.625 0
011 0.20249 -30.5 42737 921.625 0
001 3.96381 -32.0 43133 921.625 0
100 1.95122 -29.5 43196 921.625 0
011 0.35588 -30.5 43264 921.625 0
001 3.12932 -31.5 43654 922.625 0
100 1.14128 -29.0 43714 922.625 0
011 6.00093 -31.0 43794 922.625 0
001 3.18454 -31.5 44171 922.625 0
100 1.36831 -28.5 44230 922.625 0
011 5.90276 -30.5 44333 922.625 0
001 3.16000 -31.5 44678 922.625 0
100 1.57693 -29.0 44753 922.625 0
011 5.79231 -30.5 44865 922.625 0
001 3.12318 -31.5 45194 922.625 0
100 1.21491 -28.5 45273 922.625 0
011 5.85367 -30.5 45394 922.625 0
001 2.77957 -31.0 45699 923.625 0
100 0.52769 -28.0 45792 923.625 0
101 1.22105 -54.5 45803 923.625 0
011 5.17258 -30.5 45921 923.625 0
001 2.42369 -31.0 46206 923.625 0
100 0.51542 -28.0 46305 923.625 0
011 5.09895 -30.5 46442 923.625 0
001 2.67526 -31.0 46726 923.625 0
100 0.49087 -28.0 46813 923.625 0
011 5.15418 -30.5 46977 923.625 0
001 4.73080 -32.0 47248 920.625 0
100 2.76730 -29.5 47324 920.625 0
101 3.17841 -50.0 47333 920.625 0
011 0.82835 -30.0 47510 920.625 0
001 4.74920 -32.0 47755 920.625 0
100 2.66299 -29.5 47839 920.625 0
011 0.93266 -30.0 48030 920.625 0
001 4.73080 -32.0 48269 920.625 0
101 3.22136 -50.5 48279 920.625 0
100 2.68753 -29.5 48370 920.625 0
011 0.99402 -30.5 48560 920.625 0
001 4.74920 -32.0 48780 920.625 0
100 2.67526 -29.5 48886 920.625 0
011 0.22089 -30.5 49089 921.625 0
001 3.92085 -32.0 49291 921.625 0
100 2.33779 -29.0 49405 921.625 0
011 0.39884 -30.5 49616 921.625 0
001 3.92699 -31.5 49805 921.625 0
100 1.98190 -29.0 49933 921.625 0
