001 2.35619 -27.5 0 922.625 0
011 3.59565 -23.5 5 922.625 0
100 1.95122 -28.5 10 922.625 0
101 1.95736 -34.0 15 922.625 0
001 2.36847 -27.5 469 922.625 0
101 1.86532 -34.5 491 922.625 0
011 3.73064 -23.5 501 922.625 0
100 1.88373 -29.0 506 922.625 0
001 2.38074 -27.5 945 922.625 0
101 1.86532 -34.0 981 922.625 0
100 1.90827 -29.0 995 922.625 0
011 3.52202 -23.5 1005 922.625 0
001 2.35619 -27.5 1415 922.625 0
101 1.95122 -34.0 1462 922.625 0
100 2.01258 -29.0 1485 922.625 0
011 3.62019 -23.5 1499 922.625 0
001 1.58307 -28.0 1892 923.625 0
101 1.14128 -34.5 1950 923.625 0
100 1.18423 -29.0 1978 923.625 0
011 2.87161 -23.5 2000 923.625 0
001 1.60148 -27.5 2366 923.625 0
101 1.22105 -34.5 2429 923.625 0
100 1.22718 -29.0 2466 923.625 0
011 2.89616 -23.5 2493 923.625 0
001 1.58307 -27.5 2838 923.625 0
101 1.07379 -34.5 2918 923.625 0
100 1.14742 -30.0 2959 923.625 0
011 2.97592 -23.5 3001 923.625 0
001 1.57693 -27.5 3320 923.625 0
101 1.13515 -31.5 3411 923.625 0
100 0.11658 -30.5 3453 923.625 0
011 3.68155 -24.0 3495 923.625 0
001 3.98835 -26.5 3813 920.625 0
101 3.49134 -31.0 3893 920.625 0
100 2.35619 -31.0 3943 920.625 0
011 5.93344 -23.0 3984 920.625 0
001 4.04971 -26.0 4284 920.625 0
101 3.25818 -31.0 4379 920.625 0
100 2.34392 -30.5 4434 920.625 0
011 5.92730 -23.5 4471 920.625 0
001 3.90858 -26.5 4773 920.625 0
101 3.31953 -31.0 4857 920.625 0
100 2.33779 -30.5 4925 920.625 0
011 5.87821 -23.5 4952 920.625 0
001 3.93313 -26.0 5262 920.625 0
101 3.46066 -31.0 5333 920.625 0
100 1.59534 -30.0 5426 921.625 0
011 5.15418 -23.5 5459 921.625 0
001 3.06183 -27.0 5733 921.625 0
101 2.81639 -31.0 5811 921.625 0
100 1.55852 -30.0 5928 921.625 0
011 5.16645 -23.5 5947 921.625 0
001 3.10478 -27.0 6220 921.625 0
101 2.74889 -30.5 6290 921.625 0
100 1.55852 -30.0 6415 921.625 0
011 5.23394 -23.5 6438 921.625 0
001 3.08023 -27.0 6691 921.625 0
101 2.88388 -30.5 6768 921.625 0
100 1.59534 -30.0 6916 921.625 0
011 5.20326 -23.5 6935 921.625 0
001 2.35006 -27.5 7183 922.625 0
101 1.92668 -30.5 7251 922.625 0
100 0.79767 -30.0 7418 922.625 0
011 4.41786 -24.0 7427 922.625 0
001 2.32551 -27.5 7659 922.625 0
101 1.90214 -31.0 7730 922.625 0
100 0.80381 -30.0 7911 922.625 0
011 4.47922 -24.0 7921 922.625 0
001 2.35619 -27.5 8134 922.625 0
101 1.69965 -30.5 8219 922.625 0
100 0.99402 -29.5 8399 922.625 0
011 4.49150 -24.0 8422 922.625 0
001 2.35619 -27.5 8613 922.625 0
101 1.79169 -30.5 8694 922.625 0
100 0.82835 -29.5 8889 922.625 0
011 4.48536 -24.0 8925 922.625 0
001 1.60148 -27.5 9090 923.625 0
101 1.15969 -30.5 9172 923.625 0
100 0.09817 -29.5 9383 923.625 0
011 3.88404 -24.5 9423 923.625 0
001 1.61375 -27.5 9571 923.625 0
101 1.20264 -30.5 9660 923.625 0
100 0.17794 -29.5 9874 923.625 0
011 3.85336 -24.5 9913 923.625 0
011 6.23410 -27.5 20046 920.625 0
101 3.69383 -30.5 20051 920.625 0
100 3.48520 -31.5 20057 920.625 0
001 3.90245 -36.0 20062 920.625 0
101 3.66315 -30.5 20539 920.625 0
001 3.87177 -36.5 20549 920.625 0
100 3.45452 -32.0 20554 920.625 0
011 6.24023 -28.0 20570 920.625 0
101 3.60179 -30.5 21024 920.625 0
001 3.84722 -36.5 21033 920.625 0
100 3.87177 -32.0 21043 920.625 0
011 0.00000 -28.0 21065 920.625 0
101 3.63860 -30.5 21507 920.625 0
001 3.86563 -37.0 21517 920.625 0
100 3.38089 -33.0 21545 920.625 0
011 0.01227 -28.5 21559 920.625 0
101 2.85934 -31.0 21998 921.625 0
001 3.09251 -37.0 22008 921.625 0
100 2.32551 -33.5 22040 921.625 0
011 5.64505 -28.5 22058 921.625 0
101 2.84093 -31.0 22492 921.625 0
001 3.08637 -37.0 22501 921.625 0
100 2.25802 -33.5 22552 921.625 0
011 5.62051 -28.5 22562 921.625 0
101 2.84707 -31.0 22984 921.625 0
001 3.17227 -37.0 22994 921.625 0
100 2.15984 -33.5 23048 921.625 0
011 5.87208 -28.5 23070 921.625 0
101 2.83480 -31.0 23481 921.625 0
001 3.12318 -37.0 23495 921.625 0
100 2.01258 -33.0 23558 921.625 0
011 5.85367 -29.0 23576 921.625 0
101 2.08621 -31.0 23970 922.625 0
001 2.32551 -37.5 23988 922.625 0
100 1.15355 -32.5 24046 922.625 0
011 5.21553 -29.0 24082 922.625 0
101 2.09235 -31.0 24457 922.625 0
001 2.30711 -38.0 24480 922.625 0
100 1.08606 -32.5 24540 922.625 0
011 5.24008 -29.0 24585 922.625 0
101 2.03099 -30.5 24952 922.625 0
001 2.30097 -38.0 24975 922.625 0
100 0.97561 -32.5 25035 922.625 0
011 5.25849 -29.0 25080 922.625 0
101 1.28241 -31.0 25438 923.625 0
001 1.53398 -38.0 25461 923.625 0
100 0.47860 -32.0 25533 923.625 0
011 4.68785 -30.0 25582 923.625 0
101 1.28241 -30.5 25924 923.625 0
001 1.47876 -38.0 25963 923.625 0
100 0.28839 -31.5 26039 923.625 0
011 4.71852 -30.0 26081 923.625 0
101 1.30082 -30.5 26413 923.625 0
001 1.69351 -38.0 26450 923.625 0
100 0.00000 -31.0 26541 923.625 0
011 4.98851 -30.0 26595 923.625 0
101 1.27627 -30.5 26902 923.625 0
001 1.44808 -38.5 26959 923.625 0
100 6.27091 -30.5 27040 923.625 0
011 5.04986 -30.0 27093 923.625 0
101 3.49134 -31.0 27386 920.625 0
001 3.71837 -38.0 27466 920.625 0
100 2.39301 -31.0 27542 920.625 0
011 0.77926 -31.0 27604 920.625 0
101 3.50975 -31.0 27878 920.625 0
001 3.68155 -38.0 27953 920.625 0
100 2.36847 -30.5 28033 920.625 0
011 0.82221 -32.0 28109 920.625 0
101 3.62019 -31.0 28365 920.625 0
001 3.61406 -38.0 28465 920.625 0
100 2.36847 -30.5 28522 920.625 0
011 1.11060 -32.0 28615 920.625 0
101 3.60179 -31.0 28843 920.625 0
001 3.62019 -38.0 28945 920.625 0
100 1.58920 -30.0 29029 921.625 0
011 0.39270 -31.0 29115 921.625 0
101 2.76730 -30.5 29336 921.625 0
001 2.81025 -38.0 29436 921.625 0
100 2.01872 -29.5 29521 921.625 0
011 0.45406 -31.5 29615 921.625 0
101 2.75503 -31.0 29830 921.625 0
001 2.80412 -38.5 29941 921.625 0
100 1.57080 -30.0 30013 921.625 0
100 0.94493 -32.0 40079 922.625 0
011 0.77926 -33.0 40084 922.625 0
101 2.05553 -31.5 40089 922.625 0
001 1.76715 -36.0 40094 922.625 0
100 0.79767 -32.0 40576 922.625 0
011 0.79767 -33.0 40590 922.625 0
001 1.71806 -36.0 40599 922.625 0
101 2.08008 -31.5 40604 922.625 0
100 0.75472 -32.5 41083 922.625 0
001 1.77942 -35.5 41092 922.625 0
101 2.08008 -31.5 41109 922.625 0
011 0.79153 -33.0 41119 922.625 0
100 0.76699 -32.5 41589 922.625 0
001 1.99418 -35.5 41600 922.625 0
101 2.08008 -32.0 41610 922.625 0
011 0.80994 -33.0 41633 922.625 0
100 6.20955 -32.5 42086 923.625 0
001 1.16583 -35.5 42102 923.625 0
101 1.33763 -31.5 42116 923.625 0
011 0.11045 -31.5 42143 923.625 0
100 6.22183 -33.0 42595 923.625 0
001 1.28241 -35.5 42600 923.625 0
101 1.30082 -32.0 42615 923.625 0
011 0.11045 -32.0 42644 923.625 0
100 6.22183 -33.0 43091 923.625 0
001 1.17810 -35.5 43100 923.625 0
101 1.30082 -32.0 43116 923.625 0
011 0.12272 -32.0 43148 923.625 0
100 6.21569 -33.0 43591 923.625 0
001 1.17196 -35.5 43596 923.625 0
101 1.31922 -32.0 43614 923.625 0
011 2.35619 -35.0 43671 920.625 0
001 3.28885 -35.0 44093 920.625 0
100 2.35006 -33.0 44098 920.625 0
101 3.60792 -32.0 44112 920.625 0
011 2.51573 -35.0 44179 920.625 0
001 3.42385 -35.0 44579 920.625 0
100 2.50346 -33.0 44597 920.625 0
101 3.78586 -32.0 44607 920.625 0
011 2.33779 -35.0 44689 920.625 0
001 3.26431 -35.0 45077 920.625 0
100 2.45437 -33.5 45091 920.625 0
101 3.60792 -32.5 45110 920.625 0
011 2.50959 -34.5 45191 920.625 0
001 2.63845 -35.0 45574 921.625 0
100 1.55852 -33.5 45601 921.625 0
101 2.79798 -32.0 45606 921.625 0
011 1.61375 -33.5 45697 921.625 0
001 2.63845 -35.0 46069 921.625 0
101 2.84707 -32.5 46092 921.625 0
100 1.56466 -33.5 46110 921.625 0
011 1.65670 -33.5 46211 921.625 0
001 2.91456 -35.0 46553 921.625 0
101 2.87161 -32.5 46586 921.625 0
100 1.55852 -34.0 46614 921.625 0
011 1.66897 -33.0 46725 921.625 0
001 3.10478 -35.0 47044 921.625 0
101 2.81025 -32.5 47076 921.625 0
100 1.54625 -34.0 47117 921.625 0
011 1.69351 -33.5 47229 921.625 0
001 1.85918 -35.0 47533 922.625 0
101 2.08008 -32.5 47565 922.625 0
100 1.12901 -34.0 47628 922.625 0
011 1.04924 -32.0 47736 922.625 0
001 1.87146 -35.0 48029 922.625 0
101 2.06167 -32.5 48056 922.625 0
100 0.76699 -34.0 48138 922.625 0
011 1.17196 -32.0 48236 922.625 0
001 1.74874 -34.5 48531 922.625 0
101 2.07394 -32.5 48552 922.625 0
100 0.75472 -35.0 48645 922.625 0
011 1.01856 -32.0 48742 922.625 0
001 1.69965 -35.0 49029 922.625 0
101 2.11076 -32.5 49039 922.625 0
100 6.25251 -35.0 49154 923.625 0
011 0.26384 -31.5 49244 923.625 0
001 1.08606 -35.0 49517 923.625 0
101 1.31309 -32.5 49535 923.625 0
100 6.19115 -35.5 49660 923.625 0
011 0.27612 -31.0 49746 923.625 0
001 1.25173 -35.0 50002 923.625 0
101 1.28241 -32.5 50027 923.625 0
