001 4.32583 -40.5 0 920.625 0
011 5.11736 -48.5 6 920.625 0
101 5.12350 -47.0 11 920.625 0
001 4.35651 -41.0 470 920.625 0
100 5.45484 -56.0 480 920.625 0
101 5.13577 -46.5 489 920.625 0
011 5.19099 -48.5 516 920.625 0
001 4.17856 -41.0 937 920.625 0
101 5.13577 -46.5 969 920.625 0
011 5.14190 -49.0 1011 920.625 0
001 4.11720 -40.0 1414 920.625 0
101 5.14804 -45.5 1441 920.625 0
011 5.03759 -49.0 1508 920.625 0
001 3.49134 -40.5 1899 921.625 0
101 4.41786 -44.5 1909 921.625 0
011 4.74307 -51.5 2026 921.625 0
001 3.53429 -40.0 2366 921.625 0
101 4.40559 -45.0 2384 921.625 0
011 4.70012 -51.5 2529 921.625 0
001 3.52202 -40.0 2829 921.625 0
101 4.60194 -44.5 2863 921.625 0
011 4.75534 -51.0 3029 921.625 0
001 3.48520 -40.0 3291 921.625 0
101 4.52218 -44.5 3331 921.625 0
011 4.65717 -51.0 3530 921.625 0
100 3.91472 -56.5 3590 922.625 0
001 2.79798 -39.5 3756 922.625 0
101 3.66315 -44.0 3796 922.625 0
100 3.92699 -56.5 4022 922.625 0
011 4.22152 -50.5 4041 922.625 0
001 2.77957 -39.5 4221 922.625 0
101 3.78586 -44.0 4272 922.625 0
011 4.50377 -50.5 4545 922.625 0
100 3.88404 -56.5 4554 922.625 0
001 2.76117 -39.5 4696 922.625 0
101 3.70610 -43.5 4741 922.625 0
100 3.76132 -56.5 5031 922.625 0
011 4.26447 -50.5 5050 922.625 0
001 2.79798 -39.5 5166 922.625 0
101 3.79814 -43.0 5215 922.625 0
100 3.03728 -56.0 5481 923.625 0
011 3.87177 -49.5 5554 923.625 0
001 2.10462 -39.5 5630 923.625 0
101 2.91456 -42.5 5683 923.625 0
100 2.99433 -56.0 6041 923.625 0
011 3.88404 -49.5 6051 923.625 0
001 2.08008 -39.0 6106 923.625 0
101 2.93911 -42.5 6156 923.625 0
100 2.96365 -56.0 6546 923.625 0
001 2.04326 -39.0 6560 923.625 0
011 3.81041 -49.0 6565 923.625 0
101 2.95138 -43.0 6621 923.625 0
001 2.11689 -38.5 7035 923.625 0
100 2.97592 -56.0 7045 923.625 0
011 3.84722 -49.5 7077 923.625 0
101 2.98206 -42.0 7086 923.625 0
001 4.00676 -38.5 7505 920.625 0
101 5.31985 -43.0 7569 920.625 0
100 5.20940 -56.5 7580 920.625 0
011 5.43643 -49.0 7594 920.625 0
001 3.96381 -38.0 7968 920.625 0
101 5.30757 -42.0 8032 920.625 0
100 5.11736 -56.0 8073 920.625 0
011 5.07441 -48.5 8101 920.625 0
001 3.95153 -38.0 8429 920.625 0
101 5.35052 -42.5 8493 920.625 0
100 5.12963 -56.0 8567 920.625 0
011 5.04373 -48.0 8599 920.625 0
001 3.92085 -38.0 8887 920.625 0
101 5.36280 -42.0 8953 920.625 0
100 4.43014 -56.5 9055 921.625 0
011 4.49150 -49.0 9097 921.625 0
001 3.27045 -38.0 9358 921.625 0
101 4.63262 -41.5 9419 921.625 0
100 4.35037 -56.5 9544 921.625 0
011 4.50990 -49.0 9595 921.625 0
001 3.19068 -37.5 9823 921.625 0
101 4.62035 -41.0 9891 921.625 0
101 4.73693 -34.0 20049 922.625 0
011 2.85320 -41.5 20054 922.625 0
001 1.34377 -39.5 20063 922.625 0
100 1.11674 -38.5 20068 922.625 0
101 4.72466 -34.0 20516 922.625 0
001 1.32536 -39.5 20530 922.625 0
100 1.10447 -38.5 20547 922.625 0
011 2.85320 -42.0 20552 922.625 0
101 4.71852 -34.0 20980 922.625 0
001 1.36831 -39.5 20998 922.625 0
011 2.83480 -42.0 21029 922.625 0
100 1.12901 -38.5 21039 922.625 0
101 4.72466 -34.0 21445 922.625 0
001 1.34990 -39.5 21481 922.625 0
100 1.34377 -38.5 21519 922.625 0
011 2.86548 -42.5 21529 922.625 0
101 3.94540 -34.0 21916 923.625 0
001 0.76085 -39.5 21957 923.625 0
100 0.22089 -39.0 22002 923.625 0
011 1.94509 -46.5 22020 923.625 0
101 3.93313 -34.5 22379 923.625 0
001 0.73631 -39.5 22428 923.625 0
100 0.16567 -39.5 22473 923.625 0
011 1.77328 -46.0 22505 923.625 0
101 3.92699 -34.0 22839 923.625 0
001 0.77313 -39.5 22889 923.625 0
100 0.17181 -39.0 22945 923.625 0
011 1.95122 -47.5 22995 923.625 0
101 3.93926 -34.0 23304 923.625 0
001 0.76699 -39.5 23350 923.625 0
100 0.15953 -39.0 23425 923.625 0
011 1.75487 -46.5 23488 923.625 0
101 6.25864 -33.5 23787 920.625 0
001 2.93911 -41.0 23827 920.625 0
100 2.42369 -39.0 23904 920.625 0
011 4.31969 -39.0 23985 920.625 0
101 6.26478 -33.5 24254 920.625 0
001 2.60777 -41.0 24292 920.625 0
100 2.38687 -39.0 24385 920.625 0
011 4.30128 -39.0 24465 920.625 0
101 6.25864 -33.5 24717 920.625 0
001 2.68753 -41.0 24755 920.625 0
100 2.38074 -39.0 24864 920.625 0
011 4.30128 -39.5 24951 920.625 0
101 6.27705 -33.5 25180 920.625 0
001 2.63845 -41.0 25212 920.625 0
100 2.36233 -39.0 25339 920.625 0
011 3.48520 -42.0 25438 921.625 0
101 5.50392 -34.0 25651 921.625 0
001 2.07394 -40.5 25674 921.625 0
100 1.64443 -39.5 25821 921.625 0
011 3.57111 -42.5 25927 921.625 0
101 5.50392 -33.5 26126 921.625 0
001 2.11689 -40.5 26144 921.625 0
100 1.61375 -39.5 26293 921.625 0
011 3.31953 -42.5 26423 921.625 0
101 5.49779 -33.5 26591 921.625 0
001 1.95122 -40.5 26625 921.625 0
100 1.60761 -39.0 26770 921.625 0
011 3.39930 -43.0 26921 921.625 0
101 5.49165 -33.5 27076 921.625 0
001 1.92054 -41.0 27085 921.625 0
100 0.85289 -39.5 27252 922.625 0
011 2.60777 -46.5 27402 922.625 0
001 1.30695 -40.0 27545 922.625 0
101 4.68171 -34.0 27550 922.625 0
100 0.95720 -39.0 27722 922.625 0
011 2.74889 -46.5 27897 922.625 0
001 1.31309 -40.0 28010 922.625 0
101 4.70012 -34.0 28020 922.625 0
100 1.12287 -39.5 28205 922.625 0
011 2.55868 -47.0 28394 922.625 0
001 1.37445 -40.0 28477 922.625 0
101 4.68171 -33.5 28482 922.625 0
100 0.81608 -39.5 28682 922.625 0
011 2.73662 -47.5 28899 922.625 0
001 1.32536 -40.0 28948 922.625 0
101 4.68785 -34.0 28962 922.625 0
100 0.03682 -39.5 29161 923.625 0
011 1.45421 -53.0 29400 923.625 0
001 1.04311 -40.0 29419 923.625 0
101 3.92085 -34.0 29447 923.625 0
100 0.14726 -40.0 29636 923.625 0
011 1.33150 -53.0 29876 923.625 0
001 0.77926 -40.0 29885 923.625 0
101 3.90858 -34.0 29914 923.625 0
101 6.19728 -33.0 40081 920.625 0
100 2.35619 -42.5 40088 920.625 0
011 4.78602 -40.5 40093 920.625 0
001 2.31938 -43.0 40098 920.625 0
101 6.08684 -33.0 40560 920.625 0
001 2.36847 -43.0 40569 920.625 0
100 2.33779 -42.5 40579 920.625 0
011 4.95169 -40.0 40590 920.625 0
001 2.34392 -43.0 41026 920.625 0
101 6.07456 -33.0 41035 920.625 0
011 4.98237 -39.5 41067 920.625 0
100 2.33779 -43.5 41077 920.625 0
001 2.36233 -43.0 41501 920.625 0
101 6.09297 -33.0 41514 920.625 0
011 4.85965 -39.5 41544 920.625 0
100 2.36233 -43.5 41558 920.625 0
001 1.68738 -42.0 41966 921.625 0
101 5.49779 -33.5 41997 921.625 0
100 1.63829 -42.5 42042 921.625 0
011 4.43014 -41.5 42052 921.625 0
001 1.82237 -42.0 42431 921.625 0
101 5.28917 -33.0 42466 921.625 0
011 4.34423 -41.0 42530 921.625 0
100 1.65056 -43.5 42539 921.625 0
001 1.84078 -42.0 42909 921.625 0
101 5.49779 -33.0 42927 921.625 0
011 4.41173 -41.0 43007 921.625 0
100 1.60761 -43.0 43021 921.625 0
001 1.72419 -42.0 43386 921.625 0
101 5.38734 -33.0 43401 921.625 0
011 4.49150 -41.0 43495 921.625 0
100 1.60761 -43.5 43514 921.625 0
001 1.22718 -41.5 43858 922.625 0
101 4.49150 -33.5 43873 922.625 0
011 3.92699 -43.5 43977 922.625 0
100 1.18423 -43.0 44000 922.625 0
001 1.19037 -41.5 44336 922.625 0
101 4.49150 -33.5 44359 922.625 0
011 3.93926 -43.5 44453 922.625 0
100 1.19037 -43.0 44497 922.625 0
001 1.19651 -41.5 44813 922.625 0
101 4.50377 -33.5 44829 922.625 0
011 4.10493 -43.0 44927 922.625 0
100 1.20878 -44.0 44981 922.625 0
001 1.29468 -41.5 45284 922.625 0
101 4.46695 -33.5 45294 922.625 0
011 4.04971 -42.0 45414 922.625 0
100 0.21476 -44.0 45473 923.625 0
001 0.54610 -40.5 45746 923.625 0
101 3.67542 -33.5 45760 923.625 0
011 3.72451 -43.5 45906 923.625 0
100 0.33748 -44.5 45959 923.625 0
001 0.53996 -40.5 46217 923.625 0
101 3.67542 -33.5 46242 923.625 0
011 3.65087 -42.5 46405 923.625 0
100 0.37429 -45.0 46451 923.625 0
001 0.59518 -40.5 46686 923.625 0
101 3.67542 -33.5 46709 923.625 0
011 3.64474 -42.5 46895 923.625 0
100 0.43565 -46.0 46943 923.625 0
001 0.52769 -41.0 47151 923.625 0
101 3.66315 -33.5 47183 923.625 0
011 5.58369 -38.5 47380 920.625 0
100 2.33779 -46.5 47439 920.625 0
001 2.35619 -43.0 47605 920.625 0
101 6.00707 -33.0 47664 920.625 0
011 5.85367 -38.5 47859 920.625 0
100 2.33165 -47.5 47930 920.625 0
001 2.36233 -43.0 48060 920.625 0
101 5.99480 -32.5 48127 920.625 0
011 5.89049 -38.5 48348 920.625 0
100 2.30097 -48.0 48421 920.625 0
001 2.36233 -43.0 48539 920.625 0
101 6.03161 -32.5 48597 920.625 0
011 5.74936 -38.0 48827 920.625 0
100 2.34392 -47.5 48909 920.625 0
001 2.36233 -43.0 49004 920.625 0
101 5.24008 -33.0 49066 921.625 0
011 5.11122 -39.0 49318 921.625 0
100 1.58920 -48.0 49404 921.625 0
001 1.66897 -42.0 49478 921.625 0
101 5.21553 -33.0 49544 921.625 0
011 5.19099 -39.0 49815 921.625 0
100 1.57080 -48.0 49904 921.625 0
001 1.68124 -42.0 49949 921.625 0
101 5.22167 -33.0 50017 921.625 0
