001 5.68186 -32.5 2224 923.625 0
001 5.31985 -32.5 2945 923.625 0
001 1.22105 -31.5 3677 920.625 0
001 1.17810 -31.5 4422 920.625 0
101 1.22105 -31.5 4502 920.625 0
001 1.19651 -31.5 5154 920.625 0
101 6.00093 -32.5 5233 922.625 0
001 0.52769 -32.5 5890 921.625 0
101 6.07456 -32.5 5994 922.625 0
001 0.52769 -32.5 6619 921.625 0
101 1.21491 -31.5 6724 920.625 0
001 6.19728 -32.5 7352 922.625 0
101 6.11752 -32.0 7491 922.625 0
001 6.00093 -32.5 8073 922.625 0
101 5.70641 -40.5 8230 923.625 0
001 6.19728 -32.0 8797 922.625 0
101 1.21491 -31.0 8997 920.625 0
001 5.31985 -32.5 9546 923.625 0
101 0.43565 -40.5 9747 922.625 0
001 1.22105 -31.5 20037 920.625 0
001 1.23946 -31.5 20767 920.625 0
001 1.39899 -31.5 21502 920.625 0
001 0.52769 -31.5 22231 921.625 0
001 0.47247 -31.5 22976 921.625 0
001 6.07456 -32.5 23725 922.625 0
001 6.06843 -32.5 24462 922.625 0
001 6.18501 -32.0 25189 922.625 0
001 5.28917 -32.5 25922 923.625 0
001 5.33212 -32.5 26662 923.625 0
001 1.21491 -31.5 27404 920.625 0
001 1.22105 -31.5 28141 920.625 0
001 1.24559 -31.5 28892 920.625 0
001 0.53996 -32.0 29620 921.625 0
001 6.05616 -32.5 40064 922.625 0
001 6.14206 -32.5 40812 922.625 0
001 6.06843 -32.5 41553 922.625 0
001 5.32598 -32.5 42294 923.625 0
001 5.30144 -32.5 43026 923.625 0
001 1.24559 -31.0 43766 920.625 0
001 1.22105 -31.0 44496 920.625 0
101 1.30082 -40.0 45149 920.625 0
001 1.21491 -31.0 45235 920.625 0
001 0.53996 -32.0 45976 921.625 0
001 0.50315 -32.0 46731 921.625 0
001 6.11138 -32.5 47473 922.625 0
001 6.11752 -32.0 48216 922.625 0
101 0.43565 -40.5 48801 922.625 0
001 6.05002 -32.0 48953 922.625 0
101 5.70641 -40.5 49523 923.625 0
001 5.28917 -32.5 49684 923.625 0