101 5.04986 -43.0 777 920.625 0
101 5.79845 -43.0 1538 920.625 0
101 4.31969 -44.5 3788 922.625 0
101 3.96381 -47.0 4551 922.625 0
101 3.80427 -48.0 5313 922.625 0
101 3.11705 -46.0 6077 923.625 0
101 3.18454 -46.0 6847 923.625 0
101 5.39348 -45.0 7614 920.625 0
101 5.42416 -45.0 8375 920.625 0
101 4.19084 -44.5 20026 922.625 0
101 4.16629 -44.0 20793 922.625 0
101 4.25833 -44.0 21548 922.625 0
101 5.12350 -44.0 25369 920.625 0
101 4.47309 -44.0 26135 921.625 0
101 4.68785 -44.0 26901 921.625 0
101 3.81654 -43.5 27660 922.625 0
101 3.82882 -45.0 28431 922.625 0
101 3.13546 -45.5 29196 923.625 0
101 2.84707 -46.5 29955 923.625 0
