101 4.50377 -30.5 6 920.625 0
001 6.23410 -33.5 11 920.625 0
101 4.50990 -31.0 677 920.625 0
001 6.23410 -33.0 687 920.625 0
101 4.48536 -31.0 1349 920.625 0
001 6.22796 -33.0 1361 920.625 0
101 3.72451 -31.0 2019 921.625 0
001 5.63891 -34.0 2047 921.625 0
101 3.84722 -32.0 2693 921.625 0
001 5.54687 -34.0 2725 921.625 0
101 3.74291 -31.5 3350 921.625 0
001 5.82299 -34.0 3402 921.625 0
101 2.97592 -34.5 4000 922.625 0
001 4.90874 -32.0 4069 922.625 0
101 3.44225 -33.0 4656 922.625 0
001 4.50377 -30.5 4741 922.625 0
101 3.31340 -33.0 5327 922.625 0
001 3.80427 -31.5 5404 923.625 0
101 3.09251 -33.5 5987 923.625 0
001 3.80427 -31.5 6088 923.625 0
101 2.67526 -33.0 6660 923.625 0
001 4.01289 -31.5 6757 923.625 0
101 4.83511 -33.5 7332 920.625 0
001 6.08070 -30.5 7429 920.625 0
101 4.79829 -33.5 7994 920.625 0
001 6.06843 -30.5 8107 920.625 0
101 4.71852 -33.5 8649 920.625 0
001 6.04388 -30.5 8767 920.625 0
101 4.25219 -33.5 9308 921.625 0
001 5.33212 -30.5 9438 921.625 0
101 4.41786 -33.5 9965 921.625 0
001 4.53445 -31.5 20042 922.625 0
101 3.20295 -33.5 20052 922.625 0
001 4.47922 -31.0 20721 922.625 0
101 3.22136 -33.5 20732 922.625 0
001 4.50377 -31.0 21386 922.625 0
101 3.28272 -34.0 21398 922.625 0
001 3.65087 -32.5 22050 923.625 0
101 2.77957 -34.5 22056 923.625 0
001 3.12932 -42.0 22726 923.625 0
101 3.53429 -42.0 22737 923.625 0
101 4.39332 -41.5 23403 923.625 0
101 0.50315 -41.0 24067 920.625 0
101 0.57678 -39.5 24739 920.625 0
101 0.61973 -41.5 25404 920.625 0
101 6.17887 -42.0 26089 921.625 0
101 6.27091 -40.0 26750 921.625 0
101 6.00093 -40.0 27416 922.625 0
101 5.74322 -41.0 28094 922.625 0
101 5.58983 -40.0 28764 922.625 0
101 5.05600 -41.0 29435 923.625 0
