001 1.17810 -26.5 5 922.625 0
101 4.67557 -33.0 11 922.625 0
001 1.12287 -26.5 609 922.625 0
101 4.67557 -33.0 620 922.625 0
001 1.32536 -26.5 1232 922.625 0
101 4.67557 -33.5 1238 922.625 0
001 0.04295 -26.5 1846 923.625 0
101 4.27060 -33.0 1867 923.625 0
001 0.04909 -26.5 2469 923.625 0
101 4.03130 -33.0 2474 923.625 0
101 4.43627 -33.0 3085 923.625 0
001 0.14113 -26.5 3107 923.625 0
101 5.94571 -32.5 3715 920.625 0
001 2.52800 -27.0 3747 920.625 0
101 6.02548 -32.5 4320 920.625 0
001 2.63845 -27.0 4383 920.625 0
101 5.95185 -32.5 4917 920.625 0
001 2.35006 -27.0 4998 920.625 0
101 5.27689 -32.5 5520 921.625 0
001 1.60148 -26.5 5616 921.625 0
101 5.43643 -32.5 6112 921.625 0
001 1.64443 -26.5 6229 921.625 0
101 5.32598 -32.5 6724 921.625 0
001 1.58307 -26.5 6859 921.625 0
101 4.62035 -33.0 7324 922.625 0
001 1.12287 -26.5 7477 922.625 0
101 4.68171 -33.0 7930 922.625 0
001 1.29468 -26.0 8092 922.625 0
101 4.57126 -33.5 8546 922.625 0
001 0.95720 -27.0 8721 922.625 0
101 3.88404 -33.5 9164 923.625 0
001 0.34361 -26.5 9337 923.625 0
101 3.93313 -33.5 9775 923.625 0
001 0.33134 -26.5 9959 923.625 0
001 2.36233 -27.0 20045 920.625 0
101 5.96412 -32.5 20050 920.625 0
101 5.96412 -32.5 20662 920.625 0
001 2.41142 -27.0 20672 920.625 0
101 5.99480 -32.5 21272 920.625 0
001 2.36847 -27.0 21293 920.625 0
101 5.28917 -33.0 21885 921.625 0
001 1.65670 -26.5 21918 921.625 0
101 5.54687 -33.0 22502 921.625 0
001 1.65670 -26.5 22547 921.625 0
101 5.29530 -32.5 23099 921.625 0
001 1.64443 -26.5 23170 921.625 0
101 4.62035 -33.0 23707 922.625 0
001 0.98175 -26.0 23795 922.625 0
101 4.66330 -33.0 24309 922.625 0
001 1.15969 -26.0 24420 922.625 0
101 4.62035 -33.0 24911 922.625 0
001 0.97561 -26.0 25036 922.625 0
101 3.87790 -33.5 25528 923.625 0
001 0.26998 -26.5 25683 923.625 0
101 3.90245 -33.5 26145 923.625 0
001 0.23930 -26.0 26298 923.625 0
101 3.88404 -33.5 26751 923.625 0
001 0.31907 -26.5 26916 923.625 0
101 6.05002 -32.5 27358 920.625 0
001 2.32551 -27.5 27551 920.625 0
101 5.93957 -32.5 27958 920.625 0
001 2.33165 -27.5 28192 920.625 0
101 5.99480 -32.5 28559 920.625 0
001 2.34392 -27.0 28827 920.625 0
101 5.62051 -32.5 29165 921.625 0
001 1.63829 -26.5 29446 921.625 0
101 5.39348 -33.0 29774 921.625 0
101 4.65103 -32.5 40075 922.625 0
001 1.13515 -26.5 40083 922.625 0
101 4.58967 -33.0 40693 922.625 0
001 1.04924 -26.5 40704 922.625 0
101 4.62035 -33.0 41302 922.625 0
001 1.08606 -26.5 41330 922.625 0
101 4.10493 -33.5 41929 923.625 0
001 0.07977 -26.5 41953 923.625 0
101 4.15402 -33.5 42523 923.625 0
001 0.00000 -26.5 42570 923.625 0
101 3.94540 -33.5 43130 923.625 0
001 0.07363 -26.5 43207 923.625 0
101 5.93957 -32.5 43728 920.625 0
001 2.35619 -27.0 43841 920.625 0
101 6.06843 -33.0 44325 920.625 0
001 2.34392 -27.0 44458 920.625 0
101 6.03775 -32.5 44932 920.625 0
001 2.33779 -27.0 45077 920.625 0
101 5.25849 -33.0 45546 921.625 0
001 1.58307 -26.5 45719 921.625 0
101 5.38120 -33.0 46147 921.625 0
001 1.57693 -26.5 46350 921.625 0
101 5.31371 -32.5 46752 921.625 0
001 1.57080 -26.5 46962 921.625 0
101 4.58353 -33.5 47355 922.625 0
001 0.98175 -26.5 47602 922.625 0
101 4.62035 -33.5 47973 922.625 0
001 1.04924 -26.5 48227 922.625 0
101 4.58967 -33.0 48592 922.625 0
001 0.80381 -26.5 48849 922.625 0
101 4.10493 -33.5 49203 923.625 0
001 0.07977 -26.5 49468 923.625 0
101 4.11107 -33.5 49819 923.625 0
