101 5.46711 -30.5 10 922.625 0
101 5.70641 -30.0 591 922.625 0
101 5.62051 -30.5 1172 922.625 0
101 5.47324 -30.0 1757 922.625 0
101 4.71239 -30.5 2332 923.625 0
101 4.71239 -30.5 2914 923.625 0
101 4.70625 -30.0 3498 923.625 0
101 0.50315 -30.0 4074 920.625 0
101 0.45406 -30.0 4662 920.625 0
101 0.50928 -30.0 5251 920.625 0
101 6.09911 -30.0 5833 921.625 0
101 6.14819 -30.0 6416 921.625 0
101 6.08684 -30.0 6998 921.625 0
101 5.46097 -30.0 7573 922.625 0
101 5.43643 -30.0 8156 922.625 0
101 5.64505 -30.0 8733 922.625 0
101 4.72466 -30.0 9316 923.625 0
101 4.69398 -30.0 9887 923.625 0
101 0.45406 -30.0 20054 920.625 0
101 0.49087 -30.0 20628 920.625 0
101 0.49087 -30.0 21203 920.625 0
101 0.52155 -29.5 21783 920.625 0
101 6.09911 -30.0 22363 921.625 0
101 6.09911 -30.0 22933 921.625 0
101 6.09911 -30.0 23508 921.625 0
101 5.39348 -30.0 24096 922.625 0
101 5.54687 -30.0 24672 922.625 0
101 5.66959 -30.0 25246 922.625 0
101 4.69398 -30.0 25822 923.625 0
101 4.67557 -30.0 26403 923.625 0
101 4.69398 -30.0 26982 923.625 0
101 0.47247 -30.0 27564 920.625 0
101 0.49087 -30.0 28133 920.625 0
101 0.45406 -30.0 28703 920.625 0
101 6.14819 -30.5 29292 921.625 0
101 6.07456 -30.0 29875 921.625 0
101 5.45484 -30.0 40100 922.625 0
101 5.43029 -30.0 40675 922.625 0
101 5.45484 -30.0 41250 922.625 0
101 5.46711 -30.0 41818 922.625 0
101 4.71239 -30.0 42406 923.625 0
101 4.68171 -30.5 42985 923.625 0
101 4.68785 -30.5 43558 923.625 0
101 0.50315 -30.0 44151 920.625 0
101 0.49087 -30.0 44728 920.625 0
101 0.49701 -30.0 45299 920.625 0
101 6.08070 -30.0 45872 921.625 0
101 6.08684 -30.0 46442 921.625 0
101 6.08684 -30.0 47026 921.625 0
101 5.79845 -30.0 47598 922.625 0
101 5.53460 -30.0 48164 922.625 0
101 5.58369 -30.0 48747 922.625 0
101 4.89033 -30.0 49336 923.625 0
101 4.93328 -30.0 49914 923.625 0
