100 1.42353 -47.0 0 922.625 0
100 1.77328 -46.5 497 922.625 0
100 1.58307 -47.0 988 922.625 0
100 1.46649 -47.0 1483 922.625 0
100 0.85289 -48.0 1980 923.625 0
100 0.60746 -46.5 2477 923.625 0
100 2.71208 -48.5 3081 923.625 0
101 1.51557 -47.5 3297 923.625 0
101 5.70027 -46.5 3845 920.625 0
101 0.27612 -43.0 4328 920.625 0
101 0.62586 -42.5 4810 920.625 0
101 1.20264 -41.0 5293 920.625 0
101 0.12885 -42.0 5782 921.625 0
101 0.10431 -42.5 6266 921.625 0
101 0.00000 -43.0 6759 921.625 0
101 5.44256 -43.0 7245 922.625 0
101 5.97025 -39.5 7730 922.625 0
101 2.44823 -39.0 8209 922.625 0
101 2.64458 -38.0 8685 922.625 0
101 5.06827 -42.0 20038 920.625 0
101 4.36264 -42.5 20525 920.625 0
101 5.31371 -46.0 21089 920.625 0
101 3.89018 -41.0 21582 920.625 0
101 3.17227 -37.0 22558 921.625 0
101 3.11091 -37.0 23040 921.625 0
101 3.14159 -37.5 23517 921.625 0
101 2.51573 -37.0 24004 922.625 0
101 2.85320 -37.0 24485 922.625 0
101 2.50346 -37.0 24971 922.625 0
101 1.54625 -36.5 25458 923.625 0
101 1.52784 -37.0 25940 923.625 0
101 1.53398 -36.5 26421 923.625 0
101 1.49717 -36.5 26908 923.625 0
101 3.86563 -37.0 27876 920.625 0
101 3.83495 -37.5 28357 920.625 0
101 3.88404 -37.5 28853 920.625 0
101 3.13546 -36.5 29340 921.625 0
101 3.28885 -37.0 29823 921.625 0
101 2.33165 -36.5 40065 922.625 0
101 2.66913 -36.0 40550 922.625 0
101 2.67526 -36.0 41036 922.625 0
101 2.31938 -36.5 41521 922.625 0
101 1.50944 -36.0 42001 923.625 0
101 1.38672 -36.0 42964 923.625 0
101 1.43581 -36.0 43448 923.625 0
101 3.81041 -36.5 43938 920.625 0
101 3.74291 -36.5 44915 920.625 0
101 3.75518 -37.0 45397 920.625 0
101 3.18454 -36.5 45884 921.625 0
101 3.19682 -36.5 46363 921.625 0
101 3.26431 -36.5 46846 921.625 0
101 2.60163 -36.5 47327 922.625 0
101 2.61390 -36.5 47819 922.625 0
101 2.42369 -36.5 48308 922.625 0
101 2.55868 -36.5 48790 922.625 0
101 1.39285 -36.5 49282 923.625 0
101 1.47262 -36.0 49762 923.625 0
