001 5.63891 -47.0 0 922.625 0
001 5.64505 -46.5 791 922.625 0
001 5.68186 -47.0 1582 922.625 0
001 4.83511 -47.0 2371 923.625 0
001 4.78602 -47.0 3167 923.625 0
001 1.05538 -46.5 3957 920.625 0
001 0.98788 -46.5 4747 920.625 0
001 0.20249 -46.5 5538 921.625 0
001 0.30066 -46.5 6332 921.625 0
001 0.12885 -47.0 7127 921.625 0
001 5.67573 -46.5 7919 922.625 0
001 5.64505 -46.5 8709 922.625 0
001 4.85965 -46.5 9499 923.625 0
001 1.07992 -46.5 20033 920.625 0
001 1.22718 -46.5 20821 920.625 0
001 1.14742 -46.5 21614 920.625 0
001 0.46019 -47.0 22406 921.625 0
001 0.23317 -47.0 23195 921.625 0
001 5.61437 -47.0 23988 922.625 0
001 5.60823 -46.5 24777 922.625 0
001 5.09895 -47.0 25569 923.625 0
001 4.93328 -47.0 26358 923.625 0
001 4.82897 -46.5 27156 923.625 0
001 0.93880 -46.5 27951 920.625 0
001 0.92652 -46.0 28741 920.625 0
001 0.23317 -46.5 29531 921.625 0
001 5.55301 -47.0 40079 922.625 0
001 5.62664 -47.0 40868 922.625 0
001 5.85981 -47.0 41653 922.625 0
001 5.09895 -47.0 42446 923.625 0
001 5.12350 -47.0 43238 923.625 0
001 1.08606 -46.5 44024 920.625 0
001 1.17196 -46.5 44814 920.625 0
001 0.52769 -46.5 45608 921.625 0
001 0.41111 -47.0 46404 921.625 0
001 0.73017 -46.5 47194 921.625 0
001 6.20342 -46.5 47990 922.625 0
001 6.20955 -47.0 48777 922.625 0
001 5.30144 -47.0 49567 923.625 0
