001 0.17794 -48.0 0 922.625 0
001 6.20342 -48.0 783 922.625 0
001 6.21569 -48.0 1571 922.625 0
001 5.52233 -48.0 2355 923.625 0
001 5.81686 -48.0 3141 923.625 0
001 1.06765 -47.5 3933 920.625 0
001 1.21491 -47.5 4724 920.625 0
001 0.67495 -47.5 5513 921.625 0
001 0.56450 -47.0 6303 921.625 0
001 0.43565 -47.5 7093 921.625 0
001 5.95798 -47.5 7879 922.625 0
001 5.99480 -47.5 8675 922.625 0
001 5.46711 -47.5 9462 923.625 0
001 1.31309 -47.5 20038 920.625 0
001 1.31309 -47.0 20824 920.625 0
001 1.47262 -47.5 21610 920.625 0
001 1.28241 -47.0 22396 921.625 0
001 0.61359 -47.0 23181 921.625 0
001 6.16047 -47.0 23968 922.625 0
001 5.98253 -47.0 24754 922.625 0
001 5.36893 -47.5 25537 923.625 0
001 5.27076 -47.5 26329 923.625 0
001 5.24008 -47.5 27122 923.625 0
001 1.24559 -47.0 27905 920.625 0
001 1.61988 -47.5 28693 920.625 0
001 0.47247 -47.0 29480 921.625 0
