001 2.22734 -41.5 0 920.625 0
001 2.35619 -41.5 744 920.625 0
001 2.68753 -41.5 1502 920.625 0
001 1.41126 -41.5 2255 921.625 0
001 1.33150 -41.5 3006 921.625 0
001 0.58905 -42.0 3764 922.625 0
001 0.60132 -42.0 4521 922.625 0
001 0.65654 -41.5 5269 922.625 0
001 6.11752 -42.0 6013 923.625 0
001 6.11752 -42.0 6769 923.625 0
001 2.30097 -41.5 7515 920.625 0
001 2.38074 -41.5 8260 920.625 0
001 1.76715 -41.5 9007 921.625 0
001 1.77942 -41.0 9755 921.625 0
001 1.52784 -46.5 20216 922.625 0
001 1.19651 -45.0 20972 922.625 0
001 0.96948 -46.0 21654 922.625 0
001 6.09911 -45.5 22865 923.625 0
001 2.02485 -46.0 23621 920.625 0
001 2.11689 -41.5 24378 920.625 0
001 2.14144 -41.5 25133 920.625 0
001 1.39285 -41.5 25891 921.625 0
001 0.57678 -42.0 27389 922.625 0
001 0.57064 -42.0 28136 922.625 0
001 0.57064 -42.0 28894 922.625 0
001 6.09297 -42.0 29654 923.625 0
001 2.06167 -42.0 40069 920.625 0
001 2.38074 -41.5 40818 920.625 0
001 2.14757 -41.5 41569 920.625 0
001 1.46035 -42.0 42323 921.625 0
001 1.34377 -41.5 43075 921.625 0
001 0.61359 -42.0 43818 922.625 0
001 0.63200 -42.0 44565 922.625 0
001 0.57678 -42.0 45311 922.625 0
001 6.13592 -42.0 46055 923.625 0
001 6.12365 -42.5 46807 923.625 0
001 2.03713 -42.0 47561 920.625 0
001 2.58936 -42.0 48309 920.625 0
001 1.33150 -42.0 49066 921.625 0
001 1.40513 -42.5 49820 921.625 0
