100 5.16031 -47.5 0 920.625 0
001 3.16614 -51.0 5 920.625 0
001 3.19682 -50.0 638 920.625 0
100 5.20326 -47.5 648 920.625 0
001 3.09864 -51.0 1273 920.625 0
100 5.17872 -47.5 1300 920.625 0
001 2.97592 -50.0 1899 921.625 0
100 4.41786 -47.0 1953 921.625 0
001 2.78571 -50.0 2524 921.625 0
100 4.47309 -47.0 2605 921.625 0
001 2.73662 -50.0 3152 921.625 0
100 4.46082 -47.0 3253 921.625 0
001 1.61375 -49.0 3776 922.625 0
100 3.95153 -39.0 3906 922.625 0
001 1.69351 -49.0 4400 922.625 0
100 3.82882 -46.5 4555 922.625 0
001 1.71806 -48.5 5016 922.625 0
100 3.84109 -47.0 5199 922.625 0
001 0.98175 -48.0 5649 923.625 0
100 3.20909 -46.5 5845 923.625 0
001 1.01243 -48.0 6274 923.625 0
100 3.00660 -46.5 6497 923.625 0
001 0.93266 -48.0 6894 923.625 0
100 3.22136 -46.5 7144 923.625 0
001 3.79200 -50.0 7521 920.625 0
100 5.22167 -47.5 7795 920.625 0
001 3.58338 -51.0 8148 920.625 0
100 5.63278 -47.0 8442 920.625 0
001 3.47907 -51.5 8786 920.625 0
100 4.43014 -47.0 9095 921.625 0
001 2.55868 -50.0 9417 921.625 0
100 4.39946 -46.5 9740 921.625 0
001 1.53398 -50.0 20028 922.625 0
100 3.66315 -46.0 20033 922.625 0
100 3.74905 -46.5 20675 922.625 0
001 1.50944 -50.0 21292 922.625 0
100 4.27060 -46.0 21323 922.625 0
001 0.85289 -48.5 21920 923.625 0
100 3.09864 -46.0 21972 923.625 0
001 1.23946 -47.0 22536 923.625 0
100 3.41157 -46.0 22616 923.625 0
001 0.71790 -47.5 23173 923.625 0
100 2.82252 -46.0 23268 923.625 0
001 2.82252 -53.0 23801 920.625 0
100 5.07441 -47.0 23917 920.625 0
001 2.99433 -51.0 24426 920.625 0
100 4.80443 -47.0 24565 920.625 0
001 3.02501 -51.0 25058 920.625 0
100 4.92101 -47.0 25217 920.625 0
001 2.33779 -50.5 25692 921.625 0
100 4.27674 -46.0 25863 921.625 0
001 2.50959 -50.5 26325 921.625 0
100 4.33196 -46.0 26516 921.625 0
001 2.36847 -50.0 26954 921.625 0
100 4.29515 -46.5 27163 921.625 0
001 1.54012 -49.5 27578 922.625 0
100 3.90858 -46.0 27817 922.625 0
001 1.50330 -49.0 28224 922.625 0
100 3.95767 -46.0 28473 922.625 0
100 3.15386 -46.0 29121 923.625 0
100 2.88388 -45.5 29776 923.625 0
100 5.35052 -47.0 40074 920.625 0
001 3.11705 -50.5 40079 920.625 0
001 3.28272 -51.0 40704 920.625 0
100 4.99464 -46.5 40723 920.625 0
001 3.27658 -50.0 41340 920.625 0
100 5.16031 -46.5 41371 920.625 0
001 2.63231 -50.0 41971 921.625 0
100 4.55285 -46.5 42020 921.625 0
001 2.47891 -50.0 42598 921.625 0
100 4.52831 -46.5 42670 921.625 0
001 2.71821 -49.5 43227 921.625 0
100 4.42400 -46.5 43311 921.625 0
001 1.57693 -49.0 43861 922.625 0
100 3.81654 -46.0 43967 922.625 0
001 1.52171 -49.0 44504 922.625 0
100 3.63860 -46.0 44616 922.625 0
001 1.56466 -49.0 45135 922.625 0
100 3.60179 -45.5 45259 922.625 0
001 0.95720 -48.0 45756 923.625 0
001 1.12287 -48.0 46384 923.625 0
100 2.95751 -46.0 46553 923.625 0
001 0.90812 -48.0 47004 923.625 0
100 3.09864 -46.0 47209 923.625 0
001 3.22136 -50.0 47636 920.625 0
100 5.04986 -46.5 47857 920.625 0
001 3.20295 -50.0 48273 920.625 0
100 5.03759 -46.5 48504 920.625 0
001 3.08637 -50.0 48909 920.625 0
100 4.67557 -46.0 49154 921.625 0
001 2.68140 -50.0 49540 921.625 0
100 4.62035 -46.5 49808 921.625 0
