100 4.91487 -43.0 0 920.625 0
100 4.85352 -43.0 538 920.625 0
100 4.81670 -42.0 1070 920.625 0
100 4.87806 -41.5 1601 920.625 0
100 4.14788 -42.0 2136 921.625 0
100 4.04971 -42.0 2682 921.625 0
001 5.24008 -46.5 3115 921.625 0
100 4.05585 -41.5 3223 921.625 0
100 3.54043 -42.0 3758 922.625 0
001 4.93942 -46.5 3767 922.625 0
001 4.63876 -46.5 4309 922.625 0
100 3.71837 -41.5 4826 922.625 0
001 4.31355 -45.5 4845 922.625 0
001 3.53429 -44.5 5392 923.625 0
100 3.30726 -48.5 5909 923.625 0
001 4.06812 -43.0 5923 923.625 0
001 4.31355 -41.0 6450 923.625 0
001 4.04357 -41.0 6988 923.625 0
100 5.83526 -47.0 7191 920.625 0
001 0.02454 -41.5 7529 920.625 0
100 5.97639 -46.0 7732 920.625 0
001 0.01841 -41.5 8066 920.625 0
100 5.84140 -46.5 8269 920.625 0
001 0.06136 -41.5 8591 920.625 0
100 5.84140 -46.5 8805 920.625 0
001 5.92730 -41.0 9122 921.625 0
100 5.01305 -47.0 9348 921.625 0
001 5.90889 -41.0 9653 921.625 0
100 4.90260 -47.0 9895 921.625 0
001 5.03146 -39.5 20046 922.625 0
100 4.31969 -48.0 20051 922.625 0
001 5.29530 -39.5 20573 922.625 0
100 4.14175 -47.5 20593 922.625 0
001 5.08054 -39.5 21098 922.625 0
100 4.08652 -48.0 21141 922.625 0
001 5.07441 -39.5 21624 922.625 0
100 4.26447 -48.0 21687 922.625 0
001 4.36878 -39.5 22143 923.625 0
100 3.57724 -49.0 22235 923.625 0
001 4.26447 -39.5 22666 923.625 0
100 3.54043 -49.0 22782 923.625 0
001 4.34423 -39.0 23201 923.625 0
100 3.58338 -49.0 23327 923.625 0
001 0.02454 -40.5 23736 920.625 0
100 5.82913 -46.5 23875 920.625 0
001 0.02454 -40.5 24269 920.625 0
100 5.92730 -46.5 24416 920.625 0
001 0.03682 -40.5 24801 920.625 0
100 6.08684 -46.0 24955 920.625 0
001 0.03068 -40.5 25328 920.625 0
100 5.25849 -47.0 25499 921.625 0
001 5.57755 -40.0 25855 921.625 0
100 4.93942 -47.0 26044 921.625 0
001 5.60210 -40.0 26384 921.625 0
100 5.05600 -47.0 26588 921.625 0
001 5.55915 -40.0 26923 921.625 0
100 5.17872 -47.0 27132 921.625 0
001 4.96396 -39.5 27451 922.625 0
100 4.14175 -48.0 27678 922.625 0
001 4.95783 -39.5 27985 922.625 0
100 4.08039 -48.0 28225 922.625 0
001 5.12963 -39.5 28520 922.625 0
100 4.19084 -48.0 28773 922.625 0
001 4.08652 -39.0 29053 923.625 0
100 3.35635 -48.5 29322 923.625 0
001 4.06198 -39.0 29580 923.625 0
100 3.90245 -48.5 29869 923.625 0
100 5.66959 -47.0 40072 920.625 0
001 6.24023 -41.0 40077 920.625 0
001 6.22796 -41.0 40613 920.625 0
100 5.65732 -47.0 40623 920.625 0
001 6.25864 -40.5 41150 920.625 0
100 5.70641 -47.0 41177 920.625 0
001 6.27091 -40.5 41693 920.625 0
100 5.57755 -47.0 41728 920.625 0
100 5.06214 -47.5 42278 921.625 0
001 5.52847 -40.5 42768 921.625 0
100 4.95169 -47.5 42831 921.625 0
001 5.52847 -40.0 43310 921.625 0
100 5.11736 -47.5 43387 921.625 0
001 5.17872 -40.0 43844 922.625 0
100 3.96381 -48.5 43942 922.625 0
001 4.92101 -40.0 44389 922.625 0
100 3.96994 -48.5 44498 922.625 0
001 4.95169 -39.5 44934 922.625 0
100 4.04971 -48.5 45052 922.625 0
001 4.05585 -39.5 45478 923.625 0
100 3.39930 -49.5 45611 923.625 0
001 3.95767 -39.5 46015 923.625 0
100 3.38089 -49.5 46163 923.625 0
001 4.06812 -39.5 46543 923.625 0
100 3.47293 -49.5 46679 923.625 0
001 4.03744 -39.5 47087 923.625 0
100 5.73709 -47.5 47263 920.625 0
001 6.25864 -40.5 47635 920.625 0
100 5.98253 -47.0 47812 920.625 0
001 6.24637 -41.0 48176 920.625 0
100 5.66959 -47.5 48365 920.625 0
001 6.22796 -40.5 48715 920.625 0
100 5.63891 -47.5 48920 920.625 0
001 5.50392 -40.5 49262 921.625 0
100 5.00691 -48.0 49482 921.625 0
001 5.46711 -40.5 49818 921.625 0
100 5.03146 -48.0 50033 921.625 0
