100 1.97577 -37.0 0 920.625 0
001 5.08668 -28.0 5 920.625 0
101 3.89631 -39.5 10 920.625 0
101 4.29515 -39.0 451 920.625 0
100 2.01872 -37.0 460 920.625 0
001 5.22781 -28.0 470 920.625 0
101 4.01289 -39.5 901 920.625 0
001 5.04986 -28.5 911 920.625 0
100 2.05553 -37.0 930 920.625 0
101 4.03130 -39.5 1353 920.625 0
001 4.93942 -28.5 1373 920.625 0
100 1.80396 -37.0 1396 920.625 0
101 3.08637 -40.5 1804 921.625 0
001 4.43014 -28.0 1836 921.625 0
100 1.15969 -38.0 1863 921.625 0
101 3.11091 -40.5 2251 921.625 0
001 4.33810 -28.5 2300 921.625 0
100 1.12901 -38.0 2323 921.625 0
101 3.13546 -40.5 2697 921.625 0
001 4.46082 -28.5 2774 921.625 0
100 1.21491 -37.5 2783 921.625 0
101 3.10478 -40.5 3141 921.625 0
001 4.43014 -28.0 3238 921.625 0
100 1.16583 -38.0 3252 921.625 0
101 2.31324 -41.0 3589 922.625 0
001 3.55884 -28.5 3691 922.625 0
100 0.67495 -39.5 3723 922.625 0
101 2.30711 -41.5 4037 922.625 0
001 3.55270 -28.5 4146 922.625 0
100 0.48474 -39.5 4182 922.625 0
101 2.32551 -41.0 4492 922.625 0
001 3.58338 -28.5 4629 922.625 0
100 0.42951 -39.5 4652 922.625 0
101 2.30097 -41.5 4935 922.625 0
001 3.57724 -28.5 5081 922.625 0
100 0.41111 -39.5 5113 922.625 0
101 1.74874 -42.5 5388 923.625 0
001 2.92684 -28.5 5547 923.625 0
100 5.55915 -40.5 5574 923.625 0
101 1.79783 -42.5 5830 923.625 0
001 2.82866 -28.5 6011 923.625 0
100 5.58369 -40.5 6034 923.625 0
101 1.81623 -42.0 6277 923.625 0
001 2.80412 -28.5 6458 923.625 0
100 5.58369 -40.0 6490 923.625 0
101 1.89600 -42.5 6715 923.625 0
001 2.79185 -28.5 6905 923.625 0
100 5.55301 -40.5 6950 923.625 0
101 1.68738 -42.5 7157 923.625 0
001 5.05600 -28.5 7345 920.625 0
100 1.69965 -37.0 7409 920.625 0
101 4.03130 -39.5 7601 920.625 0
001 5.10509 -28.5 7791 920.625 0
100 1.96963 -38.0 7871 920.625 0
101 3.95153 -39.5 8039 920.625 0
001 4.90874 -28.0 8246 920.625 0
100 1.96350 -38.0 8340 920.625 0
101 4.07425 -39.5 8487 920.625 0
001 4.82897 -28.5 8692 920.625 0
100 1.84691 -37.0 8803 920.625 0
101 3.74291 -39.5 8935 920.625 0
001 4.33810 -28.5 9154 921.625 0
100 1.22105 -38.0 9270 921.625 0
101 3.04955 -40.5 9380 921.625 0
001 4.34423 -28.0 9606 921.625 0
100 1.22105 -38.0 9734 921.625 0
101 3.16614 -40.5 9841 921.625 0
001 3.52202 -28.5 20042 922.625 0
100 0.33748 -40.5 20049 922.625 0
101 2.27029 -42.0 20057 922.625 0
001 3.56497 -28.5 20486 922.625 0
101 2.31324 -42.0 20500 922.625 0
100 0.30066 -40.5 20523 922.625 0
001 3.44839 -28.5 20937 922.625 0
101 2.28870 -42.0 20952 922.625 0
100 0.39884 -40.5 20992 922.625 0
001 3.55884 -28.5 21397 922.625 0
101 2.26416 -42.0 21407 922.625 0
100 0.31293 -41.0 21456 922.625 0
001 2.76117 -28.5 21847 923.625 0
101 1.90214 -43.0 21865 923.625 0
100 5.57755 -41.5 21919 923.625 0
001 2.72435 -28.5 22306 923.625 0
101 1.75487 -43.0 22316 923.625 0
100 5.57142 -41.5 22387 923.625 0
001 2.72435 -28.5 22762 923.625 0
101 1.55239 -43.0 22767 923.625 0
100 5.63278 -41.5 22851 923.625 0
001 2.82252 -28.5 23208 923.625 0
101 1.99418 -43.0 23218 923.625 0
100 5.61437 -41.5 23316 923.625 0
101 3.93926 -40.0 23667 920.625 0
001 4.97010 -28.5 23685 920.625 0
100 1.71192 -38.5 23787 920.625 0
101 4.29515 -40.0 24112 920.625 0
001 4.84124 -28.5 24157 920.625 0
100 1.71806 -38.5 24254 920.625 0
101 3.84722 -40.0 24557 920.625 0
001 4.79829 -28.5 24611 920.625 0
100 1.69965 -38.5 24717 920.625 0
101 3.73678 -40.0 25013 920.625 0
001 4.84738 -28.5 25071 920.625 0
100 1.69965 -38.5 25181 920.625 0
101 2.96365 -41.0 25464 921.625 0
001 4.30128 -28.5 25521 921.625 0
100 1.06151 -39.5 25637 921.625 0
101 3.09251 -41.0 25915 921.625 0
001 4.33810 -28.5 25983 921.625 0
100 1.07992 -39.5 26104 921.625 0
101 2.96979 -41.0 26369 921.625 0
001 4.41786 -28.5 26449 921.625 0
100 1.17810 -39.5 26574 921.625 0
101 2.97592 -41.0 26821 921.625 0
001 4.62649 -28.5 26910 921.625 0
100 1.00629 -39.5 27035 921.625 0
101 2.30097 -42.0 27272 922.625 0
001 3.62633 -28.5 27362 922.625 0
100 0.44792 -40.5 27499 922.625 0
101 2.26416 -42.0 27729 922.625 0
001 3.95153 -28.5 27815 922.625 0
100 0.37429 -40.5 27973 922.625 0
101 2.25188 -42.0 28181 922.625 0
001 3.50361 -28.5 28274 922.625 0
100 0.66268 -41.0 28438 922.625 0
101 2.24575 -42.0 28633 922.625 0
001 3.65701 -28.5 28727 922.625 0
100 0.26998 -41.0 28909 922.625 0
101 1.80396 -43.5 29094 923.625 0
001 2.81025 -28.5 29179 923.625 0
100 5.55915 -41.5 29378 923.625 0
101 1.67511 -43.5 29547 923.625 0
001 2.74276 -28.5 29631 923.625 0
100 5.62664 -41.5 29842 923.625 0
101 1.54012 -43.5 30001 923.625 0
001 4.83511 -29.0 40081 920.625 0
100 1.68738 -38.5 40086 920.625 0
101 3.92699 -40.5 40091 920.625 0
001 4.95169 -28.5 40537 920.625 0
101 3.87177 -40.0 40542 920.625 0
100 1.69351 -38.0 40565 920.625 0
001 4.81670 -28.5 40990 920.625 0
101 3.89018 -40.0 41008 920.625 0
100 1.69351 -38.5 41036 920.625 0
001 4.79829 -28.5 41456 920.625 0
101 3.69383 -40.0 41461 920.625 0
100 1.65056 -38.5 41511 920.625 0
101 2.90229 -41.0 41913 921.625 0
001 4.22765 -28.5 41923 921.625 0
100 1.07379 -39.0 41980 921.625 0
001 4.31969 -31.5 42376 921.625 0
100 0.52155 -40.0 42447 921.625 0
101 3.27045 -42.5 42813 921.625 0
001 4.43014 -30.5 42849 921.625 0
100 6.27705 -40.5 42920 921.625 0
101 3.28272 -44.5 43273 921.625 0
001 4.34423 -31.5 43309 921.625 0
100 6.23410 -42.0 43398 921.625 0
101 2.78571 -45.5 43736 922.625 0
001 3.82882 -31.0 43772 922.625 0
100 5.52233 -40.0 43869 922.625 0
101 2.93297 -46.0 44192 922.625 0
001 3.90858 -31.5 44260 922.625 0
100 6.06229 -39.0 44336 922.625 0
101 2.76117 -46.5 44652 922.625 0
001 3.47293 -29.0 44719 922.625 0
100 5.17872 -39.5 44812 922.625 0
101 3.82882 -46.5 45108 922.625 0
001 3.74291 -32.0 45170 922.625 0
100 5.52233 -39.0 45280 922.625 0
101 2.83480 -49.5 45559 923.625 0
001 3.26431 -30.0 45639 923.625 0
100 5.36893 -39.5 45763 923.625 0
101 1.88986 -50.5 46015 923.625 0
001 2.99433 -27.5 46100 923.625 0
100 5.45484 -40.5 46233 923.625 0
101 1.50944 -49.5 46471 923.625 0
001 2.96365 -27.5 46560 923.625 0
100 5.71254 -40.0 46698 923.625 0
101 1.60761 -49.0 46924 923.625 0
001 2.91456 -27.5 47019 923.625 0
100 5.43029 -40.0 47178 923.625 0
101 3.87177 -44.0 47377 920.625 0
001 5.18486 -27.5 47475 920.625 0
100 1.69351 -36.5 47643 920.625 0
101 4.03130 -43.5 47837 920.625 0
001 5.24008 -27.0 47938 920.625 0
100 1.65056 -37.0 48111 920.625 0
101 3.95153 -43.5 48296 920.625 0
001 5.21553 -27.0 48394 920.625 0
100 1.68738 -37.0 48576 920.625 0
101 3.79814 -43.5 48756 920.625 0
001 5.22781 -27.0 48841 920.625 0
100 1.66897 -36.5 49044 920.625 0
101 3.11705 -45.0 49207 921.625 0
001 4.46695 -27.0 49301 921.625 0
100 0.94493 -37.5 49510 921.625 0
101 3.09864 -45.0 49662 921.625 0
001 4.55899 -27.0 49764 921.625 0
100 1.19651 -37.5 49969 921.625 0
