100 2.61390 -44.0 0 922.625 0
001 4.03744 -45.5 5 922.625 0
001 4.24606 -46.0 433 922.625 0
100 2.54641 -44.0 438 922.625 0
001 4.16016 -46.0 861 922.625 0
100 2.70594 -44.0 866 922.625 0
001 3.92085 -46.0 1282 922.625 0
100 2.61390 -44.0 1296 922.625 0
001 4.06812 -46.0 1707 922.625 0
100 2.76730 -43.5 1725 922.625 0
001 2.90229 -46.5 2144 923.625 0
100 1.65056 -44.0 2153 923.625 0
001 2.87161 -46.0 2572 923.625 0
100 1.70579 -44.0 2581 923.625 0
001 2.88388 -46.5 2998 923.625 0
100 1.72419 -44.0 3011 923.625 0
001 2.94524 -46.0 3426 923.625 0
100 1.68738 -44.0 3440 923.625 0
001 5.49779 -45.5 3855 920.625 0
100 3.85950 -43.0 3868 920.625 0
001 5.25849 -45.5 4282 920.625 0
100 3.89631 -42.5 4295 920.625 0
001 5.26462 -45.0 4712 920.625 0
100 3.70610 -42.5 4722 920.625 0
001 5.30144 -45.0 5138 920.625 0
100 3.92699 -42.5 5156 920.625 0
001 4.40559 -45.5 5574 921.625 0
001 4.66330 -46.0 6004 921.625 0
001 4.68785 -45.5 6429 921.625 0
001 4.49763 -46.0 6856 921.625 0
100 3.07410 -43.5 6870 921.625 0
001 4.01903 -46.0 7281 922.625 0
100 2.47891 -44.5 7304 922.625 0
001 3.70610 -46.5 7710 922.625 0
100 2.81639 -44.0 7737 922.625 0
001 3.84109 -46.0 8138 922.625 0
100 2.51573 -44.0 8170 922.625 0
001 4.00062 -46.0 8568 922.625 0
100 2.50959 -44.5 8595 922.625 0
001 2.97592 -47.0 8993 923.625 0
100 1.68124 -44.5 9021 923.625 0
001 2.91456 -47.0 9423 923.625 0
100 1.68124 -44.5 9450 923.625 0
001 2.81639 -47.0 9852 923.625 0
100 1.61375 -44.0 9879 923.625 0
100 4.03744 -42.5 20037 920.625 0
001 5.54687 -46.0 20042 920.625 0
100 4.20924 -43.0 20470 920.625 0
001 5.46711 -45.5 20475 920.625 0
100 4.31355 -42.5 20896 920.625 0
001 5.76777 -46.0 20906 920.625 0
100 4.09880 -42.5 21329 920.625 0
001 5.48552 -46.0 21338 920.625 0
100 4.07425 -43.0 21754 920.625 0
001 5.58369 -45.5 21773 920.625 0
100 3.10478 -44.0 22200 921.625 0
001 4.51604 -46.0 22210 921.625 0
100 3.11705 -44.0 22628 921.625 0
001 4.52831 -46.5 22646 921.625 0
100 3.12318 -44.0 23057 921.625 0
001 4.56513 -46.5 23075 921.625 0
001 4.50990 -46.0 23501 921.625 0
100 2.49118 -44.0 23914 922.625 0
001 4.28901 -47.0 23933 922.625 0
100 2.50959 -44.5 24347 922.625 0
001 4.36264 -46.5 24361 922.625 0
100 2.54027 -44.0 24775 922.625 0
001 4.30128 -47.0 24788 922.625 0
100 2.60163 -44.0 25208 922.625 0
001 3.72451 -47.0 25223 922.625 0
100 1.69965 -44.5 25639 923.625 0
001 3.22750 -47.0 25657 923.625 0
100 1.69965 -44.0 26073 923.625 0
001 2.88388 -47.5 26087 923.625 0
100 1.63216 -44.0 26504 923.625 0
001 2.99433 -47.5 26518 923.625 0
100 1.60761 -44.0 26934 923.625 0
001 2.87775 -47.5 26955 923.625 0
100 4.17856 -43.0 27362 920.625 0
001 5.57755 -46.5 27390 920.625 0
100 3.98835 -43.0 27800 920.625 0
001 5.27076 -46.0 27819 920.625 0
100 3.87177 -43.0 28228 920.625 0
001 5.27689 -46.0 28251 920.625 0
100 4.16629 -43.5 28654 920.625 0
001 5.56528 -46.5 28681 920.625 0
100 3.14159 -44.5 29097 921.625 0
001 4.62649 -47.5 29114 921.625 0
001 4.54058 -46.5 29548 921.625 0
100 3.11705 -44.0 29954 921.625 0
001 4.51604 -46.5 29983 921.625 0
100 2.20893 -46.0 40073 922.625 0
100 1.61988 -41.0 40503 922.625 0
001 1.63216 -45.0 40508 922.625 0
100 2.02485 -44.0 40944 922.625 0
001 2.01258 -46.0 40985 922.625 0
100 1.55852 -41.5 41373 922.625 0
001 1.61988 -39.0 41410 922.625 0
100 1.93895 -40.0 41800 922.625 0
001 2.56482 -39.5 41844 922.625 0
100 1.11674 -38.5 42239 923.625 0
001 1.52171 -38.5 42274 923.625 0
100 1.03697 -38.5 42669 923.625 0
001 1.31922 -36.5 42705 923.625 0
100 1.00629 -36.5 43099 923.625 0
001 1.15969 -37.0 43127 923.625 0
100 0.90198 -35.0 43521 923.625 0
101 0.06750 -50.5 43536 923.625 0
001 0.98788 -35.5 43545 923.625 0
001 3.22136 -43.5 43963 920.625 0
100 4.14788 -39.0 43973 920.625 0
001 4.49150 -38.5 44385 920.625 0
100 4.26447 -37.5 44408 920.625 0
001 4.67557 -37.0 44817 920.625 0
100 4.30128 -36.0 44849 920.625 0
001 4.11107 -38.5 45241 920.625 0
100 3.62019 -36.0 45273 920.625 0
001 2.91456 -41.0 45677 921.625 0
100 2.76730 -36.0 45704 921.625 0
100 0.77313 -42.0 46136 921.625 0
001 3.08023 -42.0 46376 921.625 0
100 4.35651 -41.0 46580 921.625 0
001 1.71806 -42.5 46901 921.625 0
100 2.92070 -39.0 47016 921.625 0
001 5.51619 -39.5 47331 922.625 0
100 3.83495 -37.5 47461 922.625 0
100 4.28901 -36.0 47902 922.625 0
100 3.88404 -36.0 48344 922.625 0
001 2.11689 -53.5 48473 922.625 0
100 4.01903 -42.5 48779 922.625 0
001 5.33825 -45.0 49711 923.625 0
