100 1.71192 -40.5 0 920.625 0
101 2.54027 -32.5 9 920.625 0
001 3.08023 -33.5 14 920.625 0
001 2.99433 -33.5 677 920.625 0
100 1.71806 -40.5 735 920.625 0
101 2.58936 -32.5 773 920.625 0
001 3.01887 -33.0 1339 920.625 0
100 1.69965 -40.5 1473 920.625 0
101 2.56482 -32.0 1527 920.625 0
001 2.33779 -33.0 2001 921.625 0
100 1.16583 -40.0 2225 921.625 0
101 1.68738 -32.0 2279 921.625 0
001 2.32551 -33.5 2673 921.625 0
100 1.37445 -40.5 2956 921.625 0
101 1.73647 -32.0 3026 921.625 0
001 2.71208 -33.0 3347 921.625 0
100 0.38656 -40.5 3690 922.625 0
101 1.13515 -32.0 3786 922.625 0
001 1.60761 -33.5 4000 922.625 0
100 0.69336 -40.5 4440 922.625 0
101 1.23332 -32.0 4546 922.625 0
001 1.59534 -33.5 4662 922.625 0
100 0.46633 -41.0 5166 922.625 0
101 1.30082 -32.0 5306 922.625 0
001 1.63829 -33.0 5338 922.625 0
100 6.01934 -41.0 5907 923.625 0
001 0.91425 -34.0 6008 923.625 0
101 0.56450 -32.5 6051 923.625 0
100 6.24023 -41.0 6634 923.625 0
001 0.84062 -33.5 6671 923.625 0
101 0.71790 -32.5 6798 923.625 0
001 3.00660 -33.0 7340 920.625 0
100 1.67511 -40.5 7383 920.625 0
101 2.58322 -32.5 7564 920.625 0
001 3.14159 -33.0 8004 920.625 0
100 1.93895 -40.5 8128 920.625 0
101 2.78571 -32.5 8329 920.625 0
001 3.01274 -33.0 8672 920.625 0
100 1.68738 -40.5 8859 920.625 0
101 1.65056 -32.5 9086 921.625 0
001 2.35619 -33.5 9345 921.625 0
100 1.13515 -40.5 9600 921.625 0
101 1.65670 -32.5 9840 921.625 0
101 1.01243 -32.5 20037 922.625 0
100 0.46019 -40.5 20042 922.625 0
001 1.55852 -33.5 20047 922.625 0
001 1.58920 -33.5 20716 922.625 0
100 0.53996 -40.5 20790 922.625 0
101 1.17196 -32.5 20801 922.625 0
001 1.52171 -34.0 21387 922.625 0
100 0.47247 -40.5 21522 922.625 0
101 1.47876 -32.5 21549 922.625 0
001 0.85289 -34.0 22055 923.625 0
100 6.03161 -40.5 22255 923.625 0
101 0.59518 -32.5 22303 923.625 0
001 0.84062 -34.0 22717 923.625 0
100 6.12365 -40.5 22990 923.625 0
101 0.52155 -32.5 23064 923.625 0
001 0.85289 -33.5 23377 923.625 0
100 1.82851 -40.0 23730 920.625 0
101 2.54641 -32.5 23815 920.625 0
001 2.95751 -33.0 24050 920.625 0
100 1.65670 -40.0 24469 920.625 0
101 2.74889 -32.5 24576 920.625 0
001 2.94524 -33.0 24709 920.625 0
100 1.70579 -40.0 25200 920.625 0
101 2.55254 -32.5 25335 920.625 0
001 2.95751 -33.0 25372 920.625 0
100 1.14128 -40.0 25943 921.625 0
001 2.44210 -33.5 26037 921.625 0
101 1.60761 -32.5 26095 921.625 0
100 1.26400 -40.0 26684 921.625 0
001 2.53414 -33.0 26711 921.625 0
101 1.66897 -32.5 26851 921.625 0
001 1.53398 -33.5 27370 922.625 0
100 0.45406 -40.0 27419 922.625 0
101 1.15355 -32.5 27614 922.625 0
001 1.52171 -33.5 28022 922.625 0
100 0.41111 -40.0 28151 922.625 0
101 1.17196 -32.5 28392 922.625 0
001 1.54012 -33.5 28693 922.625 0
100 0.47860 -40.5 28885 922.625 0
101 0.38656 -32.5 29159 923.625 0
001 0.85903 -34.0 29352 923.625 0
100 6.13592 -40.5 29628 923.625 0
101 0.54610 -32.5 29920 923.625 0
001 0.83449 -34.0 30021 923.625 0
101 2.80412 -33.0 40079 920.625 0
001 2.94524 -33.0 40084 920.625 0
100 1.76101 -40.0 40089 920.625 0
001 2.92684 -33.0 40737 920.625 0
100 1.76715 -40.0 40818 920.625 0
101 2.49732 -33.0 40838 920.625 0
001 2.94524 -33.5 41400 920.625 0
100 1.71806 -40.0 41549 920.625 0
101 2.54641 -32.5 41597 920.625 0
001 2.49732 -33.0 42085 921.625 0
100 1.24559 -40.0 42277 921.625 0
101 1.59534 -32.5 42357 921.625 0
001 2.68140 -33.5 42750 921.625 0
100 1.40513 -39.5 43012 921.625 0
101 1.58307 -32.5 43123 921.625 0
001 2.72435 -33.5 43415 921.625 0
100 0.39884 -40.0 43757 922.625 0
101 1.11060 -32.5 43881 922.625 0
001 1.54012 -33.5 44087 922.625 0
100 0.46633 -40.0 44485 922.625 0
101 1.13515 -32.5 44629 922.625 0
001 1.49103 -34.0 44744 922.625 0
100 0.39884 -40.0 45207 922.625 0
101 1.30695 -32.5 45388 922.625 0
001 1.52171 -33.5 45420 922.625 0
100 6.06229 -40.0 45953 923.625 0
001 0.80381 -34.5 46076 923.625 0
101 0.40497 -32.5 46145 923.625 0
100 5.97025 -40.0 46685 923.625 0
001 0.79153 -34.5 46738 923.625 0
101 0.47860 -32.5 46900 923.625 0
001 2.96365 -33.0 47408 920.625 0
100 1.70579 -40.0 47418 920.625 0
101 2.35006 -32.5 47647 920.625 0
001 2.90229 -32.5 48073 920.625 0
100 1.69965 -39.0 48169 920.625 0
101 2.57095 -32.5 48408 920.625 0
001 2.95751 -33.0 48742 920.625 0
100 1.67511 -39.5 48905 920.625 0
101 1.60761 -32.5 49168 921.625 0
001 2.38687 -33.0 49413 921.625 0
100 1.54012 -40.0 49629 921.625 0
101 1.61988 -32.5 49931 921.625 0
001 2.15984 -33.5 50075 921.625 0
