100 5.47938 -39.5 0 920.625 0
001 3.99449 -50.0 39 920.625 0
101 3.17227 -51.0 102 920.625 0
100 5.29530 -36.0 561 920.625 0
001 4.10493 -43.5 625 920.625 0
101 2.92070 -50.5 735 920.625 0
100 5.72482 -41.0 1122 920.625 0
001 4.67557 -43.0 1223 920.625 0
101 3.10478 -49.5 1365 920.625 0
100 5.88435 -38.0 1697 920.625 0
001 3.73064 -43.5 1808 921.625 0
101 2.42983 -48.5 1998 921.625 0
100 5.26462 -40.0 2250 921.625 0
001 3.69996 -43.0 2410 921.625 0
101 2.58322 -48.5 2626 921.625 0
100 4.92101 -39.5 2812 921.625 0
001 3.66315 -43.0 3007 921.625 0
101 2.38074 -48.5 3251 921.625 0
100 5.08668 -39.5 3375 921.625 0
001 3.08637 -44.0 3602 922.625 0
101 1.79783 -48.0 3874 922.625 0
100 4.20924 -39.5 3923 922.625 0
001 3.03115 -42.5 4199 922.625 0
100 4.15402 -39.0 4483 922.625 0
101 1.73647 -48.0 4505 922.625 0
100 4.46082 -40.0 5052 922.625 0
101 1.71192 -48.0 5133 922.625 0
001 2.57095 -44.0 5393 923.625 0
100 3.23977 -41.0 5618 923.625 0
101 1.47876 -47.5 5762 923.625 0
001 2.62004 -43.5 5987 923.625 0
100 3.33794 -41.0 6173 923.625 0
101 1.30082 -47.5 6385 923.625 0
001 2.62004 -44.0 6582 923.625 0
100 3.23363 -40.5 6734 923.625 0
101 1.19651 -47.5 7007 923.625 0
001 2.68140 -44.0 7173 923.625 0
100 5.46097 -39.0 7307 920.625 0
101 3.31340 -49.0 7634 920.625 0
001 4.43627 -43.5 7771 920.625 0
101 3.54043 -49.0 8260 920.625 0
001 4.47309 -43.0 8358 920.625 0
100 5.42416 -39.0 8445 920.625 0
101 3.31953 -49.0 8886 920.625 0
001 4.35651 -44.0 8954 920.625 0
100 4.74307 -39.5 9016 921.625 0
101 2.47278 -48.5 9509 921.625 0
001 3.74291 -44.0 9550 921.625 0
100 5.18486 -39.5 9582 921.625 0
101 1.87759 -50.5 20045 922.625 0
100 3.71837 -37.0 20050 922.625 0
001 2.92070 -45.0 20055 922.625 0
100 3.63247 -36.5 20618 922.625 0
001 2.90229 -44.0 20634 922.625 0
101 1.73647 -51.5 20673 922.625 0
100 3.62019 -36.5 21194 922.625 0
001 3.14773 -44.0 21215 922.625 0
101 1.71192 -51.0 21299 922.625 0
100 3.64474 -36.0 21753 922.625 0
001 3.02501 -43.5 21806 922.625 0
101 1.22718 -50.0 21932 923.625 0
100 2.84707 -37.0 22334 923.625 0
001 2.03713 -44.0 22389 923.625 0
101 1.32536 -50.5 22556 923.625 0
100 2.85320 -37.5 22907 923.625 0
001 2.07394 -43.0 22983 923.625 0
101 1.51557 -50.0 23182 923.625 0
100 2.82866 -37.5 23470 923.625 0
001 1.96350 -44.0 23581 923.625 0
100 5.12350 -35.0 24037 920.625 0
001 4.06812 -44.0 24165 920.625 0
101 3.06183 -52.0 24468 920.625 0
100 5.09282 -35.0 24600 920.625 0
001 4.22765 -44.5 24752 920.625 0
101 3.08023 -52.5 25095 920.625 0
100 4.87192 -35.0 25178 920.625 0
001 4.14788 -44.0 25335 920.625 0
101 2.73662 -51.5 25727 921.625 0
100 4.76148 -36.0 25740 921.625 0
001 3.23977 -44.5 25921 921.625 0
100 4.47922 -36.0 26306 921.625 0
101 2.49118 -52.0 26350 921.625 0
001 3.28272 -44.5 26504 921.625 0
100 4.37491 -35.5 26878 921.625 0
101 2.52186 -52.0 26978 921.625 0
001 3.27658 -44.5 27079 921.625 0
100 3.71837 -36.5 27456 922.625 0
101 1.61375 -50.5 27606 922.625 0
001 2.72435 -43.5 27665 922.625 0
100 3.63247 -36.5 28041 922.625 0
101 1.74874 -50.5 28224 922.625 0
001 3.14773 -44.0 28256 922.625 0
100 3.61406 -37.0 28602 922.625 0
001 2.64458 -44.0 28846 922.625 0
101 1.74874 -50.0 28852 922.625 0
100 3.15386 -37.5 29172 923.625 0
001 2.01872 -43.5 29432 923.625 0
101 1.54625 -50.5 29476 923.625 0
100 2.91456 -37.5 29733 923.625 0
001 2.04940 -43.0 30014 923.625 0
100 4.80443 -35.5 40067 920.625 0
001 4.44241 -44.0 40072 920.625 0
101 3.00047 -51.5 40079 920.625 0
100 4.79829 -35.5 40631 920.625 0
001 4.16016 -44.5 40658 920.625 0
101 3.03115 -51.5 40703 920.625 0
100 4.77988 -35.5 41214 920.625 0
001 4.27060 -44.5 41242 920.625 0
101 3.03115 -52.0 41327 920.625 0
100 4.77988 -35.5 41775 920.625 0
001 4.22765 -44.0 41819 920.625 0
101 2.54027 -51.5 41958 921.625 0
100 4.18470 -36.0 42345 921.625 0
001 3.27045 -43.5 42407 921.625 0
101 2.70594 -51.0 42585 921.625 0
100 4.14175 -36.0 42902 921.625 0
001 3.25204 -44.5 43000 921.625 0
101 2.66299 -51.5 43214 921.625 0
100 4.39332 -36.0 43475 921.625 0
001 3.17841 -44.0 43585 921.625 0
101 1.71806 -50.5 43840 922.625 0
100 3.34408 -37.0 44053 922.625 0
001 2.69367 -43.5 44172 922.625 0
101 1.73647 -51.0 44463 922.625 0
100 3.27658 -37.5 44630 922.625 0
001 3.14773 -43.0 44762 922.625 0
101 1.60148 -51.0 45088 922.625 0
100 3.27045 -37.5 45198 922.625 0
001 2.61390 -44.0 45346 922.625 0
101 1.30695 -49.5 45711 923.625 0
100 2.81025 -38.0 45784 923.625 0
001 2.11076 -43.5 45925 923.625 0
101 1.12287 -50.0 46338 923.625 0
100 2.87775 -38.0 46348 923.625 0
001 1.94509 -42.5 46522 923.625 0
100 2.62004 -38.0 46908 923.625 0
101 1.23946 -49.5 46961 923.625 0
001 2.00031 -42.5 47101 923.625 0
100 4.70012 -36.0 47484 920.625 0
101 3.03115 -52.5 47584 920.625 0
001 4.22152 -44.0 47689 920.625 0
100 4.73693 -36.0 48038 920.625 0
101 2.95751 -51.5 48205 920.625 0
001 4.20311 -44.5 48279 920.625 0
100 4.70012 -36.0 48612 920.625 0
101 2.96979 -51.5 48828 920.625 0
001 3.96381 -43.5 48871 920.625 0
100 4.25833 -36.5 49174 921.625 0
001 3.24590 -43.5 49452 921.625 0
101 2.48505 -52.0 49463 921.625 0
100 4.11720 -36.5 49745 921.625 0
001 3.25204 -44.5 50041 921.625 0
