001 3.15386 -31.5 0 922.625 0
101 1.59534 -39.0 5 922.625 0
100 1.27014 -39.0 11 922.625 0
100 1.38058 -38.5 477 922.625 0
001 3.11091 -31.5 508 922.625 0
101 1.60148 -38.5 519 922.625 0
100 1.30082 -38.0 945 922.625 0
001 3.14159 -31.5 1003 922.625 0
101 1.73033 -38.5 1030 922.625 0
100 1.29468 -37.5 1426 922.625 0
001 3.09864 -31.5 1496 922.625 0
101 1.61375 -38.5 1539 922.625 0
100 0.79153 -38.5 1894 923.625 0
001 2.69981 -32.0 1989 923.625 0
101 1.25173 -38.5 2054 923.625 0
100 0.51542 -38.5 2362 923.625 0
001 2.33779 -31.5 2495 923.625 0
101 1.47262 -38.0 2575 923.625 0
100 0.58905 -37.5 2840 923.625 0
001 2.60163 -31.5 2994 923.625 0
101 1.06765 -38.0 3089 923.625 0
100 0.72404 -37.0 3308 923.625 0
001 2.33165 -31.5 3495 923.625 0
101 3.19068 -38.0 3597 920.625 0
100 2.68140 -36.0 3781 920.625 0
001 4.47922 -30.0 3976 920.625 0
101 3.28272 -38.0 4119 920.625 0
100 2.92070 -36.0 4242 920.625 0
001 4.50990 -30.0 4483 920.625 0
101 3.20909 -37.5 4643 920.625 0
100 3.09864 -36.0 4705 920.625 0
001 4.50990 -30.0 4996 920.625 0
101 3.33794 -37.5 5170 920.625 0
100 2.67526 -35.5 5175 920.625 0
001 3.70610 -30.5 5485 921.625 0
100 2.02485 -35.0 5635 921.625 0
101 2.47278 -37.5 5693 921.625 0
001 3.73064 -30.5 5968 921.625 0
100 2.08008 -34.5 6095 921.625 0
101 2.38687 -37.0 6223 921.625 0
001 3.74291 -30.5 6452 921.625 0
100 2.34392 -34.5 6553 921.625 0
101 2.42983 -37.0 6751 921.625 0
001 3.69996 -30.0 6955 921.625 0
100 1.95122 -33.5 7007 921.625 0
101 1.67511 -36.5 7271 922.625 0
001 2.85934 -30.0 7450 922.625 0
100 1.26400 -33.0 7465 922.625 0
101 1.67511 -36.0 7788 922.625 0
100 1.45421 -32.0 7922 922.625 0
001 3.23363 -29.5 7942 922.625 0
101 1.80396 -36.0 8311 922.625 0
100 1.27014 -31.0 8379 922.625 0
001 2.88388 -29.0 8433 922.625 0
101 5.40575 -35.5 8825 922.625 0
100 1.55852 -31.5 8839 922.625 0
001 4.43014 -33.5 8929 922.625 0
100 0.03682 -33.5 9317 923.625 0
101 4.08039 -24.5 9329 923.625 0
001 2.22734 -34.5 9439 923.625 0
101 3.14773 -29.0 9814 923.625 0
001 6.09297 -34.5 9931 923.625 0
100 0.30066 -54.0 9984 923.625 0
001 6.09911 -22.5 20044 920.625 0
101 4.34423 -36.0 20051 920.625 0
100 6.06229 -46.5 20488 920.625 0
001 1.03084 -24.5 20522 920.625 0
101 0.36202 -51.0 20533 920.625 0
100 5.53460 -39.5 20936 920.625 0
001 1.22718 -27.0 21023 920.625 0
100 5.27076 -46.5 21389 920.625 0
001 3.57724 -45.5 21519 920.625 0
100 5.95798 -40.0 21786 920.625 0
101 0.02454 -32.0 21990 921.625 0
001 3.98835 -44.5 22023 921.625 0
100 6.25251 -46.0 22252 921.625 0
101 1.01243 -28.0 22485 921.625 0
001 1.46649 -34.5 22503 921.625 0
100 5.90889 -42.5 22709 921.625 0
001 5.49779 -43.5 22969 921.625 0
101 3.53429 -34.0 22996 921.625 0
100 2.34392 -39.0 23154 921.625 0
001 0.59518 -37.5 23441 921.625 0
101 5.98866 -50.0 23498 921.625 0
100 5.67573 -49.0 23621 921.625 0
001 5.84753 -33.5 23903 922.625 0
101 3.17841 -46.5 24006 922.625 0
100 1.32536 -50.0 24011 922.625 0
001 6.03161 -43.5 24377 922.625 0
101 2.99433 -44.0 24494 922.625 0
100 2.45437 -42.5 24499 922.625 0
001 4.85965 -33.0 24861 922.625 0
100 2.73662 -47.0 24957 922.625 0
101 1.23946 -40.5 24977 922.625 0
001 4.87806 -34.0 25312 922.625 0
100 1.38672 -55.0 25407 922.625 0
101 5.64505 -39.0 25462 923.625 0
001 2.64458 -40.0 25776 923.625 0
100 3.65087 -39.5 25861 923.625 0
101 5.76777 -43.5 25957 923.625 0
001 0.67495 -42.0 26236 923.625 0
100 5.97639 -25.5 26310 923.625 0
101 4.47922 -41.5 26454 923.625 0
001 0.20249 -36.0 26681 923.625 0
100 2.23348 -25.0 26794 923.625 0
101 4.80443 -30.5 26932 923.625 0
001 3.11705 -50.0 27165 923.625 0
100 2.95138 -25.0 27284 920.625 0
101 0.60132 -29.0 27390 920.625 0
100 4.16016 -40.0 27660 920.625 0
001 3.59565 -49.0 27672 920.625 0
101 0.22703 -32.0 27856 920.625 0
100 5.98253 -47.5 28105 920.625 0
001 4.87192 -33.5 28125 920.625 0
101 5.18486 -31.0 28328 920.625 0
001 0.17794 -43.5 28564 920.625 0
100 1.69965 -32.5 28569 920.625 0
101 0.03682 -38.0 28793 920.625 0
001 2.87161 -43.0 29013 920.625 0
100 4.14175 -41.0 29028 921.625 0
101 0.01227 -34.5 29249 921.625 0
100 2.52800 -34.5 29459 921.625 0
001 2.63231 -34.5 29464 921.625 0
101 5.91503 -35.0 29716 921.625 0
100 2.95138 -42.0 29890 921.625 0
001 2.79798 -33.5 29923 921.625 0
101 2.35619 -30.0 40070 922.625 0
100 3.95767 -41.0 40075 922.625 0
100 4.06812 -40.5 40519 922.625 0
101 2.37460 -29.5 40534 922.625 0
100 3.92699 -41.0 40952 922.625 0
101 2.36847 -30.0 41000 922.625 0
100 4.03130 -41.0 41386 922.625 0
101 2.35006 -30.0 41468 922.625 0
100 3.98835 -40.5 41811 922.625 0
101 1.55239 -30.5 41936 923.625 0
100 3.08023 -41.0 42237 923.625 0
101 1.61375 -30.0 42403 923.625 0
100 3.16614 -41.0 42669 923.625 0
101 1.62602 -30.0 42863 923.625 0
100 3.25818 -41.0 43095 923.625 0
101 1.56466 -30.0 43321 923.625 0
100 3.08637 -41.0 43520 923.625 0
101 3.85950 -29.5 43788 920.625 0
100 5.60823 -41.0 43962 920.625 0
101 3.84722 -29.5 44250 920.625 0
100 5.63278 -41.0 44407 920.625 0
101 3.87790 -29.5 44712 920.625 0
100 5.51619 -41.5 44836 920.625 0
101 3.92699 -29.0 45175 920.625 0
100 5.58983 -41.5 45265 920.625 0
101 3.11705 -29.5 45649 921.625 0
100 4.72466 -41.0 45706 921.625 0
101 3.09251 -29.5 46122 921.625 0
100 4.67557 -41.5 46139 921.625 0
100 4.70012 -41.0 46565 921.625 0
101 3.07410 -29.5 46599 921.625 0
100 4.71852 -41.5 47007 921.625 0
101 3.10478 -29.5 47073 921.625 0
100 3.89631 -42.0 47434 922.625 0
101 2.31938 -29.5 47547 922.625 0
100 3.96994 -42.0 47876 922.625 0
101 2.30711 -30.0 48015 922.625 0
100 3.94540 -42.0 48320 922.625 0
101 2.30711 -30.0 48480 922.625 0
100 4.01903 -42.0 48753 922.625 0
101 2.27029 -30.0 48953 922.625 0
100 3.09251 -42.5 49189 923.625 0
001 5.30144 -53.5 49200 923.625 0
101 1.54625 -30.0 49420 923.625 0
100 3.06183 -42.0 49619 923.625 0
001 5.41188 -53.0 49629 923.625 0
101 1.57693 -30.0 49883 923.625 0
100 2.97592 -42.0 50057 923.625 0
