100 1.72419 -36.0 0 920.625 0
101 4.23992 -30.5 7 920.625 0
001 1.33763 -31.5 12 920.625 0
101 4.23379 -30.5 385 920.625 0
001 1.33150 -31.5 395 920.625 0
100 1.71192 -36.5 412 920.625 0
001 1.30082 -32.0 769 920.625 0
101 4.13561 -30.5 780 920.625 0
100 1.69965 -36.0 823 920.625 0
001 1.27627 -31.5 1142 920.625 0
101 3.94540 -30.5 1163 920.625 0
100 1.78555 -36.0 1232 920.625 0
001 1.23946 -32.0 1520 920.625 0
101 4.22152 -30.5 1545 920.625 0
100 1.70579 -36.5 1643 920.625 0
001 0.62586 -32.5 1889 921.625 0
101 3.41157 -31.0 1926 921.625 0
100 1.21491 -36.0 2059 921.625 0
001 0.56450 -33.0 2262 921.625 0
101 3.52816 -31.0 2305 921.625 0
100 1.30695 -36.0 2483 921.625 0
001 0.55837 -33.0 2635 921.625 0
101 3.67542 -31.0 2684 921.625 0
100 1.11674 -36.0 2904 921.625 0
001 0.55837 -32.5 3017 921.625 0
101 3.38703 -31.0 3058 921.625 0
100 0.95720 -36.0 3311 921.625 0
001 0.55223 -32.5 3406 921.625 0
101 3.69996 -31.0 3433 921.625 0
100 0.58905 -35.5 3714 922.625 0
001 0.12885 -33.0 3807 922.625 0
101 2.49118 -31.0 3822 922.625 0
100 0.33134 -35.5 4139 922.625 0
001 0.08590 -33.0 4205 922.625 0
101 2.57095 -31.0 4210 922.625 0
100 0.31907 -35.5 4546 922.625 0
101 2.70594 -31.0 4584 922.625 0
001 0.01227 -33.5 4595 922.625 0
100 0.39270 -35.5 4952 922.625 0
101 2.52800 -30.5 4964 922.625 0
001 6.24637 -33.5 4973 922.625 0
101 2.74276 -30.5 5348 922.625 0
001 0.09817 -33.5 5360 922.625 0
100 5.98866 -35.5 5390 923.625 0
101 2.03099 -31.0 5723 923.625 0
001 5.68800 -34.0 5734 923.625 0
100 5.91503 -35.5 5797 923.625 0
101 2.12917 -31.0 6102 923.625 0
001 6.03161 -34.0 6122 923.625 0
100 5.92117 -35.5 6213 923.625 0
101 2.00031 -31.0 6480 923.625 0
001 5.71254 -34.0 6505 923.625 0
100 5.91503 -35.5 6623 923.625 0
101 2.15984 -31.0 6859 923.625 0
001 5.49779 -34.0 6905 923.625 0
100 6.00707 -35.5 7034 923.625 0
101 4.01289 -30.5 7239 920.625 0
001 1.34377 -31.0 7286 920.625 0
100 1.73647 -36.0 7453 920.625 0
101 4.05585 -30.5 7611 920.625 0
001 1.31922 -31.0 7660 920.625 0
100 1.76101 -36.5 7861 920.625 0
101 3.99449 -30.5 7989 920.625 0
001 1.35604 -31.5 8033 920.625 0
100 1.73647 -36.5 8276 920.625 0
101 4.11720 -30.5 8371 920.625 0
001 1.31309 -31.0 8414 920.625 0
100 1.76101 -36.5 8686 920.625 0
101 3.92699 -30.5 8746 920.625 0
001 1.33150 -31.5 8785 920.625 0
100 0.94493 -36.0 9096 921.625 0
101 3.33794 -30.5 9140 921.625 0
001 0.61973 -32.0 9164 921.625 0
100 1.15969 -36.0 9518 921.625 0
101 3.52202 -30.5 9529 921.625 0
001 0.55837 -32.5 9540 921.625 0
101 3.36862 -31.0 9906 921.625 0
001 0.55223 -32.5 9922 921.625 0
100 1.19651 -36.0 9940 921.625 0
100 0.43565 -36.0 20047 922.625 0
001 6.27705 -33.5 20052 922.625 0
101 2.73662 -30.5 20057 922.625 0
001 0.34975 -34.0 20423 922.625 0
101 2.69981 -30.5 20451 922.625 0
100 0.56450 -36.0 20471 922.625 0
001 6.25251 -34.0 20805 922.625 0
101 2.74276 -30.0 20826 922.625 0
100 0.41724 -36.0 20881 922.625 0
001 0.17794 -34.0 21181 922.625 0
101 2.62618 -30.0 21213 922.625 0
100 0.39884 -36.0 21299 922.625 0
001 0.21476 -33.5 21555 922.625 0
101 2.72435 -30.5 21592 922.625 0
100 0.42951 -36.0 21714 922.625 0
001 5.67573 -34.0 21934 923.625 0
101 2.06167 -30.5 21984 923.625 0
100 5.90276 -36.0 22119 923.625 0
001 5.73095 -33.5 22310 923.625 0
101 2.04326 -30.5 22369 923.625 0
100 6.19728 -35.5 22527 923.625 0
001 5.46711 -34.0 22685 923.625 0
101 2.12917 -30.5 22754 923.625 0
100 6.00707 -35.5 22945 923.625 0
001 5.48552 -33.5 23062 923.625 0
101 2.13530 -30.5 23137 923.625 0
100 5.84140 -35.5 23357 923.625 0
001 5.63891 -34.0 23454 923.625 0
101 2.05553 -30.5 23513 923.625 0
100 1.67511 -36.5 23764 920.625 0
001 1.33150 -31.5 23833 920.625 0
101 4.38719 -30.0 23893 920.625 0
100 1.74874 -36.5 24179 920.625 0
001 1.34377 -31.5 24206 920.625 0
101 4.23992 -30.0 24280 920.625 0
001 1.33150 -31.5 24583 920.625 0
100 1.81623 -36.5 24606 920.625 0
101 4.29515 -30.0 24658 920.625 0
001 1.30695 -31.5 24947 920.625 0
100 1.78555 -36.5 25023 920.625 0
101 4.29515 -30.0 25038 920.625 0
001 1.36831 -31.5 25319 920.625 0
101 3.29499 -30.5 25431 921.625 0
100 1.22718 -36.0 25440 921.625 0
001 0.98175 -33.0 25695 921.625 0
101 3.26431 -30.5 25815 921.625 0
100 1.20878 -36.0 25853 921.625 0
001 0.88357 -32.5 26078 921.625 0
101 3.17841 -30.5 26199 921.625 0
100 1.14128 -36.0 26268 921.625 0
001 0.60746 -33.0 26455 921.625 0
101 3.27045 -30.5 26588 921.625 0
100 1.13515 -36.0 26689 921.625 0
001 0.81608 -33.0 26843 921.625 0
101 3.28885 -30.5 26971 921.625 0
100 1.26400 -36.0 27102 921.625 0
001 0.01841 -34.0 27228 922.625 0
101 2.52800 -30.5 27357 922.625 0
100 0.38656 -36.0 27509 922.625 0
001 6.21569 -34.0 27607 922.625 0
101 2.48505 -30.5 27749 922.625 0
100 0.77926 -36.0 27919 922.625 0
001 6.24023 -34.0 28000 922.625 0
101 2.63231 -30.5 28134 922.625 0
100 0.30680 -36.0 28327 922.625 0
001 0.19635 -34.0 28376 922.625 0
101 2.49732 -30.0 28519 922.625 0
100 0.38656 -36.0 28743 922.625 0
001 6.25251 -33.5 28760 922.625 0
101 2.43596 -30.5 28912 922.625 0
001 5.81686 -34.5 29158 923.625 0
100 5.90276 -35.5 29169 923.625 0
101 2.13530 -30.5 29292 923.625 0
001 5.87208 -34.5 29545 923.625 0
100 6.02548 -35.5 29583 923.625 0
101 2.03713 -30.0 29673 923.625 0
001 5.78618 -33.5 29919 923.625 0
100 5.95798 -35.5 29984 923.625 0
101 4.44241 -30.0 40072 920.625 0
001 1.25173 -31.5 40077 920.625 0
100 1.73647 -37.0 40083 920.625 0
001 1.21491 -31.0 40455 920.625 0
101 3.92085 -30.0 40467 920.625 0
100 1.61988 -37.0 40499 920.625 0
001 1.23946 -31.0 40834 920.625 0
101 4.36878 -30.0 40854 920.625 0
100 1.53398 -37.0 40912 920.625 0
001 1.30082 -31.0 41219 920.625 0
101 4.08039 -30.0 41233 920.625 0
100 1.74260 -36.5 41322 920.625 0
001 1.27627 -31.0 41605 920.625 0
101 4.08039 -30.0 41625 920.625 0
100 1.63216 -37.0 41733 920.625 0
001 0.96948 -32.0 41992 921.625 0
101 3.16614 -30.5 42007 921.625 0
100 1.15355 -36.0 42153 921.625 0
001 0.73017 -32.0 42385 921.625 0
101 3.20295 -30.0 42407 921.625 0
100 1.04311 -36.0 42579 921.625 0
001 0.69950 -33.0 42772 921.625 0
101 3.28885 -30.0 42788 921.625 0
100 1.36831 -36.0 42986 921.625 0
001 1.12901 -33.0 43149 921.625 0
101 3.25204 -30.0 43180 921.625 0
100 1.31922 -36.0 43420 921.625 0
001 0.58291 -33.0 43536 921.625 0
101 3.27045 -30.0 43557 921.625 0
100 0.58291 -36.0 43835 922.625 0
001 6.21569 -33.5 43912 922.625 0
101 2.87161 -30.0 43943 922.625 0
100 0.26998 -36.0 44241 922.625 0
001 0.30066 -33.5 44285 922.625 0
101 2.48505 -30.0 44331 922.625 0
100 0.60746 -36.0 44663 922.625 0
001 0.39884 -34.0 44685 922.625 0
101 2.67526 -30.0 44717 922.625 0
001 0.28839 -34.0 45064 922.625 0
100 0.77313 -36.0 45075 922.625 0
101 2.71821 -30.0 45108 922.625 0
001 5.85367 -34.5 45456 923.625 0
101 2.06781 -30.0 45488 923.625 0
100 5.91503 -36.0 45498 923.625 0
001 5.91503 -34.5 45835 923.625 0
101 2.11076 -30.0 45872 923.625 0
100 5.96412 -36.0 45927 923.625 0
001 5.91503 -34.5 46219 923.625 0
101 2.14757 -30.5 46261 923.625 0
100 6.03161 -35.5 46346 923.625 0
001 5.63278 -35.0 46606 923.625 0
101 2.09235 -30.5 46650 923.625 0
100 5.90889 -35.5 46773 923.625 0
001 5.70027 -34.5 46983 923.625 0
101 2.08008 -30.5 47032 923.625 0
100 5.91503 -35.5 47191 923.625 0
001 1.25786 -32.0 47363 920.625 0
101 4.10493 -30.0 47421 920.625 0
100 1.63829 -36.5 47614 920.625 0
001 1.23332 -32.0 47746 920.625 0
101 4.08039 -30.0 47811 920.625 0
100 1.73647 -36.5 48026 920.625 0
001 1.26400 -32.5 48126 920.625 0
101 4.36878 -30.0 48193 920.625 0
100 1.67511 -36.5 48441 920.625 0
001 1.34990 -32.0 48511 920.625 0
101 4.29515 -29.5 48581 920.625 0
100 1.50944 -36.5 48863 920.625 0
001 1.30695 -31.5 48890 920.625 0
101 4.03130 -30.0 48970 920.625 0
001 0.66882 -32.5 49278 921.625 0
100 1.10447 -36.0 49289 921.625 0
101 3.19682 -30.0 49358 921.625 0
001 0.61359 -33.0 49655 921.625 0
100 1.13515 -36.0 49709 921.625 0
101 3.29499 -30.0 49760 921.625 0
001 0.74858 -33.5 50037 921.625 0
