100 4.13561 -48.0 0 922.625 0
001 0.92039 -29.5 6 922.625 0
101 2.96979 -30.5 11 922.625 0
101 2.99433 -30.0 357 922.625 0
001 0.96948 -29.5 368 922.625 0
100 4.40559 -48.0 377 922.625 0
101 2.95751 -30.0 699 922.625 0
001 0.98788 -29.5 724 922.625 0
100 4.09266 -48.5 762 922.625 0
101 2.99433 -30.0 1042 922.625 0
001 1.28854 -29.5 1068 922.625 0
100 4.09880 -48.5 1132 922.625 0
101 2.97592 -30.0 1388 922.625 0
001 0.93266 -30.0 1409 922.625 0
100 4.22152 -48.5 1498 922.625 0
101 2.91456 -29.5 1744 922.625 0
001 0.92039 -29.0 1765 922.625 0
100 3.25204 -61.0 1891 923.625 0
101 2.27029 -31.0 2097 923.625 0
001 0.08590 -30.0 2113 923.625 0
100 2.92070 -56.5 2266 923.625 0
101 2.33165 -31.0 2458 923.625 0
001 0.14113 -30.0 2463 923.625 0
100 2.96979 -60.5 2644 923.625 0
101 2.27029 -30.5 2798 923.625 0
001 0.09204 -30.0 2824 923.625 0
100 3.03728 -59.0 3021 923.625 0
101 2.25188 -31.0 3140 923.625 0
001 0.03068 -30.0 3172 923.625 0
100 3.06183 -59.0 3410 923.625 0
101 2.38074 -30.5 3485 923.625 0
001 0.02454 -29.5 3521 923.625 0
100 5.89662 -41.0 3781 920.625 0
101 4.37491 -29.5 3838 920.625 0
001 2.41142 -28.5 3866 920.625 0
100 5.74936 -40.0 4153 920.625 0
101 4.33196 -29.5 4181 920.625 0
001 2.35619 -28.5 4218 920.625 0
100 5.74322 -40.5 4528 920.625 0
101 4.39946 -30.0 4537 920.625 0
001 2.33779 -29.0 4553 920.625 0
101 4.42400 -29.5 4884 920.625 0
001 2.41142 -28.5 4900 920.625 0
100 6.20342 -40.0 4910 920.625 0
101 4.33196 -29.5 5225 920.625 0
001 2.59550 -28.5 5245 920.625 0
100 6.01320 -41.0 5301 920.625 0
101 3.58338 -30.0 5579 921.625 0
001 1.54625 -29.0 5589 921.625 0
100 5.07441 -43.5 5675 921.625 0
001 1.63829 -28.5 5926 921.625 0
101 3.59565 -30.0 5937 921.625 0
100 5.09282 -45.0 6062 921.625 0
001 1.55852 -28.5 6264 921.625 0
101 3.68155 -30.0 6279 921.625 0
100 5.10509 -44.0 6441 921.625 0
001 1.75487 -28.5 6602 921.625 0
101 3.56497 -30.0 6624 921.625 0
100 5.02532 -45.0 6814 921.625 0
001 1.73033 -28.5 6948 921.625 0
101 3.55270 -30.0 6976 921.625 0
100 4.45468 -49.5 7187 922.625 0
001 0.90812 -28.5 7294 922.625 0
101 2.84707 -30.0 7318 922.625 0
100 4.27060 -50.5 7558 922.625 0
001 0.98175 -29.0 7650 922.625 0
101 2.87775 -30.0 7672 922.625 0
100 4.66944 -49.0 7932 922.625 0
001 1.19037 -28.5 7992 922.625 0
101 2.95751 -30.0 8014 922.625 0
100 4.32583 -49.0 8311 922.625 0
001 1.16583 -29.0 8334 922.625 0
100 4.41173 -50.0 8685 922.625 0
001 1.28854 -29.0 8690 922.625 0
101 2.89002 -30.0 8701 922.625 0
001 0.08590 -29.5 9038 923.625 0
101 2.14144 -31.0 9049 923.625 0
100 3.55884 -62.0 9065 923.625 0
001 0.01227 -29.5 9375 923.625 0
101 2.25802 -31.0 9392 923.625 0
100 3.57724 -62.5 9447 923.625 0
001 0.03682 -29.0 9728 923.625 0
101 2.56482 -30.5 9739 923.625 0
100 3.93926 -64.5 9843 923.625 0
100 5.76777 -43.0 20037 920.625 0
101 4.43014 -29.0 20042 920.625 0
001 2.37460 -28.5 20047 920.625 0
101 4.36264 -29.0 20390 920.625 0
001 2.47278 -28.5 20400 920.625 0
100 5.74936 -42.5 20411 920.625 0
101 4.37491 -29.5 20741 920.625 0
001 2.35619 -28.5 20752 920.625 0
100 5.71254 -43.0 20794 920.625 0
101 4.41786 -29.0 21089 920.625 0
001 2.62004 -28.5 21115 920.625 0
100 6.12365 -42.5 21180 920.625 0
101 4.38105 -29.0 21442 920.625 0
001 2.33165 -28.5 21460 920.625 0
100 6.12979 -43.0 21573 920.625 0
101 4.35651 -29.5 21799 920.625 0
001 2.33165 -29.0 21808 920.625 0
100 4.74920 -46.5 21956 921.625 0
101 3.71837 -29.5 22151 921.625 0
001 1.54625 -29.0 22156 921.625 0
100 4.74307 -47.5 22334 921.625 0
001 1.53398 -29.0 22501 921.625 0
101 3.70610 -29.5 22517 921.625 0
100 4.79829 -46.5 22707 921.625 0
001 1.55239 -29.0 22843 921.625 0
101 3.71837 -29.5 22871 921.625 0
100 4.87806 -47.5 23088 921.625 0
001 1.52784 -29.0 23191 921.625 0
101 3.71837 -29.5 23217 921.625 0
100 4.85352 -46.5 23479 921.625 0
001 1.55852 -29.0 23558 921.625 0
101 3.84722 -29.5 23567 921.625 0
001 0.79767 -29.5 23901 922.625 0
101 3.00660 -30.0 23916 922.625 0
001 0.81608 -29.5 24256 922.625 0
101 2.98206 -30.0 24265 922.625 0
001 0.79767 -29.5 24602 922.625 0
101 3.45452 -30.5 24613 922.625 0
100 3.92085 -57.5 24634 922.625 0
001 0.82835 -29.5 24949 922.625 0
101 2.91456 -30.0 24960 922.625 0
101 2.96365 -30.0 25305 922.625 0
001 0.84062 -29.5 25316 922.625 0
100 0.68722 -57.0 25434 923.625 0
101 2.17825 -30.5 25662 923.625 0
001 0.11658 -29.5 25676 923.625 0
100 0.87130 -59.0 25818 923.625 0
101 2.52186 -30.5 26004 923.625 0
001 0.07977 -29.0 26020 923.625 0
100 0.39884 -56.5 26199 923.625 0
101 2.15984 -30.5 26350 923.625 0
001 0.04909 -29.5 26367 923.625 0
100 0.78540 -58.5 26572 923.625 0
101 2.27643 -30.5 26695 923.625 0
001 0.04295 -29.0 26716 923.625 0
100 0.41111 -56.0 26948 923.625 0
101 2.16598 -30.5 27039 923.625 0
001 0.09817 -29.0 27066 923.625 0
100 5.77390 -43.0 27328 920.625 0
101 4.36878 -29.5 27381 920.625 0
001 2.69367 -28.5 27413 920.625 0
100 5.78004 -44.0 27720 920.625 0
101 4.35037 -29.5 27736 920.625 0
001 2.50346 -28.5 27756 920.625 0
101 4.36264 -29.5 28097 920.625 0
100 5.77390 -43.0 28102 920.625 0
001 2.57709 -28.5 28112 920.625 0
101 4.39946 -29.5 28446 920.625 0
001 2.50346 -28.5 28463 920.625 0
100 6.19728 -44.0 28483 920.625 0
101 4.36878 -29.5 28803 920.625 0
001 2.24575 -28.5 28813 920.625 0
100 6.14206 -43.5 28872 920.625 0
101 3.59565 -29.5 29148 921.625 0
001 1.50944 -28.0 29162 921.625 0
100 5.17258 -48.0 29261 921.625 0
101 3.64474 -30.0 29506 921.625 0
001 1.48489 -28.0 29530 921.625 0
100 5.14804 -47.0 29640 921.625 0
101 3.62633 -29.5 29852 921.625 0
001 1.49717 -28.0 29896 921.625 0
100 5.26462 -48.5 30025 921.625 0
101 2.91456 -30.5 40074 922.625 0
001 1.21491 -29.0 40079 922.625 0
100 4.55285 -59.5 40084 922.625 0
101 2.88388 -30.0 40429 922.625 0
001 0.87744 -28.5 40441 922.625 0
101 2.92684 -30.5 40794 922.625 0
001 0.76699 -28.5 40809 922.625 0
101 2.93297 -30.0 41158 922.625 0
001 1.04311 -28.5 41168 922.625 0
100 4.74920 -57.0 41265 922.625 0
001 1.01243 -28.5 41521 922.625 0
100 4.91487 -56.5 41658 922.625 0
101 2.22734 -31.0 41878 923.625 0
001 6.26478 -29.0 41884 923.625 0
100 0.01227 -54.0 42041 923.625 0
101 2.13530 -30.5 42226 923.625 0
001 0.01227 -29.0 42242 923.625 0
101 2.22120 -30.5 42575 923.625 0
001 0.06750 -29.0 42602 923.625 0
101 2.20280 -30.5 42934 923.625 0
001 0.05522 -29.0 42955 923.625 0
101 2.57709 -30.5 43298 923.625 0
001 0.03068 -29.0 43313 923.625 0
101 4.36878 -29.5 43665 920.625 0
001 2.37460 -28.5 43682 920.625 0
100 5.77390 -44.5 43966 920.625 0
101 4.38105 -29.5 44026 920.625 0
001 2.43596 -28.5 44037 920.625 0
100 6.23410 -43.5 44361 920.625 0
001 2.15984 -28.0 44387 920.625 0
101 4.38105 -29.5 44392 920.625 0
001 2.75503 -28.0 44735 920.625 0
100 6.22183 -44.5 44746 920.625 0
101 4.33810 -29.5 44761 920.625 0
001 2.22120 -28.0 45084 920.625 0
101 4.36264 -29.5 45116 920.625 0
100 6.11138 -43.5 45127 920.625 0
001 2.16598 -28.0 45437 920.625 0
101 3.69996 -30.0 45478 921.625 0
100 5.09895 -49.5 45520 921.625 0
001 1.46035 -28.5 45799 921.625 0
101 3.79200 -29.5 45830 921.625 0
100 5.07441 -48.5 45898 921.625 0
001 1.47262 -28.5 46144 921.625 0
101 3.73064 -29.5 46187 921.625 0
100 5.17872 -50.5 46278 921.625 0
001 1.46649 -28.0 46497 921.625 0
101 3.70610 -30.0 46539 921.625 0
100 5.27076 -49.0 46664 921.625 0
001 1.34990 -27.5 46857 921.625 0
101 3.71837 -30.0 46894 921.625 0
100 5.21553 -48.5 47044 921.625 0
001 1.35604 -27.5 47211 921.625 0
101 3.66928 -30.0 47243 921.625 0
100 5.11736 -56.0 47421 922.625 0
001 1.09833 -28.0 47569 922.625 0
101 2.82866 -30.5 47597 922.625 0
100 5.20326 -57.5 47798 922.625 0
001 0.96334 -28.0 47918 922.625 0
101 2.82252 -30.5 47952 922.625 0
100 5.13577 -56.0 48195 922.625 0
001 0.73631 -28.0 48280 922.625 0
101 2.87161 -31.0 48300 922.625 0
100 5.09895 -57.5 48570 922.625 0
001 0.81608 -28.5 48642 922.625 0
101 2.83480 -31.0 48663 922.625 0
100 5.23394 -55.5 48947 922.625 0
001 1.03697 -28.0 49011 922.625 0
101 2.82252 -30.5 49027 922.625 0
100 6.01320 -52.5 49330 923.625 0
001 6.22183 -29.0 49358 923.625 0
101 2.14144 -31.5 49380 923.625 0
001 6.22183 -28.5 49713 923.625 0
100 6.27705 -52.5 49724 923.625 0
101 2.14144 -31.5 49735 923.625 0
001 6.23410 -28.5 50066 923.625 0
