001 2.49118 -44.5 0 920.625 0
001 2.76117 -44.0 762 920.625 0
001 2.25802 -44.0 1533 920.625 0
001 1.55852 -45.0 2296 921.625 0
001 1.53398 -45.0 3077 921.625 0
001 0.81608 -45.0 3849 922.625 0
001 0.79767 -45.0 4614 922.625 0
001 0.22089 -45.0 5396 923.625 0
001 0.27612 -45.0 6169 923.625 0
001 0.26384 -44.5 6928 923.625 0
001 2.19052 -43.5 7701 920.625 0
001 2.22734 -44.0 8472 920.625 0
001 1.52784 -44.0 9240 921.625 0
001 0.83449 -45.0 20047 922.625 0
001 0.80994 -45.5 20814 922.625 0
001 0.76085 -45.5 21578 922.625 0
001 0.10431 -45.0 22347 923.625 0
001 0.11045 -45.5 23121 923.625 0
001 2.11689 -44.5 23894 920.625 0
001 2.35006 -44.5 24667 920.625 0
001 1.76101 -45.0 25443 921.625 0
001 1.47262 -45.0 26213 921.625 0
001 1.81623 -44.5 26977 921.625 0
001 0.76699 -45.0 27742 922.625 0
001 0.80994 -45.0 28510 922.625 0
001 0.11045 -45.0 29278 923.625 0
001 0.10431 -45.0 30046 923.625 0
001 2.42983 -44.0 40083 920.625 0
001 2.09235 -44.0 40842 920.625 0
001 2.13530 -44.0 41622 920.625 0
001 1.39285 -44.5 42429 921.625 0
001 1.38672 -44.5 43212 921.625 0
001 1.03697 -45.0 43980 922.625 0
001 1.02470 -45.0 44751 922.625 0
001 0.03682 -45.5 45520 923.625 0
001 0.00614 -45.5 46296 923.625 0
001 0.01841 -45.5 47073 923.625 0
001 2.57709 -44.5 47842 920.625 0
001 2.11689 -44.5 48621 920.625 0
001 1.42967 -44.5 49397 921.625 0
