001 2.00645 -40.5 0 922.625 0
100 4.67557 -47.5 8 922.625 0
001 1.95736 -40.5 729 922.625 0
001 1.99418 -40.5 1464 922.625 0
001 1.29468 -40.5 2205 923.625 0
100 3.84109 -47.5 2233 923.625 0
001 1.21491 -40.5 2941 923.625 0
100 3.87790 -47.5 2977 923.625 0
001 3.37476 -40.0 3672 920.625 0
100 5.93957 -46.5 3716 920.625 0
001 3.29499 -40.0 4406 920.625 0
100 5.99480 -46.5 4455 920.625 0
001 3.33181 -40.0 5139 920.625 0
100 5.97639 -46.5 5193 920.625 0
001 2.75503 -40.0 5863 921.625 0
100 5.27689 -47.0 5936 921.625 0
001 2.72435 -40.0 6603 921.625 0
100 5.22781 -47.0 6683 921.625 0
001 2.23348 -39.5 7329 922.625 0
100 4.62035 -47.5 7440 922.625 0
001 2.12303 -40.0 8062 922.625 0
100 4.95169 -47.5 8200 922.625 0
001 1.93895 -40.0 8787 922.625 0
100 4.66944 -47.0 8942 922.625 0
001 1.19037 -40.5 9513 923.625 0
100 3.72451 -47.5 9681 923.625 0
001 3.27658 -40.0 20040 920.625 0
100 5.93344 -47.0 20045 920.625 0
001 3.19682 -40.0 20774 920.625 0
100 5.90889 -47.0 20797 920.625 0
001 3.27658 -40.0 21503 920.625 0
100 5.90276 -47.0 21548 920.625 0
001 2.72435 -40.0 22240 921.625 0
100 5.19099 -47.5 22285 921.625 0
001 2.71208 -40.0 22964 921.625 0
100 5.22167 -47.0 23026 921.625 0
001 2.10462 -39.5 23690 922.625 0
100 4.38719 -47.5 23774 922.625 0
001 1.93282 -39.5 24419 922.625 0
100 4.41173 -47.5 24525 922.625 0
001 1.95122 -40.0 25142 922.625 0
100 4.45468 -47.0 25266 922.625 0
001 1.11060 -40.0 25872 923.625 0
100 3.64474 -47.5 26014 923.625 0
001 1.23332 -40.0 26594 923.625 0
100 3.64474 -47.5 26759 923.625 0
001 3.16614 -39.5 27334 920.625 0
100 5.81072 -47.5 27502 920.625 0
001 3.22136 -39.5 28056 920.625 0
100 6.03775 -47.5 28251 920.625 0
001 3.23363 -40.0 28789 920.625 0
100 5.92730 -48.0 28997 920.625 0
001 2.70594 -40.0 29532 921.625 0
100 5.10509 -48.0 29754 921.625 0
001 1.86532 -39.5 40072 922.625 0
100 4.30742 -48.5 40077 922.625 0
001 1.91441 -39.5 40792 922.625 0
100 4.30128 -48.0 40815 922.625 0
001 2.00031 -39.5 41521 922.625 0
100 4.19084 -48.0 41557 922.625 0
001 0.95720 -40.0 42264 923.625 0
100 3.76746 -48.5 42303 923.625 0
001 0.96334 -40.0 42990 923.625 0
100 3.54043 -48.5 43048 923.625 0
001 3.21522 -39.5 43730 920.625 0
100 5.84753 -48.0 43801 920.625 0
001 3.22750 -39.5 44458 920.625 0
100 5.84140 -48.0 44551 920.625 0
001 3.20295 -39.5 45185 920.625 0
100 5.81072 -48.5 45296 920.625 0
001 2.68753 -39.5 45923 921.625 0
100 4.94555 -48.5 46042 921.625 0
001 2.70594 -40.0 46652 921.625 0
100 4.82284 -48.5 46802 921.625 0
001 1.82851 -39.5 47383 922.625 0
100 4.36264 -48.5 47551 922.625 0
001 2.17825 -39.5 48107 922.625 0
100 4.16016 -48.0 48301 922.625 0
001 2.06781 -39.5 48836 922.625 0
100 3.51588 -48.5 49060 923.625 0
001 0.84676 -39.5 49570 923.625 0
100 3.51588 -49.0 49808 923.625 0
