001 0.15953 -31.5 0 922.625 0
100 0.97561 -39.5 5 922.625 0
101 5.96412 -49.5 11 922.625 0
001 0.28225 -31.0 427 922.625 0
100 1.22718 -39.5 433 922.625 0
101 6.05002 -49.5 442 922.625 0
001 0.07363 -31.0 836 922.625 0
100 0.85903 -40.0 847 922.625 0
101 6.07456 -49.0 870 922.625 0
001 0.13499 -31.0 1247 922.625 0
100 0.75472 -39.0 1266 922.625 0
101 6.01934 -48.5 1302 922.625 0
001 0.05522 -31.5 1658 922.625 0
100 0.96334 -40.0 1690 922.625 0
101 6.11138 -49.0 1735 922.625 0
001 5.85981 -31.0 2072 923.625 0
100 6.26478 -40.0 2121 923.625 0
101 5.20940 -50.0 2166 923.625 0
001 5.80458 -31.5 2484 923.625 0
100 6.26478 -39.5 2547 923.625 0
101 5.13577 -50.0 2600 923.625 0
001 5.78004 -31.5 2889 923.625 0
100 0.00614 -40.0 2970 923.625 0
101 5.19713 -50.0 3033 923.625 0
001 5.89662 -31.5 3299 923.625 0
100 6.27091 -40.0 3383 923.625 0
101 5.19099 -50.5 3465 923.625 0
001 1.55852 -31.0 3708 920.625 0
100 2.11076 -37.5 3799 920.625 0
001 1.57693 -31.0 4126 920.625 0
100 2.27029 -38.5 4217 920.625 0
001 1.58307 -31.0 4531 920.625 0
100 2.06781 -37.5 4636 920.625 0
001 1.55852 -31.5 4948 920.625 0
100 2.08008 -37.5 5063 920.625 0
001 1.55852 -31.0 5365 920.625 0
100 1.38058 -39.0 5488 921.625 0
101 0.85289 -47.5 5602 921.625 0
001 1.18423 -31.5 5767 921.625 0
100 1.38672 -38.0 5903 921.625 0
101 0.73017 -47.5 6036 921.625 0
001 1.20264 -31.0 6171 921.625 0
100 1.37445 -38.0 6325 921.625 0
101 0.63200 -48.0 6463 921.625 0
001 1.00629 -31.0 6580 921.625 0
100 1.36217 -38.5 6735 921.625 0
101 0.60746 -48.0 6892 921.625 0
001 1.28854 -31.0 6995 921.625 0
100 1.40513 -38.0 7152 921.625 0
101 6.06843 -49.5 7323 922.625 0
001 0.11045 -31.0 7425 922.625 0
100 1.00016 -39.0 7565 922.625 0
101 6.07456 -49.5 7760 922.625 0
001 0.11658 -31.5 7845 922.625 0
100 0.88971 -39.0 7988 922.625 0
101 6.09297 -49.0 8192 922.625 0
001 0.12885 -31.0 8246 922.625 0
100 0.92039 -39.0 8414 922.625 0
101 6.06229 -49.5 8628 922.625 0
001 0.25157 -31.0 8668 922.625 0
100 0.77313 -39.5 8837 922.625 0
101 5.11122 -51.0 9061 923.625 0
001 5.79231 -31.5 9070 923.625 0
100 6.25251 -39.5 9256 923.625 0
001 5.78618 -31.0 9480 923.625 0
101 5.18486 -51.0 9493 923.625 0
100 6.27705 -40.0 9674 923.625 0
001 5.91503 -31.5 9893 923.625 0
101 5.08054 -51.0 9929 923.625 0
001 1.55239 -31.5 20073 920.625 0
100 2.29484 -39.5 20078 920.625 0
101 1.27014 -47.5 20083 920.625 0
001 1.55852 -31.5 20496 920.625 0
100 2.12303 -38.5 20510 920.625 0
101 1.25173 -47.0 20519 920.625 0
001 1.56466 -31.5 20912 920.625 0
100 2.14144 -39.0 20922 920.625 0
101 1.60761 -47.0 20954 920.625 0
001 2.38074 -31.5 21327 920.625 0
100 2.35619 -40.0 21355 920.625 0
101 1.30082 -47.5 21386 920.625 0
001 1.65056 -31.5 21746 920.625 0
100 2.47278 -39.5 21782 920.625 0
101 1.17810 -48.0 21826 920.625 0
001 1.00016 -31.5 22166 921.625 0
100 1.54625 -40.0 22202 921.625 0
101 0.15340 -49.0 22264 921.625 0
001 1.20264 -31.5 22578 921.625 0
100 1.49103 -40.5 22619 921.625 0
101 0.05522 -49.0 22699 921.625 0
001 1.06765 -31.5 22995 921.625 0
101 0.15953 -49.0 23132 921.625 0
001 1.17810 -32.0 23414 921.625 0
100 1.51557 -41.5 23467 921.625 0
101 0.06750 -49.0 23569 921.625 0
001 0.15340 -31.5 23828 922.625 0
100 1.25173 -40.5 23899 922.625 0
101 5.70641 -51.0 24007 922.625 0
001 0.09817 -32.0 24237 922.625 0
100 1.22105 -40.5 24319 922.625 0
101 5.68800 -50.5 24438 922.625 0
001 0.15953 -31.5 24652 922.625 0
100 1.03084 -41.5 24753 922.625 0
101 5.81686 -51.0 24877 922.625 0
001 0.19021 -31.5 25068 922.625 0
100 1.46035 -40.5 25176 922.625 0
101 5.95798 -51.0 25316 922.625 0
001 5.66346 -32.0 25483 923.625 0
100 0.39270 -41.0 25601 923.625 0
101 4.98851 -52.5 25751 923.625 0
001 5.74322 -31.5 25892 923.625 0
100 0.23317 -41.0 26018 923.625 0
101 4.70625 -52.0 26185 923.625 0
001 5.61437 -32.0 26319 923.625 0
100 0.28225 -40.5 26448 923.625 0
101 4.89033 -52.0 26621 923.625 0
001 5.74936 -32.0 26736 923.625 0
100 0.34361 -40.5 26882 923.625 0
101 5.05600 -52.5 27059 923.625 0
001 5.66346 -32.0 27139 923.625 0
101 0.92039 -48.0 27495 920.625 0
001 1.95736 -31.5 27562 920.625 0
101 1.13515 -48.0 27926 920.625 0
001 1.77942 -31.5 27971 920.625 0
100 2.20893 -40.0 28147 920.625 0
101 1.02470 -48.0 28364 920.625 0
001 1.79169 -31.5 28395 920.625 0
101 1.14742 -48.5 28803 920.625 0
001 1.77942 -32.0 28822 920.625 0
001 0.91425 -31.5 29229 921.625 0
101 0.32520 -49.5 29243 921.625 0
100 1.82851 -40.0 29421 921.625 0
001 0.87744 -32.0 29649 921.625 0
101 0.20249 -50.0 29685 921.625 0
100 2.22120 -40.5 29846 921.625 0
001 0.91425 -32.0 30059 921.625 0
001 0.25771 -32.0 40116 922.625 0
100 0.69950 -40.5 40122 922.625 0
101 5.60823 -52.0 40128 922.625 0
001 0.19635 -31.5 40536 922.625 0
101 5.63891 -51.5 40568 922.625 0
001 0.21476 -32.0 40954 922.625 0
101 5.59596 -51.5 41013 922.625 0
001 0.35588 -31.5 41373 922.625 0
101 5.60210 -51.5 41453 922.625 0
001 0.30680 -31.5 41798 922.625 0
101 5.64505 -51.5 41892 922.625 0
001 5.76777 -31.5 42215 923.625 0
100 6.24023 -40.0 42255 923.625 0
101 4.71239 -53.0 42331 923.625 0
001 5.66346 -31.5 42629 923.625 0
100 6.21569 -41.0 42692 923.625 0
101 4.77375 -53.0 42773 923.625 0
001 6.03775 -31.5 43035 923.625 0
100 6.19728 -40.0 43110 923.625 0
101 4.76761 -53.5 43221 923.625 0
001 5.75550 -32.0 43452 923.625 0
100 6.20955 -40.0 43530 923.625 0
101 4.65103 -53.0 43668 923.625 0
001 1.53398 -31.0 43875 920.625 0
100 2.02485 -39.0 43960 920.625 0
101 1.11674 -48.0 44106 920.625 0
001 1.48489 -31.5 44298 920.625 0
100 2.04326 -39.0 44388 920.625 0
101 1.07992 -48.0 44543 920.625 0
001 1.48489 -31.5 44710 920.625 0
100 2.08621 -39.5 44824 920.625 0
101 1.05538 -48.5 44985 920.625 0
001 1.51557 -32.0 45119 920.625 0
100 2.32551 -39.5 45259 920.625 0
101 1.05538 -48.5 45424 920.625 0
001 0.77926 -32.0 45528 921.625 0
100 1.91441 -39.5 45683 921.625 0
101 0.41111 -51.0 45865 921.625 0
001 0.81608 -31.5 45944 921.625 0
100 1.49717 -39.5 46104 921.625 0
101 0.31293 -51.0 46302 921.625 0
001 0.80381 -31.5 46357 921.625 0
100 2.04940 -40.5 46523 921.625 0
101 0.26384 -51.0 46743 921.625 0
001 0.82835 -32.0 46784 921.625 0
100 1.90827 -39.0 46958 921.625 0
101 0.28225 -50.5 47186 921.625 0
001 0.87130 -31.5 47222 921.625 0
100 0.76699 -40.0 47388 922.625 0
101 5.51006 -52.5 47628 922.625 0
001 0.20249 -31.5 47638 922.625 0
100 0.74858 -40.5 47806 922.625 0
001 0.12272 -31.5 48049 922.625 0
101 5.54687 -52.5 48073 922.625 0
100 0.60746 -39.5 48243 922.625 0
001 0.10431 -31.5 48472 922.625 0
101 5.61437 -52.0 48513 922.625 0
100 0.73017 -40.5 48668 922.625 0
001 0.17794 -32.0 48889 922.625 0
101 5.61437 -51.5 48951 922.625 0
100 6.26478 -41.0 49106 923.625 0
001 5.81686 -32.0 49316 923.625 0
101 4.66944 -53.5 49396 923.625 0
100 6.25864 -40.5 49536 923.625 0
001 5.86594 -32.0 49733 923.625 0
101 4.68171 -53.5 49837 923.625 0
100 6.24023 -40.5 49956 923.625 0
