011 0.04295 -45.0 0 922.625 0
001 3.12932 -47.0 5 922.625 0
101 2.17212 -46.5 10 922.625 0
100 1.06765 -52.5 15 922.625 0
100 1.12287 -52.0 759 922.625 0
001 3.09251 -47.0 803 922.625 0
011 0.19635 -45.5 823 922.625 0
101 2.33779 -46.5 859 922.625 0
100 1.10447 -52.0 1497 922.625 0
001 3.07410 -47.0 1614 922.625 0
011 0.14113 -46.0 1636 922.625 0
101 2.30711 -46.0 1699 922.625 0
100 0.24544 -52.0 2238 923.625 0
001 2.59550 -46.0 2417 923.625 0
011 5.85981 -44.5 2462 923.625 0
101 1.38058 -45.5 2558 923.625 0
100 0.34361 -51.5 2979 923.625 0
001 2.81639 -46.5 3230 923.625 0
011 5.92730 -44.5 3272 923.625 0
100 2.43596 -51.0 3717 920.625 0
001 4.52831 -46.0 4032 920.625 0
011 1.60148 -46.5 4091 920.625 0
101 3.86563 -45.5 4239 920.625 0
100 2.67526 -51.5 4470 920.625 0
011 1.55852 -47.0 4911 920.625 0
101 3.80427 -46.0 5080 920.625 0
100 2.47891 -51.5 5213 920.625 0
001 4.07425 -47.0 5629 921.625 0
011 0.97561 -45.5 5738 921.625 0
100 1.60761 -51.5 5956 921.625 0
001 4.04357 -47.0 6437 921.625 0
011 1.28241 -45.5 6559 921.625 0
100 1.60761 -51.5 6708 921.625 0
101 2.87775 -46.0 6782 921.625 0
001 3.10478 -47.0 7236 922.625 0
011 0.14113 -45.5 7369 922.625 0
100 0.96948 -51.5 7458 922.625 0
101 2.73662 -46.0 7637 922.625 0
001 3.06796 -46.5 8053 922.625 0
011 0.17181 -45.5 8189 922.625 0
100 0.98175 -51.5 8212 922.625 0
101 2.19666 -46.0 8496 922.625 0
100 1.38058 -51.5 8960 922.625 0
011 5.93344 -45.0 9003 923.625 0
001 2.54641 -47.0 9655 923.625 0
100 0.06136 -51.5 9707 923.625 0
011 6.13592 -45.0 9827 923.625 0
100 2.51573 -51.5 20044 920.625 0
101 3.60179 -46.0 20049 920.625 0
011 1.54625 -46.5 20057 920.625 0
001 4.52831 -46.0 20062 920.625 0
100 2.65072 -51.5 20788 920.625 0
011 1.55239 -46.5 20880 920.625 0
101 4.17243 -46.0 20894 920.625 0
100 2.59550 -51.0 21531 920.625 0
001 4.50377 -46.0 21669 920.625 0
011 1.55852 -46.5 21695 920.625 0
101 3.74905 -46.0 21737 920.625 0
100 1.68124 -51.0 22270 921.625 0
001 3.95767 -46.5 22470 921.625 0
011 1.06151 -45.5 22520 921.625 0
101 2.80412 -46.0 22578 921.625 0
100 1.53398 -51.5 23013 921.625 0
001 4.20311 -46.5 23279 921.625 0
011 0.96334 -46.0 23342 921.625 0
101 2.87161 -46.0 23418 921.625 0
100 1.34377 -51.5 23754 922.625 0
011 0.12272 -45.5 24165 922.625 0
101 2.13530 -46.0 24263 922.625 0
100 1.11060 -51.0 24500 922.625 0
011 0.09817 -45.5 24981 922.625 0
101 2.58322 -45.0 25111 922.625 0
100 0.98175 -51.0 25245 922.625 0
001 2.50959 -46.5 25696 923.625 0
011 6.07456 -45.0 25806 923.625 0
101 1.37445 -46.0 25960 923.625 0
100 0.15953 -52.0 25985 923.625 0
001 2.93297 -47.5 26505 923.625 0
011 5.85367 -44.5 26629 923.625 0
100 0.06750 -51.5 26733 923.625 0
101 1.38058 -46.0 26804 923.625 0
001 4.57126 -46.5 27308 920.625 0
011 1.57080 -46.5 27454 920.625 0
100 2.60777 -51.0 27476 920.625 0
101 3.73064 -46.0 27644 920.625 0
100 2.53414 -51.0 28216 920.625 0
011 1.61988 -47.0 28277 920.625 0
101 4.13561 -46.0 28490 920.625 0
100 2.35619 -51.0 28972 920.625 0
011 0.99402 -45.5 29101 921.625 0
100 1.56466 -50.0 29722 921.625 0
001 4.08652 -46.5 29732 921.625 0
011 1.19037 -45.5 29921 921.625 0
011 0.16567 -45.5 40068 922.625 0
101 2.55868 -46.0 40073 922.625 0
100 1.12287 -51.5 40082 922.625 0
001 3.11705 -47.0 40087 922.625 0
100 1.02470 -51.5 40830 922.625 0
011 0.13499 -45.5 40889 922.625 0
001 3.08637 -47.0 40895 922.625 0
101 2.10462 -46.0 40913 922.625 0
100 1.04311 -51.5 41583 922.625 0
001 3.08637 -46.5 41696 922.625 0
011 0.15340 -45.0 41710 922.625 0
101 2.31938 -46.0 41748 922.625 0
100 0.12272 -51.5 42331 923.625 0
001 2.58936 -47.0 42493 923.625 0
011 6.09911 -44.5 42533 923.625 0
101 1.40513 -46.0 42601 923.625 0
100 0.08590 -52.0 43077 923.625 0
001 2.49118 -47.0 43294 923.625 0
011 6.05616 -44.5 43352 923.625 0
101 1.38058 -46.0 43459 923.625 0
100 2.44823 -51.5 43819 920.625 0
001 4.54672 -46.5 44105 920.625 0
011 1.58920 -46.5 44172 920.625 0
101 4.02517 -46.5 44304 920.625 0
100 2.65072 -51.5 44564 920.625 0
001 4.52831 -46.5 44912 920.625 0
011 1.56466 -47.0 44996 920.625 0
101 3.93926 -46.5 45157 920.625 0
100 2.55868 -51.5 45312 920.625 0
001 4.16016 -46.5 45717 921.625 0
011 1.05538 -45.5 45822 921.625 0
101 2.93297 -46.0 46012 921.625 0
100 1.70579 -51.5 46058 921.625 0
001 4.09880 -46.0 46525 921.625 0
011 0.98788 -45.5 46645 921.625 0
100 1.48489 -51.5 46798 921.625 0
101 2.91456 -46.0 46856 921.625 0
001 3.15386 -47.5 47334 922.625 0
011 0.23930 -45.5 47462 922.625 0
100 1.15969 -51.5 47547 922.625 0
101 2.49118 -46.0 47708 922.625 0
001 3.12932 -47.5 48138 922.625 0
100 1.47876 -51.0 48282 922.625 0
011 0.14113 -45.0 48287 922.625 0
101 2.41142 -46.0 48552 922.625 0
001 3.16614 -47.5 48944 922.625 0
100 1.00016 -51.5 49020 922.625 0
011 5.73709 -45.0 49106 923.625 0
101 1.38672 -46.0 49406 923.625 0
001 2.57709 -47.0 49748 923.625 0
100 0.12885 -51.5 49766 923.625 0
011 5.86594 -45.0 49928 923.625 0
