101 2.13530 -57.0 0 920.625 0
101 2.46051 -57.0 834 920.625 0
101 2.47891 -56.5 1679 920.625 0
011 5.55915 -47.0 2416 921.625 0
011 5.39961 -47.0 3212 921.625 0
101 1.34377 -57.0 3589 922.625 0
101 1.11674 -57.0 4432 922.625 0
101 1.09833 -56.5 5276 922.625 0
011 4.01903 -47.0 5605 923.625 0
011 4.23992 -47.5 6407 923.625 0
101 2.60163 -57.0 7177 920.625 0
011 6.14819 -46.5 7223 920.625 0
101 2.15984 -57.0 8023 920.625 0
101 2.33165 -56.5 8860 920.625 0
011 5.65119 -46.5 9607 921.625 0
101 0.59518 -57.0 20044 922.625 0
101 0.79767 -56.5 20886 922.625 0
101 1.08606 -57.0 21731 922.625 0
011 4.01903 -47.0 22435 923.625 0
011 4.03130 -47.0 23241 923.625 0
101 2.27029 -57.0 23638 920.625 0
101 2.20893 -57.0 24491 920.625 0
101 2.55254 -57.0 25334 920.625 0
011 5.56528 -47.0 25651 921.625 0
011 5.89049 -47.0 26451 921.625 0
101 0.79767 -57.0 27228 922.625 0
101 1.07992 -57.5 28078 922.625 0
011 4.58967 -47.0 28866 922.625 0
101 0.71177 -58.0 28921 922.625 0
011 4.03130 -47.0 29667 923.625 0
101 2.49118 -56.0 40089 920.625 0
101 2.57095 -57.0 40939 920.625 0
101 2.39301 -57.0 41782 920.625 0
011 5.51619 -46.5 42480 921.625 0
011 5.62051 -46.5 43284 921.625 0
101 1.01243 -57.5 43677 922.625 0
101 0.62586 -56.5 44522 922.625 0
101 0.98788 -57.0 45363 922.625 0
011 4.15402 -47.0 45694 923.625 0
011 4.14788 -47.0 46499 923.625 0
101 1.81010 -57.5 47274 920.625 0
101 2.20280 -57.0 48119 920.625 0
101 2.19052 -58.0 48971 920.625 0
011 5.68800 -47.0 49680 921.625 0
