101 1.06765 -50.0 0 922.625 0
100 0.00614 -41.5 5 922.625 0
011 0.07363 -57.0 10 922.625 0
100 0.06750 -41.5 728 922.625 0
011 0.02454 -55.5 811 922.625 0
101 1.27014 -50.0 830 922.625 0
100 0.09204 -41.5 1463 922.625 0
011 0.00000 -55.5 1610 922.625 0
101 1.25173 -50.0 1670 922.625 0
100 5.85981 -41.5 2194 923.625 0
011 5.79845 -54.5 2413 923.625 0
101 0.23317 -50.5 2497 923.625 0
100 5.79845 -41.5 2907 923.625 0
011 5.92730 -55.0 3212 923.625 0
101 0.13499 -50.5 3330 923.625 0
100 1.54625 -41.5 3627 920.625 0
011 1.66897 -56.0 4007 920.625 0
101 2.55254 -49.5 4160 920.625 0
100 1.52171 -42.0 4340 920.625 0
011 1.65056 -57.0 4810 920.625 0
101 2.79185 -51.5 4996 920.625 0
100 1.49717 -41.0 5066 920.625 0
011 1.03084 -56.0 5590 921.625 0
100 1.04924 -41.0 5782 921.625 0
101 1.54012 -51.5 5825 921.625 0
011 1.07992 -57.0 6397 921.625 0
100 0.78540 -41.5 6506 921.625 0
101 1.52171 -52.0 6666 921.625 0
011 6.26478 -56.5 7205 922.625 0
100 6.26478 -41.5 7225 922.625 0
101 1.14128 -52.0 7496 922.625 0
100 6.25864 -41.5 7957 922.625 0
011 6.24637 -56.0 8006 922.625 0
101 1.01243 -52.0 8326 922.625 0
100 6.26478 -41.5 8680 922.625 0
011 0.09817 -57.0 8805 922.625 0
101 0.06136 -52.5 9151 923.625 0
100 5.65119 -41.5 9397 923.625 0
011 5.80458 -55.5 9609 923.625 0
101 0.06136 -52.5 9976 923.625 0
101 2.68140 -52.0 20033 920.625 0
100 1.51557 -41.5 20038 920.625 0
100 1.49717 -41.0 20757 920.625 0
101 2.63231 -51.5 20862 920.625 0
100 1.50330 -41.0 21478 920.625 0
101 2.49732 -51.5 21691 920.625 0
011 1.12287 -56.5 21827 921.625 0
100 1.16583 -41.5 22205 921.625 0
101 1.60148 -51.5 22523 921.625 0
011 1.27627 -57.5 22632 921.625 0
100 0.96948 -41.0 22922 921.625 0
101 1.53398 -52.0 23353 921.625 0
011 1.15969 -57.0 23443 921.625 0
100 6.25251 -41.5 23641 922.625 0
101 1.13515 -52.0 24183 922.625 0
011 0.03682 -56.0 24253 922.625 0
100 6.27705 -41.5 24358 922.625 0
101 1.14742 -52.0 25009 922.625 0
011 6.25251 -55.5 25060 922.625 0
100 6.27091 -41.5 25079 922.625 0
100 5.64505 -41.5 25800 923.625 0
101 0.11658 -52.5 25829 923.625 0
011 5.69414 -55.0 25859 923.625 0
100 5.84753 -41.5 26520 923.625 0
101 6.24637 -53.0 26658 923.625 0
011 5.68186 -55.5 26667 923.625 0
100 1.49103 -41.5 27248 920.625 0
101 2.65072 -51.5 27494 920.625 0
100 1.50330 -41.5 27988 920.625 0
101 2.47278 -51.5 28318 920.625 0
100 1.49103 -41.5 28705 920.625 0
011 1.01856 -56.5 29098 921.625 0
101 1.51557 -52.0 29154 921.625 0
100 1.04311 -41.5 29437 921.625 0
011 1.03084 -56.0 29903 921.625 0
101 1.63216 -52.0 29976 921.625 0
100 6.25864 -42.0 40074 922.625 0
101 1.14742 -52.0 40080 922.625 0
011 0.07363 -56.0 40098 922.625 0
100 6.26478 -41.5 40799 922.625 0
101 0.95107 -52.0 40908 922.625 0
011 0.11658 -56.0 40913 922.625 0
100 6.27091 -41.5 41521 922.625 0
011 0.26384 -57.0 41720 922.625 0
101 0.99402 -52.5 41736 922.625 0
100 5.84753 -41.5 42237 923.625 0
011 5.69414 -56.0 42527 923.625 0
101 0.03682 -53.0 42567 923.625 0
100 5.92730 -41.5 42965 923.625 0
011 5.78618 -56.0 43334 923.625 0
101 0.06750 -53.0 43393 923.625 0
101 2.46664 -52.0 44225 920.625 0
100 1.48489 -41.5 44406 920.625 0
101 2.54027 -52.0 45063 920.625 0
100 1.51557 -41.5 45127 920.625 0
011 1.15969 -56.5 45661 921.625 0
100 0.88357 -41.5 45855 921.625 0
011 1.04924 -56.0 46461 921.625 0
100 0.94493 -41.5 46573 921.625 0
101 1.69965 -52.0 46728 921.625 0
011 6.24023 -56.0 47264 922.625 0
100 6.26478 -41.5 47307 922.625 0
101 1.15355 -52.0 47559 922.625 0
100 6.25251 -41.5 48041 922.625 0
011 6.20342 -56.0 48079 922.625 0
101 1.03084 -52.0 48387 922.625 0
100 6.25251 -41.5 48758 922.625 0
011 6.27091 -57.0 48885 922.625 0
101 6.27091 -52.5 49220 923.625 0
100 5.81072 -41.5 49477 923.625 0
011 5.65119 -56.5 49691 923.625 0
101 0.11658 -52.5 50053 923.625 0
