011 1.09833 -44.0 0 920.625 0
100 1.69965 -45.0 5 920.625 0
101 2.77957 -57.0 11 920.625 0
100 1.78555 -45.0 721 920.625 0
011 1.02470 -44.0 793 920.625 0
101 2.79185 -57.0 843 920.625 0
100 1.71806 -45.0 1444 920.625 0
011 1.21491 -44.0 1563 920.625 0
101 2.80412 -57.0 1661 920.625 0
100 1.15355 -45.0 2163 921.625 0
011 0.28225 -44.0 2342 921.625 0
101 1.69965 -57.5 2479 921.625 0
100 1.33763 -44.5 2876 921.625 0
011 0.19635 -44.0 3116 921.625 0
101 1.52784 -57.5 3297 921.625 0
100 0.19635 -45.0 3596 922.625 0
011 5.75550 -44.5 3888 922.625 0
101 1.03697 -58.5 4112 922.625 0
100 0.07363 -45.0 4314 922.625 0
011 5.89049 -44.0 4678 922.625 0
101 1.31922 -58.5 4932 922.625 0
100 0.17794 -45.5 5033 922.625 0
011 4.95783 -44.0 5451 923.625 0
101 0.17794 -60.0 5751 923.625 0
100 5.76777 -45.0 5766 923.625 0
011 4.74920 -44.0 6226 923.625 0
100 5.78618 -45.5 6488 923.625 0
101 0.38043 -59.5 6569 923.625 0
011 4.82284 -44.0 7013 923.625 0
100 1.68738 -45.0 7203 920.625 0
101 2.93911 -56.5 7395 920.625 0
011 1.22105 -44.5 7798 920.625 0
100 1.73647 -45.0 7918 920.625 0
101 2.66299 -57.0 8214 920.625 0
011 1.11060 -44.0 8570 920.625 0
100 1.69965 -45.0 8633 920.625 0
101 1.69965 -57.5 9039 921.625 0
011 0.07977 -44.0 9347 921.625 0
100 1.05538 -45.0 9363 921.625 0
101 1.60148 -57.0 9860 921.625 0
011 6.08684 -44.0 20042 922.625 0
100 0.15340 -45.0 20047 922.625 0
101 0.98175 -58.5 20053 922.625 0
100 0.16567 -45.0 20772 922.625 0
011 5.85367 -44.0 20818 922.625 0
101 0.85903 -58.5 20875 922.625 0
100 0.07977 -45.0 21489 922.625 0
011 5.89049 -44.0 21591 922.625 0
101 1.04311 -58.5 21694 922.625 0
100 6.04388 -45.5 22213 923.625 0
011 4.76761 -44.0 22367 923.625 0
101 6.27091 -59.5 22529 923.625 0
100 5.83526 -45.0 22940 923.625 0
011 4.89033 -44.0 23138 923.625 0
101 0.14113 -59.0 23353 923.625 0
100 1.73647 -45.5 23662 920.625 0
011 1.01243 -44.0 23917 920.625 0
101 2.66913 -57.0 24167 920.625 0
100 1.77328 -45.0 24385 920.625 0
011 1.01856 -44.0 24701 920.625 0
101 2.42369 -56.5 24992 920.625 0
100 1.69965 -45.0 25091 920.625 0
011 0.29452 -44.0 25477 921.625 0
100 1.17810 -45.5 25816 921.625 0
101 1.52784 -57.5 25825 921.625 0
011 0.12272 -44.5 26247 921.625 0
100 1.44808 -45.0 26543 921.625 0
101 1.69965 -57.0 26650 921.625 0
011 0.07363 -44.0 27026 921.625 0
100 0.33748 -45.0 27264 922.625 0
101 0.98175 -58.5 27469 922.625 0
011 5.84753 -44.5 27800 922.625 0
100 0.09817 -45.5 27976 922.625 0
101 1.21491 -58.0 28295 922.625 0
011 5.93957 -44.0 28582 922.625 0
100 0.14726 -45.0 28701 922.625 0
101 0.07363 -60.0 29122 923.625 0
011 4.76761 -44.0 29369 923.625 0
100 5.73095 -46.0 29416 923.625 0
101 0.02454 -60.0 29944 923.625 0
100 1.76715 -45.0 40078 920.625 0
011 1.20264 -44.0 40083 920.625 0
101 2.79185 -56.5 40088 920.625 0
100 1.72419 -45.5 40803 920.625 0
011 1.06151 -44.0 40870 920.625 0
101 2.73049 -56.5 40916 920.625 0
100 1.74260 -45.0 41520 920.625 0
011 1.16583 -44.0 41649 920.625 0
101 2.76117 -56.5 41743 920.625 0
100 1.14742 -45.0 42242 921.625 0
011 0.05522 -44.5 42445 921.625 0
101 1.62602 -57.0 42564 921.625 0
100 1.26400 -45.0 42961 921.625 0
011 0.15340 -44.0 43237 921.625 0
101 1.58307 -57.0 43386 921.625 0
100 0.34361 -45.5 43678 922.625 0
011 5.87821 -44.5 44013 922.625 0
101 1.44194 -57.5 44210 922.625 0
100 0.20862 -45.0 44402 922.625 0
011 5.88435 -44.0 44791 922.625 0
101 1.27014 -58.0 45027 922.625 0
100 0.11658 -45.5 45117 922.625 0
011 4.88419 -44.0 45569 923.625 0
100 5.87208 -45.5 45843 923.625 0
101 6.25251 -59.0 45855 923.625 0
011 4.82897 -44.0 46363 923.625 0
100 5.89049 -45.5 46564 923.625 0
101 0.09817 -59.5 46679 923.625 0
011 4.80443 -44.0 47134 923.625 0
100 1.73647 -45.0 47289 920.625 0
101 2.85320 -56.5 47500 920.625 0
011 1.06765 -44.0 47912 920.625 0
100 1.73033 -45.0 48010 920.625 0
101 2.71821 -57.0 48327 920.625 0
011 1.02470 -44.0 48693 920.625 0
100 1.69351 -45.0 48725 920.625 0
101 1.45421 -57.0 49146 921.625 0
100 1.12287 -45.0 49445 921.625 0
011 0.03068 -44.0 49468 921.625 0
101 1.50330 -57.0 49967 921.625 0
