100 2.63231 -47.0 0 920.625 0
011 1.31309 -48.5 5 920.625 0
101 2.41142 -50.0 10 920.625 0
100 2.60777 -47.0 707 920.625 0
011 1.28241 -47.0 769 920.625 0
101 2.71821 -49.0 783 920.625 0
100 2.55254 -46.5 1411 920.625 0
011 1.16583 -47.0 1531 920.625 0
101 2.63845 -48.0 1568 920.625 0
100 1.54625 -46.5 2110 921.625 0
011 0.50315 -48.0 2283 921.625 0
100 1.54012 -46.5 2822 921.625 0
011 0.08590 -47.5 3042 921.625 0
100 1.55239 -46.5 3526 921.625 0
011 5.79231 -48.0 3799 922.625 0
101 1.07379 -50.0 3912 922.625 0
100 1.17810 -46.0 4233 922.625 0
011 5.79845 -48.0 4563 922.625 0
101 0.49701 -49.5 4694 922.625 0
100 1.14742 -46.0 4941 922.625 0
011 6.26478 -48.0 5313 922.625 0
101 5.95185 -50.0 5470 923.625 0
100 0.03068 -45.5 5639 923.625 0
011 5.41188 -48.0 6086 923.625 0
101 5.82299 -50.0 6261 923.625 0
100 0.02454 -45.5 6342 923.625 0
011 5.13577 -47.5 6841 923.625 0
100 6.27091 -46.0 7040 923.625 0
101 5.75550 -50.0 7058 923.625 0
011 1.61375 -48.0 7601 920.625 0
100 2.58322 -46.0 7753 920.625 0
101 1.76101 -47.5 7854 920.625 0
011 1.12901 -48.0 8362 920.625 0
100 2.62618 -46.0 8448 920.625 0
101 2.09235 -48.5 8632 920.625 0
011 0.35588 -48.0 9117 921.625 0
100 1.55852 -46.5 9155 921.625 0
101 1.57080 -49.0 9418 921.625 0
100 1.54012 -46.5 9856 921.625 0
011 0.56450 -47.5 9875 921.625 0
100 1.55852 -46.5 20041 922.625 0
101 1.06151 -49.5 20047 922.625 0
011 5.94571 -47.5 20052 922.625 0
100 1.09219 -46.5 20744 922.625 0
011 6.21569 -47.0 20818 922.625 0
101 1.03084 -49.5 20836 922.625 0
100 1.07992 -46.0 21446 922.625 0
011 5.93957 -47.5 21573 922.625 0
101 1.00016 -49.5 21613 922.625 0
100 0.10431 -46.5 22151 923.625 0
011 5.35052 -47.5 22332 923.625 0
101 6.25251 -50.5 22396 923.625 0
100 0.05522 -46.5 22854 923.625 0
011 5.27076 -47.0 23082 923.625 0
100 0.16567 -46.5 23555 923.625 0
011 1.28854 -47.5 23834 920.625 0
101 2.48505 -49.0 23975 920.625 0
100 2.61390 -47.0 24261 920.625 0
011 1.44194 -48.0 24606 920.625 0
101 2.57709 -49.0 24763 920.625 0
100 2.54027 -47.0 24971 920.625 0
011 1.41740 -47.5 25369 920.625 0
101 1.54012 -49.5 25549 921.625 0
100 1.54625 -47.0 25671 921.625 0
011 0.45406 -48.0 26123 921.625 0
101 1.52784 -49.5 26334 921.625 0
100 1.48489 -48.0 26383 921.625 0
011 0.47247 -47.5 26892 921.625 0
100 1.68738 -48.0 27092 921.625 0
101 1.77942 -49.5 27119 921.625 0
011 6.07456 -48.0 27644 922.625 0
100 1.22718 -47.5 27801 922.625 0
101 1.33150 -49.5 27907 922.625 0
011 5.93344 -48.0 28393 922.625 0
100 1.29468 -47.5 28498 922.625 0
101 1.21491 -49.5 28704 922.625 0
011 5.19099 -47.5 29146 923.625 0
100 0.15953 -47.5 29209 923.625 0
101 0.21476 -49.5 29490 923.625 0
011 5.21553 -47.5 29902 923.625 0
100 0.11045 -47.5 29916 923.625 0
101 2.75503 -49.0 40076 920.625 0
100 2.63231 -48.0 40081 920.625 0
011 1.20878 -47.5 40086 920.625 0
100 2.80412 -48.0 40790 920.625 0
011 1.47262 -47.5 40851 920.625 0
101 2.72435 -48.5 40869 920.625 0
100 2.37460 -48.0 41498 920.625 0
011 1.27014 -47.5 41600 920.625 0
101 2.63845 -49.0 41664 920.625 0
100 1.52171 -47.5 42196 921.625 0
011 0.79767 -47.5 42364 921.625 0
101 1.74874 -49.5 42446 921.625 0
100 1.66284 -47.5 42907 921.625 0
011 0.56450 -47.5 43133 921.625 0
101 1.67511 -49.0 43227 921.625 0
100 1.61375 -47.5 43624 921.625 0
011 5.98253 -47.5 43893 922.625 0
101 1.34990 -49.5 44015 922.625 0
100 1.04311 -47.5 44330 922.625 0
011 6.08684 -47.5 44656 922.625 0
101 1.07992 -49.5 44794 922.625 0
100 1.19037 -47.5 45033 922.625 0
011 5.94571 -47.5 45420 922.625 0
101 0.22703 -50.0 45578 923.625 0
100 0.12885 -47.5 45736 923.625 0
011 5.28917 -47.0 46179 923.625 0
101 0.06750 -50.0 46362 923.625 0
100 0.22089 -47.5 46442 923.625 0
011 5.35052 -47.5 46945 923.625 0
101 0.12885 -50.0 47147 923.625 0
100 0.14113 -47.5 47152 923.625 0
011 1.31922 -47.5 47692 920.625 0
100 2.49732 -48.0 47855 920.625 0
101 2.57095 -48.5 47943 920.625 0
011 1.28854 -47.5 48440 920.625 0
100 2.63231 -48.0 48552 920.625 0
101 2.87775 -49.0 48724 920.625 0
011 0.48474 -47.5 49188 921.625 0
100 1.56466 -48.0 49259 921.625 0
101 1.68124 -49.5 49520 921.625 0
011 0.85903 -47.5 49942 921.625 0
100 1.57693 -48.0 49961 921.625 0
