011 2.58936 -46.5 0 920.625 0
101 4.00062 -44.5 5 920.625 0
100 2.92070 -43.5 693 920.625 0
011 2.58936 -46.5 721 920.625 0
101 3.71223 -44.5 758 920.625 0
100 2.90229 -43.5 1381 920.625 0
011 2.72435 -46.5 1430 920.625 0
101 4.14175 -44.5 1519 920.625 0
100 2.21507 -43.5 2051 921.625 0
011 1.66284 -46.0 2151 921.625 0
100 2.55868 -43.0 2725 921.625 0
011 1.60148 -46.0 2862 921.625 0
101 2.82866 -45.0 3036 921.625 0
100 2.12917 -43.5 3397 921.625 0
011 1.54012 -46.0 3577 921.625 0
101 2.05553 -45.0 3803 922.625 0
011 1.01856 -46.0 4291 922.625 0
101 2.27029 -44.5 4558 922.625 0
100 1.34377 -43.0 4758 922.625 0
011 1.12901 -46.0 5018 922.625 0
101 2.06167 -44.5 5310 922.625 0
100 0.74245 -43.5 5437 923.625 0
011 6.23410 -45.5 5742 923.625 0
101 1.19651 -44.5 6057 923.625 0
100 0.98175 -43.0 6115 923.625 0
011 0.01841 -45.5 6456 923.625 0
100 0.95107 -43.0 6792 923.625 0
101 1.38672 -45.0 6813 923.625 0
011 2.58936 -46.5 7195 920.625 0
100 2.88388 -43.5 7475 920.625 0
101 3.96994 -44.5 7565 920.625 0
011 2.82252 -46.5 7919 920.625 0
101 3.55270 -44.5 8319 920.625 0
011 2.68140 -46.5 8631 920.625 0
100 3.03115 -43.5 8821 920.625 0
101 2.79798 -45.0 9079 921.625 0
011 1.53398 -46.0 9343 921.625 0
100 2.07394 -43.0 9496 921.625 0
101 2.64458 -45.0 9833 921.625 0
101 2.04326 -44.5 20049 922.625 0
011 0.95720 -46.0 20058 922.625 0
100 1.32536 -43.0 20065 922.625 0
100 1.39285 -43.0 20747 922.625 0
011 1.28854 -45.5 20771 922.625 0
101 2.01258 -45.0 20799 922.625 0
100 1.28241 -43.0 21430 922.625 0
011 1.10447 -45.5 21493 922.625 0
101 1.84078 -45.0 21555 922.625 0
100 0.63200 -43.0 22105 923.625 0
011 0.00614 -45.5 22209 923.625 0
101 1.17196 -45.0 22317 923.625 0
100 0.76085 -43.0 22773 923.625 0
011 6.24023 -45.5 22923 923.625 0
101 1.26400 -45.0 23078 923.625 0
100 0.62586 -43.0 23447 923.625 0
011 3.06796 -46.5 23642 920.625 0
101 3.52816 -44.5 23828 920.625 0
100 3.09864 -43.5 24127 920.625 0
011 2.54027 -46.5 24361 920.625 0
101 3.77973 -44.5 24584 920.625 0
100 2.83480 -43.5 24808 920.625 0
011 2.72435 -46.5 25082 920.625 0
101 3.55270 -44.5 25359 920.625 0
100 2.27643 -43.0 25483 921.625 0
011 1.57080 -46.0 25799 921.625 0
101 3.19068 -45.0 26109 921.625 0
100 2.11689 -43.0 26156 921.625 0
011 1.57693 -46.0 26512 921.625 0
100 2.11689 -43.0 26827 921.625 0
101 2.79185 -44.5 26865 921.625 0
011 0.96948 -46.0 27239 922.625 0
100 1.34990 -43.0 27506 922.625 0
101 2.07394 -45.0 27623 922.625 0
011 1.08606 -45.5 27962 922.625 0
101 2.56482 -45.0 28381 922.625 0
011 0.93266 -46.0 28679 922.625 0
100 1.42353 -43.5 28852 922.625 0
101 1.42967 -45.0 29134 923.625 0
011 6.22183 -46.0 29398 923.625 0
100 0.59518 -43.0 29531 923.625 0
101 1.22718 -45.0 29894 923.625 0
011 2.60777 -46.5 40099 920.625 0
101 3.42998 -45.0 40105 920.625 0
100 2.79798 -44.0 40110 920.625 0
100 2.87161 -43.5 40786 920.625 0
011 2.64458 -46.5 40813 920.625 0
101 3.82882 -45.0 40871 920.625 0
100 3.24590 -43.5 41470 920.625 0
011 2.50959 -46.5 41541 920.625 0
101 3.53429 -44.5 41623 920.625 0
100 2.19052 -43.0 42150 921.625 0
011 1.54012 -46.5 42264 921.625 0
100 2.38074 -43.5 42833 921.625 0
011 1.74874 -46.0 42987 921.625 0
101 2.97592 -45.0 43135 921.625 0
100 2.38074 -43.5 43517 921.625 0
011 0.96948 -46.0 43709 922.625 0
101 1.93895 -44.5 43892 922.625 0
100 1.30695 -43.5 44193 922.625 0
011 1.12287 -45.5 44419 922.625 0
101 1.98804 -44.5 44654 922.625 0
100 1.33763 -43.5 44873 922.625 0
011 1.06765 -46.0 45129 922.625 0
101 2.18439 -45.0 45412 922.625 0
100 0.64427 -43.0 45558 923.625 0
011 6.24023 -46.0 45849 923.625 0
101 1.19651 -45.0 46165 923.625 0
100 0.99402 -43.0 46245 923.625 0
011 0.00614 -45.5 46574 923.625 0
101 1.40513 -45.0 46926 923.625 0
100 0.80381 -43.5 46935 923.625 0
011 2.54641 -47.0 47292 920.625 0
101 3.57111 -45.0 47687 920.625 0
011 2.49118 -46.5 48011 920.625 0
100 3.24590 -43.5 48294 920.625 0
101 3.66315 -44.5 48433 920.625 0
011 2.54027 -46.5 48733 920.625 0
100 2.97592 -43.5 48964 920.625 0
101 2.67526 -45.0 49180 921.625 0
011 1.60761 -46.5 49448 921.625 0
100 2.12917 -43.0 49637 921.625 0
101 3.05569 -45.0 49942 921.625 0
