001 2.58936 -51.5 0 920.625 0
001 2.65685 -52.0 617 920.625 0
001 2.68140 -51.0 1235 920.625 0
101 6.02548 -61.0 1794 921.625 0
100 4.18470 -47.0 1803 921.625 0
001 1.96350 -51.0 1848 921.625 0
100 4.33196 -47.0 2405 921.625 0
101 4.80443 -61.5 2460 921.625 0
001 2.08008 -50.5 2470 921.625 0
100 4.12948 -46.5 3005 921.625 0
001 1.92054 -51.5 3082 921.625 0
101 5.55915 -61.0 3132 921.625 0
100 3.28885 -46.0 3608 922.625 0
001 1.27014 -51.0 3711 922.625 0
100 3.31340 -46.0 4205 922.625 0
100 3.27045 -45.5 4813 922.625 0
001 1.68124 -50.5 4941 922.625 0
101 4.22152 -56.0 5387 923.625 0
100 2.66913 -45.0 5416 923.625 0
001 0.86517 -50.0 5550 923.625 0
100 2.81025 -44.5 6023 923.625 0
101 3.95153 -56.0 6048 923.625 0
001 1.01243 -51.0 6172 923.625 0
100 2.76117 -44.5 6624 923.625 0
101 3.83495 -55.5 6711 923.625 0
001 0.96334 -51.0 6786 923.625 0
001 2.95138 -51.0 7405 920.625 0
101 5.60210 -66.0 7934 920.625 0
001 2.58936 -51.0 8023 920.625 0
001 2.65072 -51.0 8644 920.625 0
101 5.47938 -61.0 8981 921.625 0
100 4.22152 -47.0 8992 921.625 0
001 1.88373 -51.5 9267 921.625 0
100 4.14175 -46.5 9596 921.625 0
101 5.44870 -61.0 9645 921.625 0
001 1.87759 -50.5 9885 921.625 0
100 3.31340 -45.5 20041 922.625 0
001 1.33763 -50.5 20047 922.625 0
100 3.28885 -45.0 20640 922.625 0
001 1.27627 -50.0 20664 922.625 0
100 3.31340 -45.0 21235 922.625 0
100 2.60777 -44.5 21836 923.625 0
101 4.30128 -55.0 21842 923.625 0
001 0.86517 -50.0 21903 923.625 0
100 2.74276 -44.5 22429 923.625 0
101 4.15402 -55.0 22498 923.625 0
001 1.00629 -50.5 22521 923.625 0
100 2.65072 -44.0 23024 923.625 0
001 0.74245 -51.0 23142 923.625 0
101 4.36264 -54.5 23160 923.625 0
100 2.64458 -44.5 23619 923.625 0
001 2.54641 -51.0 23764 920.625 0
101 5.95798 -63.5 23861 920.625 0
001 2.62618 -52.0 24381 920.625 0
101 5.95798 -63.5 24541 920.625 0
001 2.54641 -51.0 25004 920.625 0
101 5.87821 -64.0 25262 920.625 0
100 4.14788 -47.0 25427 921.625 0
001 2.02485 -51.0 25625 921.625 0
101 5.25849 -60.0 25928 921.625 0
100 4.20924 -46.5 26031 921.625 0
001 1.78555 -51.0 26244 921.625 0
101 5.32598 -60.0 26595 921.625 0
100 4.39332 -46.5 26629 921.625 0
001 1.69351 -50.5 26867 921.625 0
100 3.31953 -45.0 27231 922.625 0
001 1.28241 -51.0 27484 922.625 0
100 3.31340 -45.0 27835 922.625 0
001 1.31309 -50.0 28104 922.625 0
100 3.31953 -45.5 28437 922.625 0
001 1.67511 -50.5 28725 922.625 0
100 2.64458 -45.0 29036 923.625 0
101 3.76746 -54.5 29237 923.625 0
001 0.80994 -50.5 29350 923.625 0
100 2.70594 -44.5 29640 923.625 0
101 4.04971 -55.0 29897 923.625 0
001 0.56450 -50.5 29961 923.625 0
001 2.62004 -51.5 40078 920.625 0
001 2.62618 -51.5 40697 920.625 0
101 5.44256 -65.0 40816 920.625 0
001 2.73662 -51.5 41319 920.625 0
101 6.26478 -64.5 41567 920.625 0
100 4.29515 -46.5 41872 921.625 0
001 1.76101 -50.5 41940 921.625 0
101 4.92101 -60.5 42237 921.625 0
100 4.27060 -46.0 42477 921.625 0
001 2.04940 -51.0 42561 921.625 0
101 5.41188 -60.0 42903 921.625 0
100 4.19697 -46.0 43073 921.625 0
001 1.93895 -51.0 43181 921.625 0
101 5.35052 -60.5 43563 921.625 0
100 3.30726 -45.5 43666 922.625 0
001 1.28854 -50.5 43796 922.625 0
100 3.29499 -45.0 44262 922.625 0
001 1.25173 -50.5 44421 922.625 0
100 3.34408 -45.0 44862 922.625 0
001 1.25786 -51.0 45036 922.625 0
100 2.89616 -44.0 45466 923.625 0
101 4.11107 -55.0 45534 923.625 0
001 0.76699 -50.5 45659 923.625 0
100 2.82866 -44.0 46063 923.625 0
101 4.38105 -55.5 46193 923.625 0
001 1.07379 -50.5 46274 923.625 0
100 2.59550 -44.0 46659 923.625 0
101 4.30128 -55.0 46860 923.625 0
001 0.99402 -50.0 46893 923.625 0
001 2.79798 -51.5 47516 920.625 0
101 5.94571 -65.5 47650 920.625 0
001 2.68753 -51.5 48145 920.625 0
101 5.39348 -65.0 48579 920.625 0
001 3.19068 -51.5 48761 920.625 0
100 4.65717 -46.5 49059 921.625 0
101 5.44256 -59.5 49243 921.625 0
001 2.00645 -51.0 49384 921.625 0
100 4.22152 -46.5 49662 921.625 0
101 5.41802 -59.5 49909 921.625 0
001 1.77328 -51.0 49998 921.625 0
