101 4.29515 -43.0 0 922.625 0
100 4.28901 -41.5 5 922.625 0
011 4.37491 -53.0 11 922.625 0
001 0.90198 -51.0 16 922.625 0
100 4.27674 -41.5 435 922.625 0
011 4.06812 -53.0 445 922.625 0
001 1.16583 -51.0 455 922.625 0
101 4.20924 -42.5 470 922.625 0
100 4.31355 -41.5 874 922.625 0
011 4.17243 -53.0 884 922.625 0
001 1.41126 -52.0 894 922.625 0
101 4.09266 -42.5 922 922.625 0
100 4.35651 -41.5 1301 922.625 0
011 4.11107 -53.5 1313 922.625 0
001 1.09833 -51.5 1337 922.625 0
101 4.04357 -42.5 1386 922.625 0
100 4.32583 -41.5 1732 922.625 0
011 4.20311 -53.0 1746 922.625 0
001 1.25173 -51.0 1778 922.625 0
101 3.22136 -43.0 1841 923.625 0
100 3.27658 -41.5 2168 923.625 0
001 0.04295 -52.0 2178 923.625 0
011 3.19682 -52.5 2187 923.625 0
101 3.23977 -43.0 2316 923.625 0
001 0.06750 -52.0 2573 923.625 0
100 3.23977 -41.5 2597 923.625 0
011 3.19068 -53.0 2622 923.625 0
101 3.14159 -43.0 2771 923.625 0
001 0.12272 -52.0 2971 923.625 0
100 3.31953 -41.5 3028 923.625 0
011 3.25818 -52.5 3053 923.625 0
101 3.17841 -42.5 3234 923.625 0
001 0.07363 -52.0 3362 923.625 0
100 3.18454 -41.5 3458 923.625 0
011 3.23977 -53.0 3487 923.625 0
101 5.64505 -43.0 3700 920.625 0
001 2.63845 -49.0 3759 920.625 0
100 5.82913 -42.0 3895 920.625 0
011 5.92730 -56.5 3922 920.625 0
101 5.66959 -42.5 4163 920.625 0
001 2.58936 -50.0 4200 920.625 0
100 6.00093 -42.5 4329 920.625 0
011 5.83526 -54.5 4356 920.625 0
101 5.90276 -42.5 4637 920.625 0
001 2.63845 -49.0 4642 920.625 0
100 5.95185 -42.0 4770 920.625 0
011 5.54687 -55.5 4788 920.625 0
001 2.68140 -49.5 5084 920.625 0
101 5.62051 -42.5 5103 920.625 0
100 5.78618 -42.0 5203 920.625 0
011 5.82299 -55.5 5217 920.625 0
001 1.50944 -50.5 5550 921.625 0
101 4.65717 -42.5 5568 921.625 0
100 4.86579 -41.5 5634 921.625 0
011 4.77988 -54.5 5653 921.625 0
001 1.53398 -50.0 5990 921.625 0
101 4.66944 -42.5 6034 921.625 0
100 4.77375 -42.0 6066 921.625 0
011 4.66330 -54.0 6084 921.625 0
001 1.54012 -49.5 6430 921.625 0
100 4.85352 -42.0 6500 921.625 0
101 4.66944 -43.0 6510 921.625 0
011 4.76148 -54.5 6527 921.625 0
001 1.52784 -49.5 6869 921.625 0
100 4.94555 -41.5 6926 921.625 0
101 4.65103 -43.0 6971 921.625 0
001 1.06151 -51.5 7314 922.625 0
100 4.27060 -41.5 7357 922.625 0
011 4.15402 -53.0 7394 922.625 0
101 4.30128 -42.5 7426 922.625 0
001 1.29468 -51.5 7760 922.625 0
100 4.14175 -41.5 7795 922.625 0
011 4.06198 -53.5 7827 922.625 0
101 4.06812 -42.5 7886 922.625 0
001 1.23946 -51.0 8206 922.625 0
100 4.46082 -41.5 8226 922.625 0
011 4.36878 -52.5 8258 922.625 0
101 4.14788 -43.0 8349 922.625 0
001 1.06765 -50.5 8648 922.625 0
100 4.17856 -41.5 8658 922.625 0
011 4.23992 -53.0 8691 922.625 0
101 4.30128 -42.5 8814 922.625 0
100 3.27658 -41.5 9088 923.625 0
011 3.11705 -52.5 9124 923.625 0
101 3.16614 -43.0 9276 923.625 0
100 3.25204 -41.5 9518 923.625 0
011 3.19068 -53.0 9556 923.625 0
101 3.15386 -43.0 9744 923.625 0
001 6.25864 -52.0 9754 923.625 0
100 3.28885 -41.5 9944 923.625 0
011 3.21522 -52.5 9992 923.625 0
101 5.70027 -42.5 20043 920.625 0
100 5.93344 -42.0 20048 920.625 0
001 2.41142 -50.0 20054 920.625 0
011 5.79231 -55.0 20059 920.625 0
100 5.79231 -42.0 20485 920.625 0
001 2.50959 -49.0 20495 920.625 0
011 5.41802 -55.0 20505 920.625 0
101 5.64505 -42.5 20514 920.625 0
100 5.74936 -42.0 20927 920.625 0
001 2.77957 -49.5 20942 920.625 0
011 5.59596 -55.0 20948 920.625 0
101 5.63891 -42.5 20980 920.625 0
100 5.77390 -42.0 21357 920.625 0
001 2.41755 -49.0 21379 920.625 0
011 5.81686 -54.0 21385 920.625 0
101 5.70027 -43.0 21449 920.625 0
100 6.00707 -42.0 21789 920.625 0
011 5.90276 -55.0 21817 920.625 0
101 4.68171 -42.5 21923 921.625 0
001 1.60148 -50.0 21963 921.625 0
100 4.82897 -42.0 22231 921.625 0
011 4.60194 -54.0 22256 921.625 0
101 4.67557 -42.5 22397 921.625 0
001 1.56466 -51.0 22433 921.625 0
100 4.80443 -42.0 22660 921.625 0
011 4.73693 -55.0 22692 921.625 0
101 4.65717 -42.5 22862 921.625 0
001 1.56466 -50.5 22876 921.625 0
100 4.79829 -42.0 23106 921.625 0
001 1.50944 -50.5 23316 921.625 0
101 4.65103 -42.5 23327 921.625 0
100 4.83511 -41.5 23543 921.625 0
001 1.00629 -51.5 23761 922.625 0
101 4.06198 -42.5 23788 922.625 0
100 4.30128 -41.5 23988 922.625 0
011 4.06812 -53.5 23999 922.625 0
101 4.14788 -42.5 24268 922.625 0
001 1.14742 -50.5 24274 922.625 0
100 4.12948 -41.5 24431 922.625 0
011 4.05585 -53.0 24442 922.625 0
101 4.23992 -42.5 24730 922.625 0
001 1.20264 -51.0 24783 922.625 0
100 4.48536 -41.5 24861 922.625 0
011 4.08039 -53.5 24876 922.625 0
101 4.12334 -42.5 25199 922.625 0
001 1.21491 -51.0 25223 922.625 0
100 4.28901 -41.5 25304 922.625 0
011 4.08652 -53.5 25319 922.625 0
101 3.15386 -42.5 25669 923.625 0
100 3.18454 -42.0 25745 923.625 0
011 3.13546 -53.5 25759 923.625 0
101 3.11091 -43.0 26147 923.625 0
100 3.24590 -41.5 26176 923.625 0
011 2.92684 -52.5 26200 923.625 0
101 3.10478 -43.0 26609 923.625 0
100 3.18454 -41.5 26614 923.625 0
011 3.11091 -52.0 26637 923.625 0
100 3.16000 -41.5 27046 923.625 0
101 3.13546 -43.0 27069 923.625 0
011 3.12318 -53.0 27080 923.625 0
001 2.43596 -50.5 27232 920.625 0
100 5.73095 -42.0 27496 920.625 0
011 5.45484 -54.5 27525 920.625 0
101 5.84140 -42.5 27534 920.625 0
001 2.52800 -49.0 27675 920.625 0
100 5.80458 -42.0 27934 920.625 0
011 5.51006 -56.0 27961 920.625 0
101 5.81686 -42.5 28005 920.625 0
001 2.44210 -49.5 28120 920.625 0
100 5.98253 -42.0 28368 920.625 0
011 5.70641 -54.5 28395 920.625 0
101 5.56528 -42.5 28479 920.625 0
001 2.46051 -50.5 28565 920.625 0
100 5.85367 -42.0 28799 920.625 0
011 5.71254 -55.0 28832 920.625 0
101 5.51619 -42.5 28941 920.625 0
001 2.43596 -49.5 29010 920.625 0
100 4.79216 -41.5 29235 921.625 0
101 4.63876 -42.5 29407 921.625 0
100 4.82284 -42.0 29666 921.625 0
101 4.67557 -42.5 29869 921.625 0
001 1.53398 -50.5 29896 921.625 0
011 4.42400 -53.5 40065 922.625 0
101 4.02517 -42.5 40071 922.625 0
100 4.46082 -41.5 40076 922.625 0
001 1.23332 -52.0 40169 922.625 0
011 3.97608 -53.5 40506 922.625 0
100 4.22765 -41.5 40515 922.625 0
101 4.24606 -42.5 40548 922.625 0
001 0.90198 -51.5 40590 922.625 0
011 4.06812 -52.5 40949 922.625 0
100 4.08039 -41.5 40959 922.625 0
001 1.26400 -51.5 41008 922.625 0
101 3.99449 -42.5 41024 922.625 0
100 4.11107 -41.5 41395 922.625 0
011 4.23379 -53.0 41400 922.625 0
001 1.01243 -52.0 41434 922.625 0
101 4.33196 -42.5 41503 922.625 0
100 4.08039 -42.0 41844 922.625 0
011 3.19068 -53.0 41863 923.625 0
101 3.12318 -43.0 41969 923.625 0
100 3.13546 -41.5 42293 923.625 0
011 3.11091 -52.0 42303 923.625 0
101 3.12318 -42.5 42440 923.625 0
100 3.10478 -42.0 42737 923.625 0
011 3.16000 -53.0 42746 923.625 0
100 3.09864 -42.0 43171 923.625 0
011 3.11091 -53.0 43194 923.625 0
101 3.12932 -42.5 43389 923.625 0
100 3.11705 -41.5 43612 923.625 0
011 3.17227 -53.0 43640 923.625 0
001 2.45437 -49.5 43660 920.625 0
101 5.50392 -42.5 43863 920.625 0
100 5.88435 -42.0 44050 920.625 0
011 5.70027 -55.0 44082 920.625 0
001 2.53414 -49.5 44105 920.625 0
101 5.45484 -42.0 44330 920.625 0
100 5.76163 -42.0 44499 920.625 0
011 5.52847 -54.5 44527 920.625 0
001 2.47278 -49.5 44555 920.625 0
101 5.51006 -42.5 44810 920.625 0
100 5.90889 -42.0 44945 920.625 0
011 5.94571 -54.5 44969 920.625 0
001 2.19666 -50.0 45005 920.625 0
101 5.49165 -42.5 45287 920.625 0
100 5.66346 -42.0 45383 920.625 0
011 5.43643 -54.5 45411 920.625 0
001 1.44808 -52.0 45499 921.625 0
101 4.66944 -42.5 45759 921.625 0
100 4.72466 -42.0 45838 921.625 0
001 1.51557 -51.5 45952 921.625 0
100 4.68785 -42.0 46283 921.625 0
100 4.70012 -42.0 46725 921.625 0
100 4.70012 -41.5 47174 921.625 0
001 1.09219 -52.0 47357 922.625 0
100 4.26447 -41.5 47613 922.625 0
011 4.26447 -52.5 47628 922.625 0
101 4.33196 -42.5 47672 922.625 0
001 1.10447 -51.5 47863 922.625 0
100 4.61421 -41.5 48050 922.625 0
011 4.12334 -53.5 48069 922.625 0
101 4.27060 -43.0 48155 922.625 0
001 1.15969 -52.0 48289 922.625 0
100 4.15402 -41.5 48491 922.625 0
011 4.15402 -53.5 48515 922.625 0
101 4.30742 -42.5 48634 922.625 0
001 1.13515 -51.5 48709 922.625 0
100 4.14175 -41.5 48941 922.625 0
011 3.87177 -52.5 48951 922.625 0
101 3.04955 -43.0 49115 923.625 0
100 3.11705 -41.5 49381 923.625 0
011 3.08637 -52.5 49395 923.625 0
101 3.09864 -42.5 49586 923.625 0
100 3.11705 -41.5 49816 923.625 0
101 3.10478 -42.5 50058 923.625 0
