100 5.06214 -46.0 0 922.625 0
101 4.87192 -43.5 13 922.625 0
011 4.47309 -52.5 21 922.625 0
100 4.89033 -46.5 394 922.625 0
011 4.47309 -53.5 403 922.625 0
001 1.31309 -47.0 408 922.625 0
101 4.47922 -43.5 422 922.625 0
011 4.44241 -52.5 787 922.625 0
100 4.89647 -46.0 792 922.625 0
001 1.35604 -47.0 802 922.625 0
101 4.46082 -43.0 838 922.625 0
100 4.84738 -46.0 1186 922.625 0
001 1.39285 -47.0 1197 922.625 0
101 4.53445 -43.5 1254 922.625 0
011 4.27674 -53.0 1556 922.625 0
100 4.90260 -46.0 1578 922.625 0
001 1.30082 -47.0 1593 922.625 0
011 3.81041 -52.0 1942 923.625 0
100 4.16016 -45.0 1971 923.625 0
001 0.78540 -47.5 1983 923.625 0
101 4.14175 -43.5 2090 923.625 0
011 3.36249 -52.0 2322 923.625 0
100 4.52831 -45.0 2360 923.625 0
001 0.88971 -47.5 2381 923.625 0
101 4.09266 -43.5 2509 923.625 0
011 4.08039 -52.0 2702 923.625 0
100 4.48536 -45.0 2751 923.625 0
001 0.57678 -47.5 2765 923.625 0
101 4.22765 -43.0 2923 923.625 0
011 3.84722 -52.5 3085 923.625 0
100 4.23379 -45.0 3144 923.625 0
001 0.54610 -47.5 3158 923.625 0
101 4.16629 -43.5 3333 923.625 0
011 3.99449 -52.0 3459 923.625 0
100 4.20311 -45.0 3531 923.625 0
001 0.50928 -47.5 3549 923.625 0
101 6.00093 -43.0 3752 920.625 0
011 5.74936 -54.5 3839 920.625 0
001 3.01887 -46.5 3936 920.625 0
101 6.00707 -43.0 4167 920.625 0
011 5.79845 -55.0 4228 920.625 0
001 2.76730 -46.0 4324 920.625 0
101 5.96412 -43.5 4589 920.625 0
011 5.84140 -54.5 4607 920.625 0
001 2.76730 -46.5 4713 920.625 0
011 6.05616 -54.5 4985 920.625 0
101 6.01320 -43.0 5004 920.625 0
001 2.80412 -46.5 5103 920.625 0
100 5.92117 -47.5 5380 921.625 0
011 5.16031 -53.0 5386 921.625 0
101 5.42416 -43.0 5418 921.625 0
001 2.30097 -47.0 5495 921.625 0
011 5.09895 -53.5 5762 921.625 0
100 6.08070 -47.5 5777 921.625 0
101 5.25235 -43.0 5834 921.625 0
001 2.11076 -46.5 5881 921.625 0
011 5.12350 -53.5 6148 921.625 0
100 5.79231 -47.0 6167 921.625 0
101 5.25849 -43.0 6249 921.625 0
001 2.42983 -47.0 6268 921.625 0
011 5.14190 -53.5 6531 921.625 0
100 5.84753 -47.0 6563 921.625 0
001 2.02485 -46.5 6656 921.625 0
101 5.70027 -43.0 6666 921.625 0
011 4.89033 -54.0 6915 921.625 0
100 5.85981 -47.0 6955 921.625 0
001 2.53414 -47.0 7043 921.625 0
101 5.23394 -43.0 7077 921.625 0
011 4.36878 -53.5 7298 922.625 0
100 5.01305 -46.0 7353 922.625 0
001 1.28241 -47.0 7435 922.625 0
011 4.57126 -53.0 7673 922.625 0
100 4.87806 -46.0 7749 922.625 0
001 1.25786 -47.5 7827 922.625 0
101 4.45468 -43.0 7903 922.625 0
011 4.31355 -53.0 8063 922.625 0
100 4.90874 -46.0 8141 922.625 0
001 1.28854 -47.0 8216 922.625 0
101 4.68171 -43.0 8320 922.625 0
011 4.48536 -53.0 8450 922.625 0
100 4.85352 -46.0 8536 922.625 0
001 1.19651 -47.5 8608 922.625 0
101 4.54058 -43.0 8736 922.625 0
011 4.40559 -53.0 8836 922.625 0
100 4.73693 -46.0 8933 922.625 0
001 0.57064 -47.5 8996 923.625 0
101 3.82882 -43.0 9149 923.625 0
011 3.81654 -52.5 9222 923.625 0
100 4.17856 -45.0 9328 923.625 0
001 0.50315 -48.0 9381 923.625 0
101 3.82882 -43.5 9566 923.625 0
011 3.88404 -52.5 9608 923.625 0
100 4.19697 -45.0 9719 923.625 0
001 1.07992 -47.5 9775 923.625 0
101 3.85336 -43.0 9981 923.625 0
011 3.80427 -52.0 9995 923.625 0
101 5.92730 -43.0 20042 920.625 0
001 2.84707 -46.5 20048 920.625 0
011 5.74936 -54.0 20053 920.625 0
100 0.14113 -48.5 20062 920.625 0
001 2.82866 -46.0 20435 920.625 0
011 5.90889 -55.0 20445 920.625 0
101 5.97025 -43.0 20461 920.625 0
100 0.11045 -48.5 20466 920.625 0
011 5.78618 -54.0 20822 920.625 0
001 2.74276 -46.0 20832 920.625 0
100 0.20862 -48.5 20873 920.625 0
101 6.17274 -43.0 20883 920.625 0
011 5.88435 -54.0 21203 920.625 0
001 3.00660 -46.5 21222 920.625 0
100 0.02454 -48.0 21269 920.625 0
101 0.08590 -43.0 21307 920.625 0
011 5.77390 -54.5 21585 920.625 0
001 2.76117 -46.5 21622 920.625 0
100 0.08590 -48.5 21666 920.625 0
101 6.01934 -43.0 21726 920.625 0
011 5.22781 -53.5 21971 921.625 0
001 2.11689 -46.5 22015 921.625 0
100 5.85367 -47.0 22064 921.625 0
101 5.20326 -43.0 22141 921.625 0
011 5.12963 -53.5 22357 921.625 0
001 2.03099 -47.0 22412 921.625 0
100 5.99480 -47.0 22457 921.625 0
101 5.35052 -43.0 22557 921.625 0
011 5.06214 -53.0 22747 921.625 0
001 2.09849 -46.5 22809 921.625 0
100 6.00093 -46.5 22860 921.625 0
101 5.37507 -43.0 22973 921.625 0
011 5.05600 -53.0 23131 921.625 0
001 1.95736 -47.0 23206 921.625 0
100 6.19115 -47.0 23255 921.625 0
101 5.29530 -43.0 23396 921.625 0
011 5.51006 -53.0 23514 921.625 0
001 1.90827 -46.5 23599 921.625 0
100 4.80443 -45.5 23656 922.625 0
101 4.49150 -43.0 23818 922.625 0
011 4.33810 -52.5 23897 922.625 0
001 1.28241 -47.5 23995 922.625 0
100 4.85352 -45.5 24048 922.625 0
101 4.81670 -42.5 24235 922.625 0
011 4.52831 -52.5 24284 922.625 0
001 1.25786 -47.5 24386 922.625 0
100 4.87806 -45.5 24442 922.625 0
101 4.43627 -43.0 24662 922.625 0
011 4.30128 -52.5 24671 922.625 0
001 1.20878 -47.5 24779 922.625 0
100 4.84738 -45.5 24837 922.625 0
011 4.41173 -53.0 25058 922.625 0
101 4.41786 -43.0 25077 922.625 0
001 1.32536 -47.0 25176 922.625 0
100 4.84738 -45.5 25230 922.625 0
011 3.82882 -52.0 25445 923.625 0
101 3.82268 -43.5 25502 923.625 0
001 0.50315 -48.0 25574 923.625 0
100 4.25833 -44.5 25628 923.625 0
011 4.22152 -52.0 25828 923.625 0
101 3.98221 -43.0 25914 923.625 0
001 0.56450 -47.5 25964 923.625 0
100 4.17243 -44.5 26022 923.625 0
011 3.63860 -52.0 26205 923.625 0
101 3.67542 -43.0 26330 923.625 0
001 0.43565 -48.0 26361 923.625 0
100 4.26447 -44.5 26420 923.625 0
011 3.60179 -52.0 26596 923.625 0
101 4.27060 -43.0 26745 923.625 0
001 0.75472 -47.5 26756 923.625 0
100 4.16629 -44.5 26815 923.625 0
011 4.11107 -52.0 26985 923.625 0
001 0.49087 -48.5 27151 923.625 0
101 4.09266 -43.0 27160 923.625 0
100 4.51604 -44.5 27216 923.625 0
011 5.75550 -54.5 27369 920.625 0
001 2.85320 -46.5 27553 920.625 0
101 5.95798 -43.0 27581 920.625 0
100 0.23930 -48.0 27613 920.625 0
011 5.96412 -54.5 27758 920.625 0
001 2.99433 -46.0 27945 920.625 0
101 5.97639 -43.0 28005 920.625 0
100 0.11658 -48.0 28015 920.625 0
011 5.79845 -54.0 28151 920.625 0
001 2.99433 -47.0 28342 920.625 0
101 0.09204 -43.0 28417 920.625 0
100 0.11045 -48.0 28422 920.625 0
011 5.81072 -54.0 28536 920.625 0
100 0.14113 -47.5 28826 920.625 0
101 6.00093 -43.0 28836 920.625 0
011 0.08590 -54.0 28918 920.625 0
001 2.00031 -47.0 29127 921.625 0
100 5.78004 -46.5 29224 921.625 0
101 5.74936 -43.0 29255 921.625 0
011 5.27076 -53.5 29307 921.625 0
001 2.04326 -46.5 29522 921.625 0
100 5.77390 -46.5 29625 921.625 0
101 5.15418 -43.0 29675 921.625 0
011 5.27689 -53.5 29698 921.625 0
001 2.01872 -47.0 29921 921.625 0
100 5.71868 -46.5 30024 921.625 0
100 4.70625 -45.0 40074 922.625 0
011 4.37491 -53.0 40084 922.625 0
101 4.46695 -42.5 40089 922.625 0
001 1.22718 -47.0 40095 922.625 0
011 4.32583 -52.5 40470 922.625 0
100 4.79216 -45.0 40479 922.625 0
001 1.21491 -47.0 40493 922.625 0
101 4.79216 -43.0 40503 922.625 0
011 4.50990 -52.5 40855 922.625 0
100 4.84124 -45.0 40879 922.625 0
001 1.24559 -47.5 40889 922.625 0
101 4.42400 -42.5 40918 922.625 0
011 4.51604 -53.0 41246 922.625 0
100 4.74307 -45.0 41275 922.625 0
001 1.21491 -47.0 41292 922.625 0
101 4.36264 -43.0 41345 922.625 0
011 4.36878 -52.5 41640 922.625 0
100 4.89647 -45.0 41673 922.625 0
001 1.15355 -47.5 41688 922.625 0
101 4.52218 -43.0 41757 922.625 0
011 3.54656 -52.0 42028 923.625 0
100 4.23379 -44.5 42075 923.625 0
001 1.05538 -48.0 42093 923.625 0
101 3.89631 -43.0 42185 923.625 0
011 3.71223 -52.0 42420 923.625 0
100 4.12334 -44.5 42479 923.625 0
001 0.49087 -48.5 42494 923.625 0
101 3.60179 -43.0 42605 923.625 0
011 3.92085 -52.0 42811 923.625 0
100 4.16016 -44.5 42872 923.625 0
001 0.42951 -48.0 42890 923.625 0
101 3.87790 -43.0 43024 923.625 0
011 3.55270 -52.0 43195 923.625 0
100 4.21538 -44.5 43267 923.625 0
001 0.50315 -48.5 43285 923.625 0
101 3.62633 -43.0 43442 923.625 0
011 4.24606 -52.0 43585 923.625 0
100 6.26478 -47.0 43667 920.625 0
001 2.71821 -46.0 43681 920.625 0
101 5.92117 -43.0 43858 920.625 0
011 5.81686 -55.0 43977 920.625 0
100 0.03068 -47.0 44067 920.625 0
001 2.77957 -47.0 44078 920.625 0
101 5.86594 -43.0 44276 920.625 0
011 5.82913 -54.5 44370 920.625 0
100 0.00000 -47.5 44467 920.625 0
001 2.73662 -47.0 44482 920.625 0
101 5.98866 -43.0 44696 920.625 0
011 5.99480 -55.0 44766 920.625 0
100 0.10431 -47.0 44867 920.625 0
001 2.78571 -46.5 44878 920.625 0
101 5.95185 -43.0 45119 920.625 0
011 5.73095 -54.5 45152 920.625 0
100 0.18408 -47.5 45269 920.625 0
001 2.79798 -46.5 45278 920.625 0
101 5.38734 -42.5 45536 921.625 0
011 4.83511 -54.5 45545 921.625 0
100 5.93344 -46.0 45667 921.625 0
001 2.04940 -46.5 45681 921.625 0
011 4.95783 -53.5 45938 921.625 0
101 5.08054 -43.0 45957 921.625 0
100 5.91503 -46.0 46071 921.625 0
001 2.04326 -47.5 46082 921.625 0
011 4.92101 -54.0 46331 921.625 0
101 5.54074 -42.5 46385 921.625 0
100 5.88435 -46.0 46471 921.625 0
001 1.95736 -46.5 46483 921.625 0
011 5.06214 -53.0 46715 921.625 0
101 5.20326 -42.5 46811 921.625 0
100 5.90889 -46.0 46871 921.625 0
001 2.20893 -47.0 46885 921.625 0
011 4.92715 -54.0 47106 921.625 0
101 5.11122 -43.0 47232 921.625 0
100 4.77988 -45.0 47277 922.625 0
001 1.22718 -47.5 47287 922.625 0
011 4.31969 -52.5 47503 922.625 0
101 4.35651 -42.5 47651 922.625 0
100 4.74307 -45.0 47674 922.625 0
001 1.12901 -47.5 47688 922.625 0
011 4.77988 -53.0 47897 922.625 0
100 4.76761 -45.0 48075 922.625 0
101 4.36264 -42.5 48080 922.625 0
001 1.30082 -47.5 48091 922.625 0
011 4.55285 -52.5 48287 922.625 0
100 4.76761 -45.0 48478 922.625 0
001 1.22718 -47.5 48488 922.625 0
101 4.80443 -43.0 48503 922.625 0
011 4.34423 -53.5 48675 922.625 0
100 4.70625 -45.0 48875 922.625 0
001 1.61375 -47.5 48885 922.625 0
101 4.43627 -43.0 48926 922.625 0
011 3.67542 -52.5 49067 923.625 0
100 3.96994 -44.0 49276 923.625 0
001 0.65654 -48.0 49286 923.625 0
101 3.65087 -43.0 49346 923.625 0
011 3.44839 -52.5 49459 923.625 0
100 4.14175 -44.5 49670 923.625 0
001 0.49701 -47.5 49684 923.625 0
101 3.66928 -43.0 49765 923.625 0
011 3.59565 -52.0 49852 923.625 0
100 4.22152 -44.0 50069 923.625 0
