101 3.71837 -50.5 0 920.625 0
101 3.71837 -50.5 795 920.625 0
101 3.83495 -51.0 1595 920.625 0
101 3.16614 -50.5 2393 921.625 0
101 3.00047 -50.5 3191 921.625 0
101 2.25188 -51.0 3994 922.625 0
101 2.31324 -51.5 4793 922.625 0
100 1.30695 -51.0 6295 923.625 0
100 5.92730 -49.0 7501 920.625 0
101 2.75503 -51.0 7555 920.625 0
001 0.87744 -48.5 7926 920.625 0
100 4.82284 -47.0 8305 920.625 0
101 4.71852 -50.0 8687 920.625 0
101 4.31355 -48.5 9486 921.625 0
100 2.17825 -51.0 9868 921.625 0
100 2.82866 -41.5 20042 922.625 0
001 1.96963 -47.5 20047 922.625 0
101 2.01258 -51.0 20219 922.625 0
001 2.12303 -47.5 20843 922.625 0
100 2.77344 -41.0 20853 922.625 0
101 1.95122 -50.5 21025 922.625 0
001 2.00645 -47.5 21631 922.625 0
100 2.79185 -41.0 21644 922.625 0
001 0.74858 -47.5 22423 923.625 0
100 1.94509 -41.0 22442 923.625 0
001 0.73631 -47.0 23209 923.625 0
100 1.93282 -41.5 23246 923.625 0
001 3.44839 -49.0 23997 920.625 0
100 4.36264 -41.0 24057 920.625 0
001 3.14773 -49.5 24789 920.625 0
100 4.32583 -41.0 24859 920.625 0
001 2.69367 -48.5 25584 921.625 0
100 3.50361 -41.5 25654 921.625 0
001 2.41142 -49.0 26374 921.625 0
100 3.56497 -41.0 26447 921.625 0
001 2.76730 -49.0 27159 921.625 0
100 2.76117 -41.5 27261 922.625 0
001 1.58307 -48.5 27956 922.625 0
100 2.85320 -41.5 28068 922.625 0
001 1.55239 -48.5 28743 922.625 0
100 2.76730 -41.5 28859 922.625 0
001 0.91425 -47.0 29530 923.625 0
100 2.02485 -42.0 29663 923.625 0
100 4.36264 -41.5 40084 920.625 0
001 3.31340 -50.0 40089 920.625 0
111 2.52800 -65.5 40103 920.625 0
111 3.02501 -65.5 40703 920.625 0
001 3.55270 -48.0 40872 920.625 0
100 4.38105 -41.5 40882 920.625 0
001 3.42998 -50.0 41668 920.625 0
100 4.32583 -41.5 41677 920.625 0
001 2.54641 -49.0 42459 921.625 0
100 3.38703 -42.0 42473 921.625 0
001 2.54027 -49.0 43247 921.625 0
100 3.38703 -41.5 43274 921.625 0
001 1.57080 -48.0 44034 922.625 0
100 2.74889 -42.0 44088 922.625 0
001 1.55852 -48.0 44816 922.625 0
100 2.77957 -42.0 44883 922.625 0
001 1.03084 -47.5 45612 923.625 0
100 1.95122 -42.0 45689 923.625 0
001 1.08606 -47.5 46403 923.625 0
100 1.69965 -42.0 46489 923.625 0
001 1.11674 -47.5 47189 923.625 0
100 4.38719 -41.5 47288 920.625 0
001 3.51588 -49.5 47980 920.625 0
100 4.36878 -41.5 48088 920.625 0
001 3.77973 -49.5 48773 920.625 0
100 4.36878 -41.5 48870 920.625 0
001 2.41142 -48.5 49557 921.625 0
100 3.41157 -41.5 49675 921.625 0
