101 4.88419 -48.0 0 920.625 0
100 6.23410 -47.0 5 920.625 0
100 6.22796 -47.0 714 920.625 0
101 4.69398 -47.5 1385 920.625 0
100 6.20342 -46.5 1408 920.625 0
100 5.13577 -49.5 2114 921.625 0
101 3.46680 -56.5 2769 921.625 0
100 5.07441 -47.5 2818 921.625 0
101 3.62633 -48.0 3458 921.625 0
100 5.65119 -47.5 3521 921.625 0
100 4.87806 -46.5 4217 922.625 0
101 2.97592 -46.5 4842 922.625 0
100 4.91487 -47.0 4917 922.625 0
101 2.31324 -47.5 5546 923.625 0
100 4.09880 -47.5 5622 923.625 0
101 2.32551 -48.0 6246 923.625 0
100 4.00676 -48.0 6327 923.625 0
100 4.05585 -47.5 7024 923.625 0
101 4.40559 -46.5 7632 920.625 0
100 0.42338 -46.5 7725 920.625 0
101 4.47309 -46.5 8321 920.625 0
100 0.54610 -47.0 8422 920.625 0
101 4.35651 -47.0 9016 921.625 0
100 6.00093 -47.0 9118 921.625 0
101 3.89018 -47.0 9709 921.625 0
100 6.00707 -47.5 9812 921.625 0
101 2.92070 -47.5 20042 922.625 0
100 4.78602 -48.0 20047 922.625 0
101 3.05569 -46.5 20726 922.625 0
100 4.85965 -47.5 20750 922.625 0
100 4.76761 -48.5 21447 922.625 0
101 2.20280 -48.0 22105 923.625 0
100 4.08039 -49.0 22150 923.625 0
101 2.37460 -48.0 22797 923.625 0
100 4.25833 -49.5 22854 923.625 0
101 2.60777 -48.0 23495 923.625 0
100 4.19084 -48.5 23553 923.625 0
101 4.31969 -46.0 24190 920.625 0
100 0.06750 -48.5 24257 920.625 0
101 4.38105 -45.5 24889 920.625 0
100 0.05522 -48.0 24950 920.625 0
101 3.83495 -47.0 25589 921.625 0
100 5.49165 -48.5 25645 921.625 0
101 3.59565 -46.5 26289 921.625 0
100 5.58983 -48.0 26342 921.625 0
101 3.56497 -47.0 26996 921.625 0
100 5.74322 -48.0 27041 921.625 0
101 3.02501 -47.0 27684 922.625 0
100 5.05600 -48.0 27733 922.625 0
101 3.07410 -47.5 28380 922.625 0
100 4.73080 -48.0 28425 922.625 0
101 2.31938 -47.5 29063 923.625 0
100 4.31969 -49.0 29130 923.625 0
101 2.11076 -47.5 29763 923.625 0
100 3.90245 -49.0 29838 923.625 0
101 4.35037 -46.5 40067 920.625 0
100 6.18501 -48.5 40081 920.625 0
101 4.20924 -46.5 40762 920.625 0
101 4.30128 -46.5 41460 920.625 0
100 6.24637 -49.0 41479 920.625 0
101 3.62633 -47.0 42148 921.625 0
100 5.31371 -48.5 42181 921.625 0
101 3.62019 -47.0 42839 921.625 0
100 5.76777 -48.5 42884 921.625 0
101 3.55884 -47.0 43534 921.625 0
100 5.41802 -49.0 43589 921.625 0
101 2.98206 -47.0 44236 922.625 0
100 5.04373 -49.5 44299 922.625 0
101 2.80412 -47.0 44928 922.625 0
100 4.82284 -49.0 45004 922.625 0
101 2.14144 -47.5 45616 923.625 0
100 3.72451 -50.0 45710 923.625 0
101 2.15984 -47.5 46306 923.625 0
100 3.76746 -50.0 46418 923.625 0
101 2.13530 -47.5 47006 923.625 0
100 3.78586 -49.5 47126 923.625 0
101 4.40559 -46.5 47703 920.625 0
100 6.16660 -48.5 47833 920.625 0
101 4.41173 -46.5 48406 920.625 0
100 6.22183 -48.5 48535 920.625 0
101 3.52816 -46.5 49102 921.625 0
100 5.75550 -49.5 49249 921.625 0
101 3.53429 -46.5 49788 921.625 0
100 5.51006 -49.5 49950 921.625 0
