001 4.15402 -30.5 0 922.625 0
100 1.55852 -38.5 6 922.625 0
101 2.92684 -43.5 11 922.625 0
101 2.82252 -44.0 366 922.625 0
001 4.14175 -30.5 376 922.625 0
100 1.58307 -38.0 390 922.625 0
101 2.87161 -44.5 717 922.625 0
001 4.28287 -30.5 744 922.625 0
100 1.49717 -38.0 767 922.625 0
101 2.79798 -44.0 1075 922.625 0
001 4.27060 -30.5 1116 922.625 0
100 1.51557 -37.5 1156 922.625 0
101 2.90843 -44.5 1432 922.625 0
001 4.43627 -30.5 1490 922.625 0
100 1.49717 -38.0 1526 922.625 0
101 2.08621 -45.0 1799 923.625 0
001 3.31340 -31.5 1866 923.625 0
100 0.72404 -39.0 1898 923.625 0
101 2.11076 -45.0 2155 923.625 0
001 3.77359 -31.0 2236 923.625 0
100 0.67495 -39.5 2276 923.625 0
101 2.16598 -46.0 2510 923.625 0
001 3.30113 -31.0 2607 923.625 0
100 0.68722 -39.5 2665 923.625 0
101 2.09235 -45.5 2865 923.625 0
001 3.29499 -31.5 2985 923.625 0
100 0.70563 -39.0 3047 923.625 0
101 2.19052 -45.5 3219 923.625 0
001 3.54043 -31.0 3353 923.625 0
100 0.77313 -39.0 3432 923.625 0
101 2.14757 -46.0 3578 923.625 0
001 5.80458 -31.0 3724 920.625 0
100 3.11091 -35.5 3805 920.625 0
101 4.28287 -42.5 3934 920.625 0
001 5.70027 -30.5 4099 920.625 0
100 3.14159 -35.5 4180 920.625 0
101 4.27674 -42.5 4290 920.625 0
001 5.89049 -31.0 4468 920.625 0
100 3.10478 -35.5 4557 920.625 0
101 4.30128 -43.0 4659 920.625 0
001 5.89662 -30.5 4840 920.625 0
100 3.10478 -35.5 4929 920.625 0
101 4.31969 -43.5 5022 920.625 0
001 5.83526 -31.0 5219 920.625 0
100 3.12318 -35.5 5303 920.625 0
101 3.64474 -44.5 5394 921.625 0
001 4.85965 -30.5 5597 921.625 0
100 2.33779 -36.5 5672 921.625 0
101 3.90858 -44.0 5743 921.625 0
001 5.04986 -31.0 5969 921.625 0
100 2.31938 -36.5 6049 921.625 0
101 3.58952 -45.0 6102 921.625 0
001 4.87806 -30.5 6341 921.625 0
100 2.35006 -36.5 6416 921.625 0
101 3.57111 -44.0 6457 921.625 0
001 5.20326 -30.5 6713 921.625 0
100 2.33165 -36.5 6789 921.625 0
101 3.50361 -44.0 6812 921.625 0
001 5.04986 -30.5 7081 921.625 0
100 2.32551 -36.5 7170 921.625 0
101 3.60792 -45.0 7175 921.625 0
001 3.95153 -31.0 7453 922.625 0
101 2.83480 -45.0 7533 922.625 0
100 1.74260 -37.0 7551 922.625 0
001 3.95153 -31.0 7825 922.625 0
101 2.89616 -46.0 7888 922.625 0
100 1.81623 -37.5 7928 922.625 0
001 3.92699 -31.0 8199 922.625 0
101 2.81025 -45.0 8244 922.625 0
100 1.61375 -37.5 8307 922.625 0
001 3.92085 -31.0 8567 922.625 0
101 2.76117 -45.0 8611 922.625 0
100 1.82237 -37.5 8700 922.625 0
001 3.95153 -31.0 8934 922.625 0
101 2.09849 -46.5 8988 923.625 0
100 0.71177 -39.0 9072 923.625 0
001 3.52202 -31.5 9306 923.625 0
101 2.11076 -46.5 9346 923.625 0
100 0.72404 -39.0 9448 923.625 0
001 3.32567 -31.5 9683 923.625 0
101 2.06781 -46.5 9701 923.625 0
100 0.69336 -39.0 9825 923.625 0
100 3.06796 -35.5 20049 920.625 0
001 5.56528 -31.0 20054 920.625 0
101 4.15402 -44.5 20060 920.625 0
101 4.27060 -44.0 20417 920.625 0
001 6.09911 -31.0 20432 920.625 0
100 3.06796 -35.0 20437 920.625 0
101 4.20924 -44.5 20783 920.625 0
001 5.90276 -30.5 20810 920.625 0
100 3.08023 -35.5 20820 920.625 0
101 4.20311 -44.5 21142 920.625 0
001 5.74936 -31.0 21182 920.625 0
100 3.07410 -35.0 21205 920.625 0
101 4.25833 -45.5 21509 920.625 0
001 5.68800 -31.0 21554 920.625 0
100 3.05569 -35.0 21587 920.625 0
101 3.77359 -45.5 21880 921.625 0
001 5.12350 -30.5 21935 921.625 0
100 2.30097 -36.5 21967 921.625 0
101 3.55884 -46.5 22249 921.625 0
001 5.14804 -31.0 22316 921.625 0
100 2.26416 -36.5 22347 921.625 0
101 3.71223 -45.5 22616 921.625 0
001 4.97010 -30.5 22697 921.625 0
100 2.26416 -36.5 22724 921.625 0
101 3.50975 -46.5 22976 921.625 0
001 5.03759 -31.0 23074 921.625 0
100 2.24575 -36.5 23114 921.625 0
101 3.56497 -45.5 23339 921.625 0
001 4.81670 -31.0 23450 921.625 0
100 2.23961 -36.5 23490 921.625 0
101 2.85934 -47.0 23703 922.625 0
001 3.89631 -31.0 23835 922.625 0
100 1.58920 -37.5 23881 922.625 0
101 2.90229 -47.5 24066 922.625 0
001 3.90245 -31.5 24216 922.625 0
100 1.87146 -37.5 24257 922.625 0
101 2.82252 -47.0 24429 922.625 0
001 3.91472 -31.0 24593 922.625 0
100 1.52171 -37.5 24642 922.625 0
101 3.28885 -48.5 24794 922.625 0
001 3.91472 -31.0 24970 922.625 0
100 1.49103 -37.5 25037 922.625 0
101 3.06796 -47.5 25161 922.625 0
001 3.88404 -31.0 25346 922.625 0
100 0.60132 -39.0 25435 923.625 0
101 2.31324 -49.0 25524 923.625 0
001 3.60792 -31.0 25726 923.625 0
100 0.60132 -39.0 25819 923.625 0
101 2.12303 -48.5 25881 923.625 0
001 3.14159 -31.0 26107 923.625 0
100 0.63200 -39.0 26200 923.625 0
101 2.14757 -48.5 26252 923.625 0
001 3.35635 -31.5 26477 923.625 0
100 0.60132 -39.0 26574 923.625 0
101 2.18439 -49.0 26610 923.625 0
001 3.14159 -31.0 26849 923.625 0
100 0.58905 -39.0 26955 923.625 0
101 2.17212 -48.5 26978 923.625 0
001 5.73709 -30.5 27238 920.625 0
100 2.96979 -35.5 27331 920.625 0
101 4.73693 -44.5 27345 920.625 0
001 5.48552 -30.5 27614 920.625 0
101 4.70012 -45.5 27712 920.625 0
100 2.96979 -35.0 27726 920.625 0
001 5.79231 -31.0 27995 920.625 0
101 4.23379 -45.5 28070 920.625 0
100 3.08637 -35.5 28115 920.625 0
001 5.46711 -30.5 28374 920.625 0
101 4.27674 -46.0 28437 920.625 0
100 3.06796 -35.0 28491 920.625 0
001 5.92730 -30.5 28755 920.625 0
101 4.37491 -46.0 28800 920.625 0
100 2.95751 -35.0 28884 920.625 0
001 5.14804 -31.0 29135 921.625 0
101 3.94540 -47.5 29171 921.625 0
100 2.17825 -36.0 29269 921.625 0
001 5.15418 -31.0 29516 921.625 0
101 3.74291 -46.5 29543 921.625 0
100 2.20893 -36.5 29664 921.625 0
001 5.16645 -31.0 29893 921.625 0
101 3.77973 -47.5 29911 921.625 0
100 1.29468 -37.5 40081 922.625 0
001 3.90858 -31.0 40086 922.625 0
101 2.85934 -50.0 40091 922.625 0
100 1.41126 -38.0 40463 922.625 0
101 3.03115 -48.0 40468 922.625 0
001 3.89018 -30.5 40477 922.625 0
101 2.79185 -49.0 40839 922.625 0
100 1.50330 -37.5 40849 922.625 0
001 3.90858 -31.0 40858 922.625 0
101 3.02501 -50.5 41209 922.625 0
100 1.52784 -37.5 41232 922.625 0
001 3.90858 -31.0 41251 922.625 0
101 2.85320 -50.0 41580 922.625 0
100 1.34377 -37.0 41612 922.625 0
001 3.90245 -31.0 41634 922.625 0
101 2.34392 -52.5 41947 923.625 0
100 0.51542 -39.0 41997 923.625 0
001 3.57724 -31.5 42010 923.625 0
101 2.34392 -52.0 42312 923.625 0
100 0.58291 -38.5 42388 923.625 0
001 3.35635 -31.5 42398 923.625 0
101 2.31938 -52.5 42676 923.625 0
001 3.28885 -31.5 42774 923.625 0
100 0.53996 -39.0 42779 923.625 0
101 2.49118 -52.0 43041 923.625 0
001 3.35635 -31.5 43156 923.625 0
100 0.53383 -38.5 43170 923.625 0
101 2.34392 -52.5 43409 923.625 0
001 3.12932 -31.5 43538 923.625 0
100 0.50315 -38.5 43556 923.625 0
101 4.19697 -50.0 43779 920.625 0
001 5.88435 -30.5 43912 920.625 0
100 2.92684 -35.0 43935 920.625 0
101 4.14175 -49.0 44147 920.625 0
001 5.61437 -30.5 44298 920.625 0
100 2.88388 -35.0 44338 920.625 0
101 4.13561 -50.0 44519 920.625 0
001 5.77390 -30.5 44683 920.625 0
100 2.96979 -35.0 44719 920.625 0
101 4.62035 -49.0 44887 920.625 0
001 5.51619 -30.5 45054 920.625 0
100 2.87775 -35.0 45104 920.625 0
101 4.59581 -49.5 45259 920.625 0
001 5.66346 -30.5 45440 920.625 0
100 2.06167 -36.0 45489 921.625 0
101 3.69996 -51.0 45622 921.625 0
001 4.69398 -31.0 45830 921.625 0
100 2.11689 -36.0 45875 921.625 0
101 3.58952 -51.0 45994 921.625 0
001 5.00691 -31.0 46210 921.625 0
100 2.11076 -36.0 46255 921.625 0
101 3.73678 -52.0 46361 921.625 0
001 4.69398 -30.5 46594 921.625 0
100 2.11689 -36.0 46653 921.625 0
101 3.97608 -51.0 46733 921.625 0
001 5.04986 -30.5 46977 921.625 0
100 2.16598 -36.0 47052 921.625 0
101 3.68769 -52.0 47102 921.625 0
001 3.89018 -31.0 47354 922.625 0
100 1.42353 -37.0 47452 922.625 0
101 3.03728 -52.0 47471 922.625 0
001 3.91472 -31.0 47735 922.625 0
101 2.98206 -52.5 47833 922.625 0
100 1.30082 -37.0 47842 922.625 0
001 3.87790 -31.0 48125 922.625 0
101 2.79798 -51.5 48200 922.625 0
100 1.30082 -37.5 48245 922.625 0
001 3.89018 -31.0 48503 922.625 0
101 2.93297 -51.5 48574 922.625 0
100 1.52171 -37.5 48640 922.625 0
001 3.88404 -30.5 48892 922.625 0
101 2.79798 -51.5 48946 922.625 0
100 1.52171 -37.5 49022 922.625 0
001 3.12932 -31.0 49271 923.625 0
101 2.25802 -52.5 49318 923.625 0
100 0.53383 -39.0 49407 923.625 0
001 3.23977 -31.0 49654 923.625 0
101 2.42983 -53.5 49690 923.625 0
100 0.46633 -38.5 49792 923.625 0
001 3.36249 -31.5 50032 923.625 0
101 2.39915 -53.5 50063 923.625 0
