100 2.03713 -47.5 0 922.625 0
100 2.04326 -47.5 775 922.625 0
100 2.13530 -47.5 1554 922.625 0
100 1.25173 -46.5 2333 923.625 0
100 1.21491 -47.0 3101 923.625 0
100 3.57111 -48.0 3872 920.625 0
100 3.50361 -48.0 4647 920.625 0
100 2.77957 -47.5 5432 921.625 0
100 2.78571 -47.5 6200 921.625 0
100 2.79185 -47.0 6975 921.625 0
100 1.96963 -46.5 7754 922.625 0
100 1.78555 -46.5 8526 922.625 0
100 1.23946 -46.5 9298 923.625 0
100 3.85950 -47.5 20029 920.625 0
100 3.57111 -47.5 20793 920.625 0
100 3.52816 -47.5 21562 920.625 0
100 2.75503 -47.0 22330 921.625 0
100 2.75503 -47.0 23101 921.625 0
100 1.97577 -46.5 23873 922.625 0
100 1.96963 -46.5 24640 922.625 0
100 1.19651 -46.0 25417 923.625 0
100 1.23332 -46.0 26180 923.625 0
100 1.27014 -46.0 26943 923.625 0
100 3.49748 -47.0 27712 920.625 0
100 3.72451 -47.0 28482 920.625 0
100 2.71208 -47.0 29248 921.625 0
100 2.71821 -47.0 30017 921.625 0
100 1.89600 -46.0 40071 922.625 0
100 1.90827 -46.5 40837 922.625 0
100 1.82237 -46.0 41603 922.625 0
100 1.17196 -46.0 42372 923.625 0
100 1.16583 -46.0 43139 923.625 0
100 3.39317 -47.0 43907 920.625 0
100 3.42998 -47.0 44680 920.625 0
100 2.71821 -46.5 45456 921.625 0
100 2.72435 -46.5 46228 921.625 0
100 2.72435 -46.5 46996 921.625 0
100 1.85918 -46.5 47769 922.625 0
100 1.66897 -46.0 48534 922.625 0
100 1.32536 -46.0 49293 923.625 0
100 1.20878 -46.0 50063 923.625 0
