100 5.82913 -50.0 0 920.625 0
100 5.68186 -49.5 762 920.625 0
100 4.74307 -48.5 1518 921.625 0
100 4.78602 -48.0 2273 921.625 0
100 4.17243 -47.5 3033 922.625 0
100 4.13561 -47.5 3790 922.625 0
100 4.18470 -47.5 4551 922.625 0
100 3.23977 -47.5 5310 923.625 0
100 3.16614 -47.5 6067 923.625 0
100 5.47938 -47.5 6827 920.625 0
100 5.49779 -47.5 7590 920.625 0
100 4.72466 -47.5 8348 921.625 0
100 4.68785 -47.5 9110 921.625 0
100 4.38719 -47.0 19385 922.625 0
100 4.18470 -47.0 20133 922.625 0
100 4.28901 -46.5 20888 922.625 0
100 3.19682 -47.0 21641 923.625 0
100 3.23363 -47.0 22394 923.625 0
100 5.66959 -47.5 23149 920.625 0
100 5.74322 -47.5 23903 920.625 0
100 5.73095 -47.0 24662 920.625 0
100 5.20940 -47.5 25421 921.625 0
100 4.90260 -48.0 26179 921.625 0
100 3.91472 -47.0 26943 922.625 0
100 3.99449 -47.5 27698 922.625 0
100 3.15386 -47.0 28458 923.625 0
100 3.11091 -47.5 29213 923.625 0
