001 4.85965 -47.0 0 920.625 0
100 4.54058 -49.0 5 920.625 0
101 5.60210 -45.5 11 920.625 0
101 5.78004 -45.5 728 920.625 0
001 4.92101 -46.0 737 920.625 0
100 4.62649 -48.0 747 920.625 0
101 5.46711 -45.5 1446 920.625 0
001 4.96396 -45.5 1473 920.625 0
100 4.43014 -48.0 1483 920.625 0
101 4.84738 -45.5 2162 921.625 0
001 4.31355 -45.5 2211 921.625 0
100 3.66315 -47.5 2225 921.625 0
101 4.97010 -45.5 2875 921.625 0
001 4.13561 -45.5 2942 921.625 0
100 3.65087 -47.5 2974 921.625 0
001 3.48520 -45.5 3676 922.625 0
100 2.90229 -46.5 3707 922.625 0
101 3.95767 -46.0 4330 922.625 0
001 3.49134 -45.5 4406 922.625 0
100 2.88388 -46.5 4443 922.625 0
001 3.72451 -45.5 5143 922.625 0
100 2.82866 -46.5 5188 922.625 0
101 3.33794 -46.0 5765 923.625 0
001 2.64458 -45.5 5876 923.625 0
100 2.45437 -46.0 5925 923.625 0
101 3.23363 -46.0 6497 923.625 0
001 2.50959 -45.0 6603 923.625 0
100 2.06781 -46.0 6666 923.625 0
101 5.73709 -45.0 7218 920.625 0
001 4.82897 -45.0 7333 920.625 0
100 4.41173 -47.5 7409 920.625 0
101 5.23394 -44.5 7942 920.625 0
001 4.77988 -45.0 8067 920.625 0
100 4.39946 -47.5 8151 920.625 0
101 5.41802 -44.5 8664 920.625 0
001 4.82284 -45.0 8801 920.625 0
100 4.43014 -47.5 8894 920.625 0
101 4.51604 -45.0 9386 921.625 0
001 4.04357 -45.0 9536 921.625 0
100 3.64474 -47.0 9634 921.625 0
001 3.57111 -44.5 20040 922.625 0
101 3.59565 -45.0 20045 922.625 0
100 2.84093 -46.5 20050 922.625 0
001 3.46066 -44.0 20771 922.625 0
101 3.85950 -45.0 20776 922.625 0
100 2.83480 -46.0 20790 922.625 0
001 3.37476 -44.0 21501 922.625 0
101 3.91472 -45.0 21511 922.625 0
100 2.85320 -46.5 21534 922.625 0
001 2.48505 -44.0 22228 923.625 0
101 2.81639 -45.5 22247 923.625 0
100 1.96963 -46.0 22274 923.625 0
001 2.42369 -44.0 22957 923.625 0
101 2.82866 -45.0 22976 923.625 0
100 2.01872 -45.5 23003 923.625 0
101 4.89647 -44.0 23732 920.625 0
100 4.28287 -46.5 23741 920.625 0
101 4.84738 -44.0 24470 920.625 0
100 4.37491 -46.5 24489 920.625 0
101 4.90260 -44.5 25188 920.625 0
100 4.27060 -46.5 25229 920.625 0
101 4.31355 -45.0 25913 921.625 0
001 3.97608 -44.5 25971 921.625 0
100 3.58338 -46.5 25980 921.625 0
101 4.23379 -44.5 26628 921.625 0
001 3.99449 -44.0 26692 921.625 0
100 3.66928 -46.5 26720 921.625 0
101 3.57724 -45.0 27364 922.625 0
001 3.59565 -44.0 27413 922.625 0
100 2.98206 -46.0 27454 922.625 0
101 3.49134 -45.0 28095 922.625 0
001 3.38089 -44.0 28149 922.625 0
100 2.77957 -46.0 28185 922.625 0
101 3.85950 -45.0 28817 922.625 0
001 3.48520 -44.0 28881 922.625 0
100 2.52800 -46.0 28922 922.625 0
101 2.74889 -45.5 29552 923.625 0
001 2.60163 -44.5 29601 923.625 0
100 1.90827 -45.5 29664 923.625 0
001 4.66330 -43.0 40057 920.625 0
101 4.74920 -45.0 40064 920.625 0
100 4.51604 -46.5 40069 920.625 0
001 4.66944 -43.5 40792 920.625 0
101 4.76148 -45.0 40797 920.625 0
100 4.31969 -46.5 40811 920.625 0
001 4.66944 -43.5 41515 920.625 0
101 4.76148 -45.0 41525 920.625 0
100 4.30742 -46.5 41552 920.625 0
101 4.05585 -45.5 42244 921.625 0
001 3.88404 -44.0 42283 921.625 0
100 3.39930 -46.5 42292 921.625 0
101 4.03744 -45.0 42973 921.625 0
001 3.92699 -44.0 43012 921.625 0
100 3.52202 -46.5 43021 921.625 0
101 3.50361 -45.5 43689 922.625 0
001 3.30726 -44.0 43743 922.625 0
100 2.48505 -46.0 43757 922.625 0
101 3.38703 -45.5 44422 922.625 0
001 3.30726 -44.0 44471 922.625 0
100 2.53414 -46.0 44498 922.625 0
101 3.68155 -45.5 45140 922.625 0
001 3.36249 -43.5 45199 922.625 0
100 2.53414 -46.5 45226 922.625 0
101 2.74276 -45.5 45860 923.625 0
001 2.77344 -44.0 45923 923.625 0
100 1.66284 -46.0 45964 923.625 0
101 2.69981 -45.5 46597 923.625 0
001 2.61390 -44.0 46647 923.625 0
100 1.73033 -46.0 46704 923.625 0
101 4.70625 -45.0 47317 920.625 0
001 4.60808 -43.0 47399 920.625 0
100 4.22765 -46.5 47442 920.625 0
101 4.70625 -45.0 48035 920.625 0
001 4.65103 -43.5 48144 920.625 0
100 4.16629 -46.5 48185 920.625 0
101 4.70012 -45.0 48764 920.625 0
001 4.60808 -43.0 48878 920.625 0
100 4.23992 -46.0 48919 920.625 0
101 3.96381 -45.5 49494 921.625 0
001 3.85336 -44.0 49602 921.625 0
100 3.38703 -46.5 49651 921.625 0
