100 4.52218 -38.5 0 922.625 0
100 4.52218 -38.5 717 922.625 0
100 4.49763 -38.0 1419 922.625 0
100 4.00062 -38.5 2130 923.625 0
100 3.68769 -38.5 2837 923.625 0
100 3.82882 -38.5 3549 923.625 0
101 5.09895 -62.5 4207 920.625 0
100 6.03161 -38.5 4251 920.625 0
100 5.98253 -38.5 4954 920.625 0
101 5.13577 -63.0 4963 920.625 0
100 5.19713 -38.5 5664 921.625 0
100 5.14804 -38.0 6372 921.625 0
100 5.16031 -38.5 7082 921.625 0
100 4.37491 -38.0 7792 922.625 0
100 4.45468 -38.5 8505 922.625 0
100 3.60179 -38.0 9206 923.625 0
100 3.65087 -38.0 9909 923.625 0
100 5.77390 -38.5 20040 920.625 0
100 6.17887 -38.5 20742 920.625 0
100 5.81072 -38.5 21454 920.625 0
100 4.84738 -38.5 22180 921.625 0
100 4.85965 -38.5 22894 921.625 0
100 4.79216 -38.5 23604 921.625 0
001 1.85918 -46.0 24182 922.625 0
100 4.07425 -38.5 24306 922.625 0
001 2.05553 -45.5 24904 922.625 0
100 4.08652 -39.0 25007 922.625 0
001 1.07992 -45.5 25627 923.625 0
100 3.27658 -39.0 25711 923.625 0
001 1.22718 -45.5 26348 923.625 0
100 3.20909 -39.0 26415 923.625 0
001 1.11060 -45.0 27069 923.625 0
100 3.24590 -39.0 27132 923.625 0
001 2.97592 -45.5 27793 920.625 0
100 5.68800 -39.0 27839 920.625 0
001 3.02501 -45.5 28518 920.625 0
100 5.68800 -39.0 28545 920.625 0
001 2.64458 -45.0 29246 921.625 0
100 4.71239 -39.0 29267 921.625 0
001 2.74889 -45.0 29965 921.625 0
100 4.74920 -39.5 29988 921.625 0
100 3.89018 -39.5 40072 922.625 0
001 1.74260 -43.5 40077 922.625 0
100 3.84722 -40.0 40789 922.625 0
001 1.96350 -43.0 40798 922.625 0
001 1.87146 -43.0 41507 922.625 0
001 1.02470 -43.0 42218 923.625 0
001 1.25786 -43.0 42936 923.625 0
100 3.03115 -39.5 43645 923.625 0
001 3.08637 -44.0 43661 920.625 0
100 5.59596 -39.5 44353 920.625 0
001 3.11705 -43.5 44373 920.625 0
100 5.62051 -39.5 45065 920.625 0
001 3.09864 -43.5 45088 920.625 0
100 4.57740 -39.5 45779 921.625 0
001 2.53414 -43.0 45797 921.625 0
100 4.56513 -39.5 46494 921.625 0
001 2.63231 -43.0 46508 921.625 0
100 4.52218 -39.5 47213 921.625 0
001 2.53414 -43.0 47222 921.625 0
100 3.71837 -39.5 47923 922.625 0
001 1.84078 -42.5 47946 922.625 0
100 3.85336 -39.5 48636 922.625 0
001 1.57693 -42.5 48659 922.625 0
100 2.96979 -39.5 49349 923.625 0
001 1.12287 -42.0 49368 923.625 0
