101 2.30097 -49.5 0 922.625 0
001 3.03728 -44.5 5 922.625 0
101 2.49118 -49.5 614 922.625 0
001 3.10478 -44.5 649 922.625 0
101 2.09849 -50.0 1228 922.625 0
001 3.07410 -44.5 1290 922.625 0
001 2.50959 -45.0 1935 923.625 0
001 2.71821 -45.0 2576 923.625 0
001 2.62618 -44.5 3225 923.625 0
101 3.69996 -47.0 3681 920.625 0
100 4.66330 -48.5 3735 920.625 0
001 4.49150 -43.0 3864 920.625 0
101 3.60179 -47.5 4296 920.625 0
001 4.52831 -43.0 4499 920.625 0
100 4.58967 -48.5 4531 920.625 0
101 3.85336 -47.0 4907 920.625 0
001 4.53445 -43.0 5142 920.625 0
100 4.57126 -49.0 5194 920.625 0
101 2.97592 -49.0 5526 921.625 0
001 3.87790 -44.0 5784 921.625 0
101 2.85934 -48.5 6139 921.625 0
001 3.75518 -43.5 6419 921.625 0
100 3.89631 -49.5 6639 921.625 0
101 3.19068 -48.5 6759 921.625 0
001 3.87790 -44.0 7063 921.625 0
101 2.67526 -50.0 7383 922.625 0
001 3.00660 -44.5 7710 922.625 0
100 3.15386 -49.5 7881 922.625 0
101 2.57709 -49.5 8000 922.625 0
001 2.99433 -44.5 8355 922.625 0
101 2.54027 -50.0 8618 922.625 0
001 2.30097 -44.5 8995 923.625 0
001 2.49118 -44.5 9634 923.625 0
001 4.41173 -41.5 20027 920.625 0
100 4.35037 -45.0 20032 920.625 0
101 3.51588 -51.0 20037 920.625 0
101 3.78586 -49.5 20652 920.625 0
001 4.33196 -42.0 20675 920.625 0
100 4.38105 -45.0 20689 920.625 0
101 3.63247 -50.0 21264 920.625 0
001 4.39946 -42.0 21324 920.625 0
100 4.47309 -46.5 21342 920.625 0
101 3.16614 -51.0 21881 921.625 0
001 3.54656 -44.0 21958 921.625 0
100 3.54656 -48.0 21998 921.625 0
101 2.96365 -51.5 22499 921.625 0
001 3.39930 -43.5 22597 921.625 0
100 3.56497 -47.5 22650 921.625 0
101 2.90229 -52.0 23118 921.625 0
001 3.58952 -44.0 23244 921.625 0
100 3.57724 -47.5 23301 921.625 0
001 2.85320 -43.5 23883 922.625 0
100 2.82866 -48.0 23961 922.625 0
101 2.16598 -53.0 24373 922.625 0
001 2.68753 -44.5 24531 922.625 0
100 2.82252 -47.5 24615 922.625 0
001 2.85320 -44.0 25173 922.625 0
100 2.84707 -48.0 25270 922.625 0
001 2.00031 -44.5 25816 923.625 0
100 2.62618 -49.0 25927 923.625 0
101 1.40513 -56.0 26230 923.625 0
001 2.03099 -44.5 26451 923.625 0
100 2.14144 -49.0 26579 923.625 0
001 2.03099 -44.5 27083 923.625 0
100 4.45468 -46.5 27235 920.625 0
101 3.63860 -50.0 27470 920.625 0
001 4.31969 -42.5 27719 920.625 0
100 4.50377 -46.5 27890 920.625 0
101 3.64474 -49.0 28089 920.625 0
001 4.32583 -42.5 28355 920.625 0
100 4.45468 -46.5 28541 920.625 0
101 4.17243 -49.0 28705 920.625 0
001 4.46082 -42.5 28992 920.625 0
100 3.68155 -48.0 29196 921.625 0
101 2.85934 -51.5 29320 921.625 0
001 3.68769 -44.0 29630 921.625 0
100 3.60792 -47.5 29851 921.625 0
101 3.10478 -50.5 29936 921.625 0
001 3.03728 -44.0 40064 922.625 0
101 2.12303 -54.0 40070 922.625 0
100 2.93297 -48.5 40075 922.625 0
101 2.18439 -52.5 40701 922.625 0
001 2.74889 -44.0 40710 922.625 0
100 2.74889 -48.5 40724 922.625 0
101 2.16598 -53.0 41327 922.625 0
001 2.85934 -43.5 41350 922.625 0
100 2.84093 -48.0 41377 922.625 0
001 1.96350 -44.5 41994 923.625 0
100 2.03713 -49.5 42034 923.625 0
001 2.04940 -44.5 42628 923.625 0
100 2.04326 -49.5 42797 923.625 0
101 1.38672 -57.0 43177 923.625 0
001 1.99418 -44.5 43278 923.625 0
100 2.06167 -49.0 43452 923.625 0
101 3.63247 -49.5 43796 920.625 0
001 4.34423 -42.5 43918 920.625 0
100 4.37491 -47.0 44107 920.625 0
101 3.63247 -49.0 44409 920.625 0
001 4.33196 -42.5 44567 920.625 0
100 4.35037 -46.5 44759 920.625 0
101 3.60792 -49.5 45018 920.625 0
001 4.22152 -42.5 45201 920.625 0
100 4.31355 -47.0 45411 920.625 0
101 3.08637 -51.0 45636 921.625 0
001 3.54043 -44.0 45843 921.625 0
100 3.52202 -47.5 46064 921.625 0
101 2.87161 -52.0 46268 921.625 0
001 3.52202 -43.5 46490 921.625 0
100 3.47907 -48.0 46723 921.625 0
101 2.89002 -51.5 46878 921.625 0
001 3.68769 -43.5 47130 921.625 0
100 2.75503 -48.5 47380 922.625 0
001 2.73049 -44.0 47769 922.625 0
100 2.80412 -48.5 48035 922.625 0
101 2.15984 -53.0 48113 922.625 0
001 2.76117 -44.0 48417 922.625 0
100 2.78571 -48.5 48690 922.625 0
101 2.20280 -53.0 48730 922.625 0
001 2.06167 -44.5 49064 923.625 0
100 2.04940 -49.0 49351 923.625 0
101 1.35604 -56.5 49356 923.625 0
001 2.02485 -44.5 49713 923.625 0
100 1.96963 -49.5 50008 923.625 0
