011 2.68140 -53.0 0 920.625 0
100 3.11091 -45.5 5 920.625 0
101 3.96381 -45.5 11 920.625 0
100 3.12932 -45.5 661 920.625 0
011 2.62618 -53.0 701 920.625 0
101 3.93313 -45.5 748 920.625 0
100 3.09864 -45.5 1313 920.625 0
011 2.64458 -53.0 1403 920.625 0
101 3.89631 -45.5 1474 920.625 0
100 2.50959 -45.5 1970 921.625 0
011 1.63216 -52.5 2114 921.625 0
100 2.65685 -45.5 2630 921.625 0
011 1.55852 -52.5 2811 921.625 0
101 2.95138 -45.5 2919 921.625 0
100 2.46051 -45.5 3280 921.625 0
011 1.64443 -53.0 3511 921.625 0
101 2.60777 -45.5 3663 922.625 0
100 1.54012 -45.5 3934 922.625 0
011 1.27627 -52.0 4213 922.625 0
101 2.79185 -45.5 4389 922.625 0
100 1.55852 -45.5 4594 922.625 0
011 0.88971 -52.0 4918 922.625 0
101 2.79185 -45.5 5113 922.625 0
100 1.57080 -45.5 5248 922.625 0
011 0.01227 -52.0 5627 923.625 0
101 1.40513 -45.0 5835 923.625 0
100 0.95107 -45.0 5906 923.625 0
011 6.25251 -52.5 6331 923.625 0
100 1.25786 -45.0 6554 923.625 0
101 1.41126 -45.5 6565 923.625 0
011 6.27091 -52.5 7025 923.625 0
100 3.16000 -46.0 7213 920.625 0
101 4.06812 -46.0 7290 920.625 0
011 2.62004 -53.0 7726 920.625 0
100 3.11705 -46.0 7861 920.625 0
101 3.96994 -46.0 8015 920.625 0
011 2.79185 -53.5 8423 920.625 0
100 3.12932 -46.0 8511 920.625 0
101 3.98835 -45.5 8739 920.625 0
011 1.68738 -52.5 9128 921.625 0
100 2.49732 -45.5 9175 921.625 0
011 1.56466 -52.5 9830 921.625 0
100 2.42369 -45.5 9843 921.625 0
011 1.02470 -52.0 20040 922.625 0
100 1.52171 -45.5 20045 922.625 0
101 2.37460 -45.5 20051 922.625 0
100 1.54012 -45.5 20691 922.625 0
011 1.06151 -52.0 20742 922.625 0
101 2.63845 -45.5 20778 922.625 0
100 1.52171 -45.5 21345 922.625 0
011 1.03697 -52.0 21444 922.625 0
101 2.69367 -45.5 21505 922.625 0
100 0.93880 -45.0 22002 923.625 0
100 1.07992 -45.5 22662 923.625 0
011 0.01841 -52.0 22836 923.625 0
100 1.00016 -45.5 23318 923.625 0
011 0.01227 -52.5 23532 923.625 0
101 4.18470 -46.0 23684 920.625 0
100 3.11091 -46.0 23974 920.625 0
011 2.55254 -53.0 24236 920.625 0
101 4.07425 -46.0 24419 920.625 0
100 3.12318 -46.0 24630 920.625 0
011 2.71208 -53.5 24941 920.625 0
101 4.02517 -46.0 25136 920.625 0
100 3.12318 -46.0 25290 920.625 0
011 1.57080 -53.0 25645 921.625 0
101 2.95751 -45.5 25860 921.625 0
100 2.68753 -45.5 25948 921.625 0
011 1.67511 -52.5 26343 921.625 0
101 2.95751 -45.5 26598 921.625 0
100 2.42369 -46.0 26608 921.625 0
011 1.63216 -53.0 27047 921.625 0
100 1.54012 -45.5 27263 922.625 0
101 2.41755 -45.5 27323 922.625 0
011 1.08606 -52.5 27749 922.625 0
100 1.55852 -45.5 27924 922.625 0
101 2.56482 -45.5 28052 922.625 0
011 1.14128 -52.0 28446 922.625 0
100 1.52171 -45.5 28587 922.625 0
101 2.32551 -45.0 28774 922.625 0
011 6.22183 -52.0 29154 923.625 0
100 0.90198 -45.5 29238 923.625 0
101 1.39285 -45.5 29499 923.625 0
011 6.25864 -52.5 29855 923.625 0
100 0.88357 -45.5 29889 923.625 0
100 3.11705 -46.0 40085 920.625 0
101 4.03130 -46.0 40090 920.625 0
011 2.47891 -53.5 40095 920.625 0
100 3.12932 -46.5 40739 920.625 0
011 3.03115 -53.0 40799 920.625 0
101 4.08039 -46.0 40817 920.625 0
100 3.11705 -46.0 41396 920.625 0
011 2.58322 -53.5 41506 920.625 0
101 4.27674 -46.0 41552 920.625 0
100 2.59550 -45.5 42047 921.625 0
011 1.60761 -52.5 42208 921.625 0
101 2.95751 -46.0 42277 921.625 0
100 2.85320 -45.5 42698 921.625 0
011 1.69965 -52.0 42907 921.625 0
101 2.92684 -45.5 42999 921.625 0
100 2.68753 -45.5 43355 921.625 0
011 1.57080 -53.0 43613 921.625 0
101 2.24575 -45.5 43726 922.625 0
100 1.52784 -45.5 44014 922.625 0
011 1.03084 -52.0 44319 922.625 0
101 2.57709 -45.5 44459 922.625 0
100 1.52784 -45.5 44677 922.625 0
011 0.90198 -52.5 45023 922.625 0
101 2.39915 -45.0 45195 922.625 0
100 1.52171 -45.5 45333 922.625 0
011 6.26478 -51.5 45729 923.625 0
100 0.97561 -45.0 45995 923.625 0
011 6.24637 -52.0 46429 923.625 0
100 1.22718 -45.0 46651 923.625 0
101 1.40513 -45.0 46656 923.625 0
011 6.22796 -52.0 47131 923.625 0
100 3.09864 -46.0 47310 920.625 0
101 4.19697 -46.0 47386 920.625 0
011 2.60163 -53.0 47839 920.625 0
101 4.06198 -46.0 48110 920.625 0
011 2.71208 -53.5 48541 920.625 0
100 3.09864 -46.5 48625 920.625 0
101 3.76132 -46.0 48833 920.625 0
011 1.58307 -52.5 49240 921.625 0
100 2.66913 -45.5 49281 921.625 0
101 2.93911 -45.5 49571 921.625 0
100 2.55254 -45.5 49940 921.625 0
011 1.57693 -52.5 49951 921.625 0
