001 1.23332 -46.5 0 922.625 0
101 3.10478 -46.0 6 922.625 0
100 2.42983 -45.0 11 922.625 0
100 2.33779 -45.5 634 922.625 0
001 1.25786 -46.5 650 922.625 0
101 3.10478 -46.5 702 922.625 0
100 2.65685 -45.5 1253 922.625 0
001 1.19037 -46.0 1295 922.625 0
101 3.14159 -46.0 1401 922.625 0
100 1.50944 -45.0 1878 923.625 0
001 0.38656 -46.0 1939 923.625 0
101 2.69981 -45.5 2087 923.625 0
100 1.54625 -45.0 2507 923.625 0
001 0.52769 -46.5 2590 923.625 0
101 2.55868 -45.5 2775 923.625 0
100 1.51557 -45.5 3127 923.625 0
001 0.36816 -46.0 3239 923.625 0
101 2.74889 -45.5 3467 923.625 0
100 3.98835 -46.0 3754 920.625 0
001 2.71208 -47.5 3888 920.625 0
101 4.91487 -46.5 4157 920.625 0
100 3.69996 -46.0 4377 920.625 0
001 2.77344 -47.0 4544 920.625 0
100 3.84722 -46.0 5002 920.625 0
001 2.80412 -47.5 5199 920.625 0
101 4.09266 -46.5 5532 921.625 0
100 3.00047 -45.5 5624 921.625 0
001 2.00031 -46.5 5852 921.625 0
101 4.33196 -46.0 6228 921.625 0
001 1.91441 -46.5 6503 921.625 0
100 2.97592 -45.5 6865 921.625 0
101 4.03744 -46.5 6907 921.625 0
001 2.00031 -46.5 7143 921.625 0
100 2.44210 -45.5 7493 922.625 0
001 1.41740 -46.5 7787 922.625 0
100 2.32551 -45.5 8121 922.625 0
101 3.11091 -46.0 8288 922.625 0
001 1.36217 -46.0 8439 922.625 0
100 2.36233 -45.5 8745 922.625 0
101 2.47891 -45.5 8975 923.625 0
001 0.30066 -46.5 9098 923.625 0
100 1.54012 -45.0 9362 923.625 0
101 2.60777 -46.0 9658 923.625 0
001 0.32520 -46.5 9749 923.625 0
100 1.52784 -45.0 9985 923.625 0
101 4.53445 -46.5 20054 920.625 0
100 3.89018 -45.5 20058 920.625 0
001 2.73662 -47.5 20064 920.625 0
100 3.66315 -46.0 20683 920.625 0
001 3.12318 -47.0 20714 920.625 0
101 4.68785 -46.5 20747 920.625 0
100 3.86563 -46.0 21310 920.625 0
001 2.75503 -47.0 21371 920.625 0
101 4.54058 -46.5 21442 920.625 0
001 1.82237 -46.5 22016 921.625 0
101 3.98221 -46.5 22130 921.625 0
001 1.68738 -46.5 22667 921.625 0
101 4.08039 -46.0 22825 921.625 0
100 2.95751 -45.5 23182 921.625 0
001 1.77942 -46.5 23314 921.625 0
101 4.06812 -46.0 23517 921.625 0
100 2.52186 -45.0 23807 922.625 0
001 1.15969 -46.0 23963 922.625 0
101 3.09864 -46.0 24205 922.625 0
100 2.17825 -45.5 24431 922.625 0
001 1.21491 -46.5 24614 922.625 0
101 3.11705 -46.0 24890 922.625 0
100 2.50959 -45.5 25060 922.625 0
001 1.46649 -46.0 25259 922.625 0
101 2.70594 -45.5 25583 923.625 0
001 0.20862 -46.0 25908 923.625 0
101 2.44823 -45.5 26275 923.625 0
001 0.38656 -46.0 26559 923.625 0
101 2.57709 -45.5 26967 923.625 0
001 0.27612 -46.0 27212 923.625 0
100 3.82268 -45.5 27566 920.625 0
001 2.64458 -47.0 27870 920.625 0
100 4.23379 -45.5 28186 920.625 0
101 4.58353 -46.5 28348 920.625 0
001 3.17227 -47.0 28520 920.625 0
100 3.96381 -45.5 28806 920.625 0
101 4.09880 -46.5 29043 921.625 0
001 1.84691 -46.5 29169 921.625 0
100 2.93911 -45.5 29433 921.625 0
101 4.29515 -46.0 29738 921.625 0
001 1.73033 -46.5 29825 921.625 0
001 1.04311 -46.0 40075 922.625 0
100 2.61390 -45.0 40082 922.625 0
101 3.11091 -46.0 40088 922.625 0
100 2.52800 -45.5 40711 922.625 0
001 1.17810 -46.0 40726 922.625 0
101 3.10478 -45.5 40772 922.625 0
100 2.58936 -45.0 41336 922.625 0
001 1.12901 -46.0 41372 922.625 0
101 3.09251 -45.5 41465 922.625 0
100 1.51557 -45.0 41962 923.625 0
001 0.33134 -46.5 42018 923.625 0
101 2.56482 -45.0 42164 923.625 0
001 0.15953 -46.0 42674 923.625 0
101 2.52186 -45.5 42844 923.625 0
001 0.28225 -46.0 43329 923.625 0
101 2.45437 -45.0 43545 923.625 0
100 4.02517 -45.5 43848 920.625 0
001 2.73662 -47.0 43985 920.625 0
101 4.50990 -46.0 44246 920.625 0
100 3.93926 -45.5 44465 920.625 0
001 2.69367 -47.0 44634 920.625 0
100 4.04357 -45.5 45080 920.625 0
001 2.79185 -47.0 45278 920.625 0
101 4.15402 -46.5 45624 921.625 0
100 2.87775 -45.5 45708 921.625 0
001 1.82237 -47.0 45926 921.625 0
101 4.19697 -46.0 46314 921.625 0
100 3.10478 -45.5 46336 921.625 0
001 1.89600 -46.5 46573 921.625 0
100 2.95138 -45.5 46956 921.625 0
101 3.98835 -45.5 47008 921.625 0
001 1.73647 -46.5 47228 921.625 0
100 2.47891 -45.0 47586 922.625 0
101 3.09251 -46.0 47707 922.625 0
100 2.28256 -45.0 48215 922.625 0
101 3.08023 -45.5 48396 922.625 0
001 1.13515 -46.0 48530 922.625 0
100 2.55868 -45.0 48840 922.625 0
101 2.73049 -45.5 49093 923.625 0
001 0.15340 -46.5 49180 923.625 0
101 2.55254 -45.5 49775 923.625 0
001 0.13499 -46.0 49831 923.625 0
