001 2.84707 -51.5 0 920.625 0
001 2.59550 -52.0 628 920.625 0
001 2.93911 -51.5 1259 920.625 0
001 1.55852 -51.0 1894 921.625 0
001 1.52171 -51.0 2519 921.625 0
001 1.56466 -51.0 3141 921.625 0
101 4.66944 -50.5 3588 922.625 0
001 1.17196 -51.0 3771 922.625 0
101 4.46695 -50.5 4269 922.625 0
001 0.92039 -50.5 4405 922.625 0
101 4.50377 -50.5 4931 922.625 0
001 1.07992 -51.0 5040 922.625 0
100 2.69367 -48.5 5389 923.625 0
101 3.75518 -49.5 5595 923.625 0
100 2.77344 -48.0 5995 923.625 0
101 3.77359 -49.5 6256 923.625 0
100 2.91456 -48.0 6599 923.625 0
101 4.14788 -49.5 6918 923.625 0
001 2.53414 -52.0 7570 920.625 0
001 2.58322 -51.5 8199 920.625 0
001 2.64458 -51.5 8827 920.625 0
001 1.57080 -51.5 9458 921.625 0
101 4.41173 -50.0 20046 922.625 0
001 1.24559 -51.0 20053 922.625 0
100 3.52816 -48.5 20058 922.625 0
100 3.27658 -48.5 20666 922.625 0
001 1.02470 -51.0 20689 922.625 0
101 4.47309 -50.0 20705 922.625 0
100 3.20909 -48.5 21276 922.625 0
001 1.03084 -51.5 21324 922.625 0
101 4.47309 -50.0 21375 922.625 0
100 2.84093 -48.0 21838 923.625 0
101 4.06812 -49.5 22040 923.625 0
100 2.76730 -48.0 22442 923.625 0
101 4.06812 -49.5 22700 923.625 0
100 2.84093 -48.0 23042 923.625 0
101 3.85336 -49.5 23365 923.625 0
001 2.46664 -52.5 23848 920.625 0
001 3.03115 -52.0 24486 920.625 0
001 2.49732 -53.0 25127 920.625 0
001 1.50944 -52.0 25766 921.625 0
101 4.47922 -50.0 27229 922.625 0
100 3.20295 -48.5 27240 922.625 0
001 1.07992 -51.5 27674 922.625 0
101 4.44241 -50.0 27889 922.625 0
100 3.28885 -48.5 27898 922.625 0
001 1.26400 -51.5 28311 922.625 0
101 4.44854 -50.0 28553 922.625 0
100 3.26431 -48.5 28563 922.625 0
001 1.26400 -52.0 28946 922.625 0
100 2.74889 -48.0 29173 923.625 0
101 3.71837 -49.0 29213 923.625 0
100 2.80412 -48.0 29781 923.625 0
101 4.16016 -49.0 29872 923.625 0
001 2.50346 -52.5 40102 920.625 0
001 2.45437 -52.0 40734 920.625 0
001 2.50959 -53.0 41369 920.625 0
001 1.47262 -52.0 42644 921.625 0
101 5.35666 -51.0 42661 921.625 0
001 1.52784 -51.5 43297 921.625 0
101 5.71254 -51.0 43324 921.625 0
100 3.33181 -48.5 43680 922.625 0
001 0.91425 -51.0 43928 922.625 0
101 4.47922 -50.0 43994 922.625 0
100 3.21522 -48.5 44283 922.625 0
001 0.81608 -51.0 44564 922.625 0
101 4.42400 -50.0 44658 922.625 0
100 3.39317 -48.5 44892 922.625 0
001 0.93880 -51.5 45197 922.625 0
101 4.43627 -50.0 45321 922.625 0
100 2.65685 -48.0 45500 923.625 0
001 6.09297 -51.0 45835 923.625 0
101 3.75518 -49.0 45985 923.625 0
100 2.76117 -48.0 46109 923.625 0
001 6.09297 -51.5 46468 923.625 0
101 3.75518 -49.0 46642 923.625 0
100 2.65685 -48.0 46719 923.625 0
001 2.49118 -53.0 47743 920.625 0
001 2.66913 -52.5 48375 920.625 0
001 2.51573 -53.0 49011 920.625 0
100 4.25833 -49.0 49119 921.625 0
101 5.14804 -50.5 49173 921.625 0
100 4.16016 -48.5 49698 921.625 0
101 5.58369 -50.5 49788 921.625 0
