100 3.21522 -48.5 0 922.625 0
101 4.16629 -48.5 5 922.625 0
100 3.25204 -48.5 576 922.625 0
101 4.12948 -48.0 631 922.625 0
100 3.31953 -48.5 1147 922.625 0
101 4.25219 -48.5 1255 922.625 0
100 3.24590 -48.5 1721 922.625 0
101 3.48520 -48.0 1884 923.625 0
100 2.71821 -48.5 2297 923.625 0
101 3.28885 -48.0 2509 923.625 0
100 2.56482 -48.5 2865 923.625 0
101 3.27045 -48.0 3131 923.625 0
100 2.69981 -48.5 3438 923.625 0
101 5.75550 -49.5 3759 920.625 0
100 4.70625 -49.0 4010 920.625 0
101 5.81072 -50.0 4390 920.625 0
100 4.71852 -49.0 4585 920.625 0
101 5.77390 -49.5 5019 920.625 0
100 4.76761 -49.0 5165 920.625 0
101 4.75534 -49.0 5645 921.625 0
100 4.10493 -48.5 5747 921.625 0
101 4.74920 -49.0 6275 921.625 0
100 4.50990 -48.5 6320 921.625 0
100 4.17243 -48.5 6894 921.625 0
101 4.81056 -49.0 6903 921.625 0
100 3.26431 -48.5 7468 922.625 0
101 4.14175 -48.5 7529 922.625 0
100 3.25204 -48.5 8047 922.625 0
101 4.37491 -48.5 8152 922.625 0
100 3.25204 -48.5 8622 922.625 0
101 4.18470 -48.5 8779 922.625 0
100 2.71208 -48.0 9191 923.625 0
101 3.28272 -48.0 9408 923.625 0
100 2.66913 -48.5 9759 923.625 0
100 4.69398 -49.0 20034 920.625 0
101 5.67573 -50.0 20040 920.625 0
100 4.70012 -49.0 20610 920.625 0
101 5.99480 -49.5 20667 920.625 0
100 4.70625 -49.0 21183 920.625 0
101 5.85981 -49.5 21298 920.625 0
100 4.70625 -49.0 21760 920.625 0
101 4.79216 -49.5 21928 921.625 0
100 4.22765 -48.5 22338 921.625 0
101 4.72466 -49.0 22557 921.625 0
100 4.20924 -49.0 22907 921.625 0
101 4.73080 -49.0 23179 921.625 0
100 4.50377 -49.0 23484 921.625 0
101 4.47922 -48.5 23808 922.625 0
100 3.25204 -48.5 24060 922.625 0
101 4.26447 -48.5 24437 922.625 0
100 3.27045 -48.5 24633 922.625 0
101 4.15402 -48.5 25063 922.625 0
100 3.27658 -48.5 25218 922.625 0
101 3.25818 -48.0 25691 923.625 0
100 2.61390 -48.5 25791 923.625 0
101 3.20909 -48.0 26317 923.625 0
100 2.63845 -48.0 26367 923.625 0
101 3.24590 -48.0 26939 923.625 0
100 2.59550 -48.5 26949 923.625 0
100 4.66330 -49.0 27539 920.625 0
101 5.61437 -49.5 27563 920.625 0
100 4.70625 -49.5 28110 920.625 0
101 5.73095 -49.5 28191 920.625 0
100 4.71852 -49.0 28684 920.625 0
101 5.82913 -49.5 28818 920.625 0
100 4.21538 -48.5 29260 921.625 0
101 4.76148 -49.0 29444 921.625 0
100 4.31355 -48.5 29830 921.625 0
100 3.29499 -48.5 40083 922.625 0
101 4.21538 -48.0 40089 922.625 0
100 3.25204 -48.5 40657 922.625 0
101 4.41173 -48.0 40714 922.625 0
100 3.23363 -48.5 41231 922.625 0
101 4.36878 -48.0 41335 922.625 0
100 3.27045 -48.5 41805 922.625 0
101 3.28885 -48.0 41963 923.625 0
100 2.68753 -48.0 42381 923.625 0
101 3.31340 -48.0 42584 923.625 0
100 2.68753 -48.5 42959 923.625 0
101 3.31340 -48.0 43213 923.625 0
100 2.54027 -48.5 43537 923.625 0
101 5.83526 -49.5 43843 920.625 0
100 4.70012 -49.0 44108 920.625 0
101 5.66346 -49.5 44470 920.625 0
100 4.66944 -49.0 44696 920.625 0
101 5.68800 -49.5 45091 920.625 0
100 4.66944 -49.0 45275 920.625 0
101 4.71239 -49.0 45716 921.625 0
100 4.22765 -48.5 45848 921.625 0
101 4.71852 -49.0 46342 921.625 0
100 4.16629 -49.0 46420 921.625 0
101 4.78602 -49.0 46964 921.625 0
100 4.22765 -48.5 46999 921.625 0
100 3.23977 -48.5 47576 922.625 0
101 4.18470 -48.5 47586 922.625 0
100 3.27658 -48.5 48149 922.625 0
101 4.14788 -48.5 48209 922.625 0
100 3.26431 -49.0 48729 922.625 0
101 4.11720 -48.5 48830 922.625 0
100 2.69981 -48.5 49310 923.625 0
101 3.18454 -48.0 49452 923.625 0
100 2.58936 -48.5 49891 923.625 0
