101 4.31969 -50.0 0 920.625 0
100 5.14190 -61.0 5 920.625 0
100 5.32598 -59.5 508 920.625 0
101 4.30128 -50.5 546 920.625 0
100 5.62664 -60.0 1003 920.625 0
101 3.99449 -50.5 1084 920.625 0
100 5.45484 -60.0 1504 920.625 0
101 4.41173 -50.5 1625 920.625 0
100 4.89647 -59.0 2014 921.625 0
101 3.08023 -51.5 2168 921.625 0
100 4.85352 -60.0 2511 921.625 0
101 3.14159 -51.5 2710 921.625 0
100 4.68171 -59.5 3015 921.625 0
101 3.11705 -51.5 3245 921.625 0
100 4.97010 -59.5 3512 921.625 0
101 2.43596 -53.0 3787 922.625 0
100 4.30742 -57.5 4010 922.625 0
101 2.60777 -52.5 4332 922.625 0
100 4.46695 -57.5 4519 922.625 0
101 2.47891 -52.5 4884 922.625 0
100 4.43014 -57.5 5021 922.625 0
100 3.93313 -56.5 5524 923.625 0
100 3.82268 -56.0 6027 923.625 0
100 3.87177 -56.0 6526 923.625 0
100 3.81041 -56.5 7027 923.625 0
101 4.00062 -50.5 7182 920.625 0
100 5.22781 -59.5 7536 920.625 0
101 4.10493 -50.5 7720 920.625 0
100 5.63891 -60.0 8038 920.625 0
101 4.25219 -50.5 8258 920.625 0
100 5.27689 -59.5 8539 920.625 0
101 3.96994 -50.5 8799 920.625 0
100 4.70012 -59.5 9045 921.625 0
101 3.06183 -51.5 9349 921.625 0
100 4.76761 -59.5 9551 921.625 0
101 3.06796 -51.5 9892 921.625 0
101 2.54027 -53.0 20040 922.625 0
100 4.50377 -57.5 20045 922.625 0
100 4.39946 -58.0 20549 922.625 0
101 2.45437 -53.0 20584 922.625 0
100 4.43014 -58.0 21044 922.625 0
101 2.73049 -52.5 21124 922.625 0
100 4.28901 -58.0 21549 922.625 0
101 2.60163 -52.5 21668 922.625 0
100 3.73064 -56.0 22051 923.625 0
100 3.84109 -56.5 22549 923.625 0
100 3.69996 -56.5 23053 923.625 0
100 3.74291 -56.5 23559 923.625 0
101 4.30742 -50.5 23635 920.625 0
100 5.52847 -60.5 24062 920.625 0
101 4.26447 -50.5 24175 920.625 0
100 5.24621 -60.0 24563 920.625 0
101 4.00676 -50.5 24723 920.625 0
100 5.37507 -60.0 25062 920.625 0
101 4.19084 -50.5 25260 920.625 0
100 4.80443 -59.5 25566 921.625 0
101 3.14159 -52.0 25802 921.625 0
100 4.79216 -60.5 26066 921.625 0
100 4.71239 -60.0 26568 921.625 0
100 4.86579 -59.5 27070 921.625 0
101 2.48505 -53.0 27432 922.625 0
100 4.30742 -57.5 27571 922.625 0
101 2.66913 -53.0 27972 922.625 0
100 4.38105 -57.5 28068 922.625 0
101 2.44823 -53.0 28518 922.625 0
100 4.42400 -57.5 28569 922.625 0
100 3.92085 -55.5 29073 923.625 0
100 3.69996 -56.5 29579 923.625 0
101 4.04971 -50.5 40082 920.625 0
100 5.57142 -60.5 40088 920.625 0
100 5.68186 -60.5 40591 920.625 0
101 3.99449 -50.5 40623 920.625 0
100 5.39961 -60.5 41096 920.625 0
101 4.23992 -50.5 41164 920.625 0
100 5.81686 -61.0 41593 920.625 0
101 4.23379 -50.5 41705 920.625 0
100 4.84738 -59.5 42101 921.625 0
100 4.76148 -59.5 42597 921.625 0
100 4.87806 -59.0 43099 921.625 0
100 4.77375 -59.0 43601 921.625 0
101 2.50959 -53.0 43991 922.625 0
100 4.84738 -57.0 44107 922.625 0
101 2.68140 -53.5 44534 922.625 0
100 4.43627 -57.5 44616 922.625 0
101 2.77957 -53.0 45081 922.625 0
100 4.39332 -58.0 45120 922.625 0
100 4.16016 -56.0 45627 923.625 0
100 4.01903 -55.5 46126 923.625 0
100 4.06198 -56.0 46628 923.625 0
100 3.92085 -56.0 47133 923.625 0
101 4.20924 -51.0 47268 920.625 0
100 5.62664 -61.0 47640 920.625 0
101 4.15402 -51.0 47807 920.625 0
100 5.26462 -60.5 48137 920.625 0
101 4.03744 -50.5 48347 920.625 0
100 5.86594 -60.5 48632 920.625 0
101 4.19697 -51.0 48890 920.625 0
100 4.88419 -59.0 49129 921.625 0
100 4.89033 -59.0 49633 921.625 0
