001 0.71177 -44.0 0 920.625 0
101 5.92730 -43.0 5 920.625 0
001 0.44179 -46.0 762 920.625 0
101 5.04986 -43.0 777 920.625 0
001 5.93344 -46.0 1470 920.625 0
101 5.79845 -43.0 1538 920.625 0
001 5.25235 -46.5 2177 921.625 0
101 4.80443 -43.5 2298 921.625 0
001 5.93344 -46.0 2935 920.625 0
101 4.39946 -44.5 3065 921.625 0
001 5.93344 -46.0 3700 920.625 0
101 4.31969 -44.5 3788 922.625 0
001 5.93344 -46.0 4459 920.625 0
101 3.96381 -47.0 4551 922.625 0
001 5.93344 -46.0 5233 920.625 0
101 3.80427 -48.0 5313 922.625 0
101 3.11705 -46.0 6077 923.625 0
101 3.18454 -46.0 6847 923.625 0
101 5.39348 -45.0 7614 920.625 0
101 5.42416 -45.0 8375 920.625 0
101 4.19084 -44.5 20026 922.625 0
101 4.16629 -44.0 20793 922.625 0
101 4.25833 -44.0 21548 922.625 0
101 2.94524 -44.5 22309 923.625 0
101 2.92070 -44.5 23075 923.625 0
101 5.20326 -44.0 23834 920.625 0
101 5.09282 -44.5 24599 920.625 0
101 5.12350 -44.0 25369 920.625 0
101 4.47309 -44.0 26135 921.625 0
101 4.68785 -44.0 26901 921.625 0
101 3.81654 -43.5 27660 922.625 0
101 3.82882 -45.0 28431 922.625 0
101 3.13546 -45.5 29196 923.625 0
101 2.84707 -46.5 29955 923.625 0
