100 3.31340 -40.0 0 922.625 0
101 3.52816 -49.0 5 922.625 0
101 3.61406 -49.5 712 922.625 0
100 3.26431 -40.0 721 922.625 0
101 3.68769 -49.0 1417 922.625 0
100 3.27658 -40.0 1433 922.625 0
101 2.77957 -49.5 2130 923.625 0
100 2.59550 -40.5 2142 923.625 0
101 2.69981 -49.5 2833 923.625 0
001 1.28854 -46.5 2843 923.625 0
100 2.84093 -40.0 2857 923.625 0
101 2.71821 -49.5 3546 923.625 0
100 2.57709 -40.5 3573 923.625 0
001 1.69351 -47.0 3933 922.625 0
101 5.14804 -48.5 4261 920.625 0
100 4.96396 -39.5 4284 920.625 0
001 1.69351 -47.0 4617 922.625 0
101 5.07441 -48.5 4974 920.625 0
100 5.12963 -39.5 4990 920.625 0
001 1.69351 -47.0 5341 922.625 0
101 4.33196 -48.5 5680 921.625 0
100 4.18470 -40.0 5709 921.625 0
001 1.69351 -47.0 6023 922.625 0
101 4.43014 -48.5 6394 921.625 0
100 4.17243 -40.0 6412 921.625 0
001 1.69351 -47.0 6752 922.625 0
101 4.28287 -49.0 7103 921.625 0
100 4.41173 -40.0 7126 921.625 0
001 1.69351 -47.0 7436 922.625 0
101 3.31340 -49.0 7821 922.625 0
001 1.69351 -47.0 8139 922.625 0
101 3.38089 -49.0 8533 922.625 0
100 3.11705 -40.5 8551 922.625 0
001 1.68738 -46.5 8851 922.625 0
101 2.76730 -49.0 9240 923.625 0
100 2.55254 -40.5 9268 923.625 0
001 1.09833 -46.0 9568 923.625 0
101 2.76730 -49.5 9954 923.625 0
100 2.53414 -40.5 9990 923.625 0
100 4.92101 -39.0 20046 920.625 0
001 3.58952 -45.0 20051 920.625 0
101 4.89647 -48.5 20059 920.625 0
001 3.49748 -45.0 20754 920.625 0
100 4.98237 -39.0 20763 920.625 0
101 5.22167 -48.0 20773 920.625 0
001 3.42385 -44.5 21456 920.625 0
100 4.79216 -38.5 21470 920.625 0
101 5.04373 -48.0 21489 920.625 0
001 2.62004 -43.5 22169 921.625 0
100 4.04971 -38.5 22178 921.625 0
101 4.27060 -48.0 22201 921.625 0
001 2.65072 -43.5 22870 921.625 0
100 3.71837 -38.5 22895 921.625 0
101 4.38719 -48.0 22913 921.625 0
001 2.98206 -43.5 23569 921.625 0
100 3.86563 -39.0 23601 921.625 0
101 3.23977 -48.5 23637 922.625 0
001 1.71192 -42.5 24265 922.625 0
100 2.84707 -39.0 24307 922.625 0
101 3.27045 -48.5 24349 922.625 0
001 1.66284 -42.5 24971 922.625 0
100 2.94524 -39.0 25020 922.625 0
101 3.27658 -48.5 25062 922.625 0
001 1.07992 -42.0 25671 923.625 0
100 2.28256 -39.0 25745 923.625 0
101 2.67526 -49.0 25776 923.625 0
001 1.12287 -42.0 26363 923.625 0
100 2.21507 -39.0 26458 923.625 0
101 2.77957 -48.5 26490 923.625 0
001 1.03084 -42.0 27060 923.625 0
100 2.05553 -39.5 27162 923.625 0
101 2.76117 -48.5 27199 923.625 0
001 3.82882 -43.5 27756 920.625 0
100 4.39332 -38.5 27870 920.625 0
101 4.91487 -47.0 27906 920.625 0
001 3.47293 -43.0 28458 920.625 0
100 4.35037 -39.0 28572 920.625 0
101 5.08054 -48.0 28614 920.625 0
001 2.69981 -42.5 29158 921.625 0
100 3.65087 -39.0 29279 921.625 0
101 4.14788 -48.0 29328 921.625 0
001 2.74276 -42.5 29860 921.625 0
100 3.57724 -39.0 29994 921.625 0
101 4.12948 -48.0 30035 921.625 0
100 2.76730 -41.0 40082 922.625 0
001 1.58307 -42.5 40088 922.625 0
101 3.16614 -48.5 40095 922.625 0
001 1.57693 -42.5 40787 922.625 0
100 2.60163 -41.0 40797 922.625 0
101 3.15386 -48.5 40813 922.625 0
001 1.59534 -42.5 41480 922.625 0
100 2.69367 -41.0 41516 922.625 0
101 3.21522 -48.5 41526 922.625 0
001 0.96948 -42.0 42178 923.625 0
100 1.62602 -41.0 42237 923.625 0
101 2.66299 -49.0 42242 923.625 0
001 0.95720 -42.5 42877 923.625 0
100 1.71806 -41.0 42945 923.625 0
101 2.66299 -49.0 42960 923.625 0
001 0.89584 -42.5 43574 923.625 0
100 3.98221 -41.0 43673 920.625 0
101 4.76148 -48.0 43678 920.625 0
001 3.50975 -44.0 44271 920.625 0
100 4.02517 -42.0 44388 920.625 0
101 4.97623 -48.0 44393 920.625 0
001 3.44225 -44.0 44966 920.625 0
101 4.68171 -48.5 45101 920.625 0
100 3.93926 -41.5 45120 920.625 0
001 2.71208 -44.0 45666 921.625 0
101 3.96994 -48.5 45811 921.625 0
100 3.16614 -42.0 45838 921.625 0
001 2.55254 -44.0 46355 921.625 0
101 4.09880 -48.0 46521 921.625 0
100 3.22750 -41.5 46550 921.625 0
001 2.81025 -44.0 47055 921.625 0
101 4.08039 -48.5 47231 921.625 0
100 2.87775 -42.0 47270 922.625 0
100 2.72435 -42.0 47992 922.625 0
001 1.55239 -44.0 48559 922.625 0
101 3.07410 -49.5 48646 922.625 0
100 2.59550 -42.0 48710 922.625 0
001 1.25173 -43.5 49259 923.625 0
101 2.72435 -49.5 49364 923.625 0
100 1.63829 -42.0 49419 923.625 0
001 1.03084 -43.5 49955 923.625 0
101 2.73049 -50.0 50074 923.625 0
