101 4.98851 -43.5 0 920.625 0
001 3.09864 -40.0 5 920.625 0
100 5.35666 -43.0 10 920.625 0
001 3.11705 -40.0 675 920.625 0
101 4.90260 -43.5 681 920.625 0
100 5.16031 -43.5 695 920.625 0
001 3.04342 -39.5 1346 920.625 0
101 4.89647 -43.5 1360 920.625 0
100 5.11122 -43.5 1383 920.625 0
001 2.38074 -39.5 2012 921.625 0
101 4.26447 -44.0 2040 921.625 0
100 4.33810 -44.5 2084 921.625 0
001 2.65685 -39.0 2693 921.625 0
101 4.28901 -44.0 2711 921.625 0
100 4.17856 -45.5 2780 921.625 0
001 2.45437 -39.0 3360 921.625 0
101 4.24606 -44.5 3392 921.625 0
100 4.33196 -45.5 3485 921.625 0
001 1.34377 -39.0 4027 922.625 0
101 3.35021 -44.5 4059 922.625 0
100 2.93297 -46.0 4174 922.625 0
001 1.28241 -38.5 4698 922.625 0
101 3.22750 -45.0 4739 922.625 0
100 2.87161 -46.5 4872 922.625 0
001 0.45406 -38.5 5385 923.625 0
101 2.72435 -45.5 5417 923.625 0
100 1.94509 -47.0 5570 923.625 0
001 0.23930 -40.0 6056 923.625 0
101 2.79185 -45.5 6097 923.625 0
100 1.61375 -49.0 6271 923.625 0
001 0.45406 -38.5 6686 923.625 0
101 2.93297 -45.5 6776 923.625 0
101 4.91487 -45.5 7445 920.625 0
101 4.86579 -45.5 8117 920.625 0
101 4.83511 -45.5 8798 920.625 0
101 4.50990 -45.5 9480 921.625 0
101 3.40544 -45.5 20042 922.625 0
101 3.29499 -45.0 20734 922.625 0
101 3.54043 -45.5 21415 922.625 0
101 2.71208 -45.5 22103 923.625 0
101 2.84093 -45.0 22777 923.625 0
101 2.73662 -45.0 23453 923.625 0
101 4.84738 -45.5 24132 920.625 0
101 4.85352 -45.5 24811 920.625 0
101 4.32583 -45.0 26174 921.625 0
101 4.39946 -45.0 26850 921.625 0
101 3.24590 -45.0 27534 922.625 0
101 3.30113 -45.0 28217 922.625 0
101 3.23363 -45.0 28897 922.625 0
101 2.60163 -45.0 29587 923.625 0
101 4.73080 -44.5 40076 920.625 0
001 4.84124 -44.5 40081 920.625 0
101 4.78602 -45.0 40757 920.625 0
001 4.87192 -44.0 40771 920.625 0
101 4.84124 -45.0 41438 920.625 0
001 4.85965 -44.5 41461 920.625 0
101 4.31355 -44.0 42114 921.625 0
001 4.12948 -45.0 42124 921.625 0
101 4.28901 -44.0 42799 921.625 0
001 4.06198 -45.0 42814 921.625 0
101 4.25219 -44.5 43477 921.625 0
001 4.08652 -44.0 43500 921.625 0
001 3.23977 -44.5 44142 922.625 0
101 3.36862 -44.0 44166 922.625 0
001 3.18454 -44.5 44767 922.625 0
101 3.52202 -44.0 44846 922.625 0
101 2.80412 -44.0 45522 923.625 0
001 2.50959 -44.5 46085 923.625 0
101 2.63845 -44.0 46200 923.625 0
101 2.66299 -44.0 46875 923.625 0
001 2.54027 -44.5 46885 923.625 0
001 4.76761 -43.5 47490 920.625 0
101 4.78602 -44.0 47558 920.625 0
001 4.74920 -43.5 48179 920.625 0
101 4.80443 -44.5 48233 920.625 0
001 4.79216 -44.0 48860 920.625 0
101 4.82897 -44.5 48923 920.625 0
001 4.21538 -43.5 49553 921.625 0
101 4.32583 -44.0 49599 921.625 0
