001 1.50330 -36.0 0 920.625 0
101 5.19099 -46.5 5 920.625 0
001 1.35604 -36.0 656 920.625 0
101 5.17872 -46.5 666 920.625 0
001 1.66897 -36.5 1305 920.625 0
101 5.19713 -46.5 1319 920.625 0
001 0.55837 -36.5 1954 921.625 0
101 4.62649 -46.5 1976 921.625 0
001 0.62586 -36.5 2590 921.625 0
101 4.44854 -46.5 2635 921.625 0
001 0.87130 -36.0 3249 921.625 0
101 4.44854 -46.5 3280 921.625 0
001 0.62586 -36.5 3904 921.625 0
101 4.21538 -46.5 3928 922.625 0
001 6.16660 -37.0 4562 922.625 0
101 4.25833 -46.5 4580 922.625 0
101 4.04357 -47.0 5242 922.625 0
001 6.18501 -37.0 5249 922.625 0
001 5.80458 -37.0 5900 923.625 0
001 5.60210 -37.5 6547 923.625 0
101 5.22781 -47.0 7202 920.625 0
001 1.87146 -36.0 7212 920.625 0
100 0.91425 -48.0 7217 920.625 0
001 1.36831 -36.5 7859 920.625 0
101 5.21553 -46.5 7865 920.625 0
100 0.88971 -48.0 8318 920.625 0
001 1.28854 -36.0 8501 920.625 0
101 5.27076 -46.5 8519 920.625 0
001 0.60132 -36.5 9145 921.625 0
101 4.46082 -46.5 9172 921.625 0
001 0.63200 -36.5 9789 921.625 0
101 4.49763 -46.5 9826 921.625 0
101 4.19084 -47.0 20040 922.625 0
001 6.17274 -37.5 20065 922.625 0
101 4.14788 -47.0 20683 922.625 0
101 4.04357 -47.0 21339 922.625 0
001 6.17887 -37.5 21352 922.625 0
001 5.57142 -37.5 22003 923.625 0
101 3.03728 -47.0 22639 923.625 0
001 5.58983 -37.5 22649 923.625 0
001 5.85981 -37.0 23292 923.625 0
100 0.92652 -48.0 23679 920.625 0
001 1.32536 -36.0 23944 920.625 0
101 5.20940 -47.0 23954 920.625 0
001 1.68738 -36.0 24594 920.625 0
101 5.30144 -46.5 24604 920.625 0
100 0.88357 -48.0 24709 920.625 0
001 1.34377 -36.5 25238 920.625 0
101 5.26462 -47.0 25252 920.625 0
001 0.76085 -36.5 25893 921.625 0
101 4.47922 -46.5 25903 921.625 0
001 0.56450 -36.5 26536 921.625 0
101 4.48536 -47.0 26551 921.625 0
001 0.80381 -36.5 27196 921.625 0
101 4.50377 -47.0 27205 921.625 0
001 6.14819 -37.0 27847 922.625 0
101 3.96381 -46.5 27856 922.625 0
001 6.12979 -37.0 28503 922.625 0
101 4.25219 -46.5 28517 922.625 0
001 5.71868 -37.5 29139 923.625 0
001 5.51619 -37.0 29785 923.625 0
101 5.23394 -46.5 40073 920.625 0
001 1.35604 -36.5 40078 920.625 0
001 1.41126 -36.0 40731 920.625 0
001 1.46035 -36.0 41387 920.625 0
101 5.17258 -47.0 41402 920.625 0
001 1.12287 -36.5 42034 921.625 0
101 4.50377 -46.5 42063 921.625 0
001 0.58905 -36.0 42678 921.625 0
101 4.43014 -47.0 42717 921.625 0
001 0.63200 -36.5 43326 921.625 0
101 4.42400 -46.5 43371 921.625 0
001 6.22183 -37.0 43988 922.625 0
101 4.22152 -46.5 44021 922.625 0
001 6.11752 -37.0 44648 922.625 0
101 3.74905 -46.5 44676 922.625 0
001 6.20955 -37.0 45314 922.625 0
101 3.79200 -47.0 45333 922.625 0
001 5.60823 -37.0 45962 923.625 0
101 2.98819 -46.5 45994 923.625 0
001 5.59596 -37.5 46621 923.625 0
101 3.08023 -46.5 46650 923.625 0
001 1.31309 -36.5 47262 920.625 0
101 5.19713 -46.5 47310 920.625 0
100 0.83449 -48.0 47541 920.625 0
001 1.57693 -36.0 47922 920.625 0
101 5.19713 -46.5 47958 920.625 0
100 0.92039 -48.0 48206 920.625 0
001 1.28854 -36.5 48582 920.625 0
101 5.18486 -46.5 48619 920.625 0
001 0.71790 -36.5 49227 921.625 0
101 4.41173 -46.5 49281 921.625 0
001 0.60746 -36.5 49875 921.625 0
101 4.47922 -46.5 49939 921.625 0
