001 5.64505 -40.0 0 922.625 0
101 3.16614 -45.0 11 922.625 0
001 5.57142 -39.5 616 922.625 0
101 3.01887 -45.0 645 922.625 0
001 5.79231 -39.5 1229 922.625 0
001 4.66944 -40.0 1858 923.625 0
101 2.55254 -45.0 1880 923.625 0
001 4.68171 -40.5 2485 923.625 0
101 2.39301 -45.0 2517 923.625 0
001 4.65103 -40.5 3103 923.625 0
101 2.49732 -45.0 3139 923.625 0
100 1.55239 -49.0 3594 920.625 0
001 0.40497 -38.5 3712 920.625 0
101 5.08054 -45.0 3756 920.625 0
100 1.20878 -49.0 4219 920.625 0
001 0.44792 -38.5 4339 920.625 0
101 4.60808 -45.0 4392 920.625 0
100 1.26400 -49.0 4841 920.625 0
001 0.40497 -38.5 4947 920.625 0
101 4.62035 -45.5 5027 920.625 0
001 6.00093 -39.0 5554 921.625 0
101 4.28901 -45.0 5645 921.625 0
100 0.93266 -51.0 5753 921.625 0
001 5.99480 -39.0 6172 921.625 0
101 3.91472 -45.0 6274 921.625 0
100 0.42338 -51.0 6558 921.625 0
001 6.08070 -39.0 6783 921.625 0
101 3.85950 -45.0 6890 921.625 0
001 5.54074 -39.5 7393 922.625 0
101 2.94524 -45.0 7508 922.625 0
001 5.51619 -40.0 8004 922.625 0
001 5.56528 -39.5 8626 922.625 0
101 2.98206 -45.0 8783 922.625 0
001 5.99480 -39.0 8937 921.625 0
001 4.67557 -40.5 9248 923.625 0
101 2.69981 -45.0 9407 923.625 0
001 4.69398 -41.0 9858 923.625 0
001 0.63200 -38.5 20030 920.625 0
101 4.63876 -45.0 20036 920.625 0
100 1.17810 -51.0 20041 920.625 0
001 0.42338 -38.5 20645 920.625 0
101 4.79216 -45.0 20664 920.625 0
100 1.20264 -50.5 20674 920.625 0
001 0.47860 -38.5 21259 920.625 0
101 4.70625 -45.0 21295 920.625 0
100 1.01856 -51.0 21309 920.625 0
001 6.05616 -39.5 21875 921.625 0
101 4.30742 -45.0 21916 921.625 0
001 6.12979 -39.5 22485 921.625 0
101 4.21538 -45.0 22548 921.625 0
001 6.06229 -39.0 23094 921.625 0
101 4.06198 -45.0 23187 921.625 0
001 5.74936 -40.0 23719 922.625 0
101 2.97592 -45.0 23830 922.625 0
001 5.62051 -40.0 24348 922.625 0
101 2.93911 -45.0 24453 922.625 0
001 5.87821 -40.0 24978 922.625 0
001 4.69398 -41.0 25593 923.625 0
101 2.32551 -44.5 25701 923.625 0
001 4.64489 -40.5 26207 923.625 0
101 2.42983 -45.0 26336 923.625 0
001 4.68171 -41.0 26828 923.625 0
101 2.62618 -45.0 26956 923.625 0
100 1.21491 -50.5 27216 920.625 0
001 0.59518 -39.0 27442 920.625 0
101 4.69398 -45.0 27573 920.625 0
100 1.29468 -50.0 27850 920.625 0
001 0.40497 -38.5 28062 920.625 0
101 4.55899 -45.0 28195 920.625 0
100 0.93880 -51.0 28479 920.625 0
001 0.47860 -38.5 28673 920.625 0
101 4.59581 -45.0 28815 920.625 0
001 6.19728 -39.5 29286 921.625 0
101 4.04357 -45.0 29449 921.625 0
001 6.04388 -39.5 29909 921.625 0
001 5.37507 -40.0 40064 922.625 0
101 2.96365 -44.5 40069 922.625 0
101 2.95138 -45.0 40695 922.625 0
001 5.45484 -40.0 40704 922.625 0
101 2.92684 -45.0 41326 922.625 0
001 5.27076 -40.0 41336 922.625 0
101 2.49732 -45.0 41948 923.625 0
001 4.63876 -40.5 41962 923.625 0
001 4.55899 -41.0 42577 923.625 0
101 2.34392 -45.0 42586 923.625 0
001 4.52218 -41.0 43191 923.625 0
101 2.90229 -45.0 43214 923.625 0
100 1.20264 -51.0 43652 920.625 0
001 0.46633 -38.5 43826 920.625 0
101 4.47309 -45.0 43840 920.625 0
100 1.53398 -50.5 44283 920.625 0
001 0.34361 -38.5 44452 920.625 0
101 4.46695 -44.5 44466 920.625 0
100 1.24559 -50.0 44912 920.625 0
001 0.37429 -38.5 45089 920.625 0
101 4.52831 -45.0 45101 920.625 0
101 4.07425 -44.5 45722 921.625 0
001 6.10524 -39.0 45727 921.625 0
101 3.88404 -44.5 46346 921.625 0
001 5.96412 -39.0 46355 921.625 0
001 6.05616 -39.0 46972 921.625 0
101 3.70610 -44.5 46978 921.625 0
101 2.92684 -45.0 47596 922.625 0
001 5.28303 -40.0 47601 922.625 0
001 5.26462 -40.0 48217 922.625 0
101 2.92070 -45.0 48242 922.625 0
001 5.27076 -40.0 48846 922.625 0
101 2.94524 -45.0 48868 922.625 0
001 4.53445 -41.0 49482 923.625 0
101 2.34392 -45.0 49492 923.625 0
