101 4.16016 -41.5 0 922.625 0
001 2.66299 -40.0 7 922.625 0
101 4.28901 -41.5 503 922.625 0
001 2.77344 -40.0 535 922.625 0
101 4.11107 -41.5 1001 922.625 0
001 2.50346 -39.5 1055 922.625 0
101 3.74905 -41.5 1503 922.625 0
001 2.54641 -40.0 1570 922.625 0
101 3.15386 -42.0 2000 923.625 0
001 1.80396 -40.0 2099 923.625 0
101 3.17227 -42.0 2497 923.625 0
001 1.77328 -39.5 2620 923.625 0
101 3.20909 -42.0 3009 923.625 0
001 1.88373 -40.0 3138 923.625 0
101 3.24590 -42.0 3511 923.625 0
001 4.07425 -39.5 3653 920.625 0
101 5.33212 -41.5 4013 920.625 0
001 4.07425 -39.0 4161 920.625 0
101 5.39348 -41.5 4516 920.625 0
001 4.61421 -38.5 4674 920.625 0
101 5.22167 -41.5 5026 920.625 0
001 4.23992 -39.0 5194 920.625 0
101 4.46082 -41.5 5536 921.625 0
001 3.16614 -39.5 5714 921.625 0
101 4.46082 -41.5 6043 921.625 0
001 3.17841 -39.5 6229 921.625 0
101 4.47922 -41.5 6543 921.625 0
001 3.19068 -39.0 6750 921.625 0
101 4.41173 -41.0 7039 921.625 0
001 2.64458 -39.5 7266 922.625 0
101 3.73064 -41.5 7542 922.625 0
001 2.55868 -39.5 7780 922.625 0
101 3.90245 -41.5 8048 922.625 0
001 2.54641 -39.5 8293 922.625 0
101 3.90858 -41.5 8550 922.625 0
001 2.50959 -39.5 8811 922.625 0
101 3.27658 -42.0 9060 923.625 0
001 1.77328 -40.0 9327 923.625 0
101 3.51588 -42.0 9568 923.625 0
001 1.90827 -40.0 9856 923.625 0
001 4.26447 -39.0 20056 920.625 0
101 5.57142 -41.5 20061 920.625 0
101 5.40575 -41.5 20566 920.625 0
001 4.28901 -39.0 20580 920.625 0
101 5.15418 -41.5 21074 920.625 0
001 4.20924 -39.0 21101 920.625 0
101 5.17872 -41.5 21581 920.625 0
001 4.14175 -39.0 21617 920.625 0
001 3.11091 -39.5 22139 921.625 0
101 4.39332 -41.5 22590 921.625 0
001 3.12318 -39.5 22667 921.625 0
101 4.46695 -41.5 23093 921.625 0
001 3.11705 -39.5 23190 921.625 0
101 4.79829 -41.5 23601 921.625 0
001 2.66299 -40.0 23721 922.625 0
101 4.06198 -41.5 24108 922.625 0
001 2.45437 -40.0 24249 922.625 0
101 3.90858 -41.0 24620 922.625 0
001 2.74276 -40.0 24769 922.625 0
101 3.72451 -41.5 25127 922.625 0
001 2.65685 -40.5 25296 922.625 0
101 3.28272 -41.5 25629 923.625 0
001 1.88373 -40.5 25818 923.625 0
101 3.36862 -42.0 26138 923.625 0
001 1.81010 -40.5 26338 923.625 0
101 3.13546 -42.0 26646 923.625 0
001 1.79169 -40.5 26865 923.625 0
101 3.26431 -41.5 27152 923.625 0
001 3.93926 -39.5 27379 920.625 0
101 5.63891 -41.5 27664 920.625 0
001 4.09880 -39.5 27902 920.625 0
101 5.24008 -41.5 28172 920.625 0
001 4.09880 -39.5 28422 920.625 0
101 5.11122 -41.5 28675 920.625 0
001 4.05585 -39.0 28945 920.625 0
101 4.35651 -41.5 29190 921.625 0
001 3.15386 -39.5 29470 921.625 0
001 3.16614 -40.0 30012 921.625 0
001 2.46664 -40.0 40085 922.625 0
101 3.90245 -41.5 40090 922.625 0
101 3.99449 -41.5 40592 922.625 0
001 2.56482 -40.0 40607 922.625 0
101 3.98835 -41.5 41103 922.625 0
001 2.54027 -40.0 41140 922.625 0
101 3.68769 -41.5 41603 922.625 0
001 2.63845 -40.0 41670 922.625 0
101 3.38089 -41.5 42120 923.625 0
001 1.81010 -40.5 42188 923.625 0
101 3.51588 -41.5 42637 923.625 0
001 1.95122 -40.5 42714 923.625 0
101 2.92684 -41.5 43154 923.625 0
001 1.79783 -40.5 43247 923.625 0
101 5.16031 -41.5 43677 920.625 0
001 4.07425 -39.5 43775 920.625 0
101 5.19099 -41.5 44199 920.625 0
001 4.27674 -39.0 44286 920.625 0
101 5.15418 -41.5 44718 920.625 0
001 4.17856 -39.0 44812 920.625 0
101 5.16645 -41.5 45226 920.625 0
001 4.10493 -39.5 45333 920.625 0
101 4.38105 -41.5 45733 921.625 0
001 3.10478 -40.0 45857 921.625 0
101 4.52831 -41.5 46231 921.625 0
001 3.12318 -39.5 46379 921.625 0
101 4.52218 -41.5 46740 921.625 0
001 3.14159 -39.5 46902 921.625 0
101 3.81041 -41.5 47268 922.625 0
001 2.52186 -40.0 47425 922.625 0
101 3.89631 -41.5 47788 922.625 0
001 2.77957 -40.0 47949 922.625 0
101 3.81041 -41.5 48300 922.625 0
001 2.62618 -40.0 48467 922.625 0
101 3.95767 -41.5 48818 922.625 0
001 2.72435 -40.0 48990 922.625 0
101 3.10478 -41.5 49329 923.625 0
001 1.81623 -40.0 49523 923.625 0
101 2.94524 -42.0 49842 923.625 0
001 1.85918 -40.0 50050 923.625 0
