001 4.14788 -37.5 0 920.625 0
101 5.24008 -44.0 5 920.625 0
101 5.15418 -44.0 478 920.625 0
001 4.27060 -37.5 511 920.625 0
101 5.23394 -44.0 949 920.625 0
001 4.31969 -37.5 1026 920.625 0
101 5.53460 -44.0 1414 920.625 0
001 4.38105 -37.5 1526 920.625 0
101 4.47922 -44.0 1885 921.625 0
001 3.20909 -37.5 2019 921.625 0
101 4.53445 -43.5 2371 921.625 0
001 3.21522 -37.5 2514 921.625 0
101 4.50377 -43.5 2841 921.625 0
001 3.39930 -37.5 3018 921.625 0
101 4.66944 -44.0 3310 921.625 0
001 3.28272 -38.0 3513 921.625 0
101 3.93926 -44.0 3782 922.625 0
001 2.65685 -38.0 4006 922.625 0
101 3.98835 -43.5 4257 922.625 0
001 2.68753 -38.0 4513 922.625 0
101 4.34423 -43.5 4735 922.625 0
001 2.67526 -38.0 5012 922.625 0
101 4.07425 -43.5 5208 922.625 0
001 2.05553 -38.0 5507 923.625 0
101 3.30113 -44.0 5681 923.625 0
001 2.08008 -38.0 6003 923.625 0
101 3.27045 -44.0 6152 923.625 0
001 1.93282 -38.0 6512 923.625 0
101 3.35635 -44.0 6629 923.625 0
001 2.06781 -38.0 7011 923.625 0
101 3.31340 -44.0 7099 923.625 0
001 4.20311 -37.5 7506 920.625 0
101 5.63891 -44.0 7577 920.625 0
001 4.21538 -37.5 8004 920.625 0
101 5.23394 -44.0 8055 920.625 0
001 4.26447 -37.5 8506 920.625 0
101 5.62664 -44.0 8525 920.625 0
101 4.45468 -43.5 8990 921.625 0
001 3.29499 -38.0 9005 921.625 0
101 4.62649 -43.5 9456 921.625 0
001 3.28272 -38.0 9515 921.625 0
101 4.66944 -43.5 9924 921.625 0
001 2.62004 -38.0 20035 922.625 0
101 3.98221 -43.5 20040 922.625 0
101 3.20295 -44.0 20515 922.625 0
001 2.82866 -38.0 20546 922.625 0
101 4.06198 -43.5 20986 922.625 0
001 2.81025 -38.0 21061 922.625 0
101 4.05585 -43.5 21466 922.625 0
001 2.71821 -38.0 21559 922.625 0
101 3.60179 -43.5 21946 923.625 0
001 1.87759 -38.0 22059 923.625 0
101 3.39317 -43.5 22433 923.625 0
001 1.90827 -38.0 22561 923.625 0
101 3.36862 -44.0 22912 923.625 0
001 1.93895 -38.0 23066 923.625 0
101 3.17227 -44.0 23387 923.625 0
001 1.91441 -38.0 23570 923.625 0
101 5.31985 -44.0 23868 920.625 0
001 4.22765 -37.5 24071 920.625 0
101 5.14190 -44.0 24351 920.625 0
001 4.27674 -37.5 24571 920.625 0
101 5.14190 -44.0 24827 920.625 0
001 4.19084 -37.5 25068 920.625 0
101 5.31985 -44.0 25301 920.625 0
001 3.23363 -37.5 25562 921.625 0
101 4.47922 -43.5 25784 921.625 0
001 3.26431 -37.5 26072 921.625 0
101 4.65717 -43.5 26261 921.625 0
001 3.27045 -37.5 26576 921.625 0
101 4.50990 -43.5 26732 921.625 0
001 3.20295 -38.0 27072 921.625 0
101 4.51604 -43.5 27206 921.625 0
001 2.79798 -38.0 27577 922.625 0
101 4.02517 -43.5 27692 922.625 0
001 2.86548 -37.5 28090 922.625 0
101 4.11720 -43.5 28168 922.625 0
001 2.62004 -38.0 28588 922.625 0
101 4.20311 -43.5 28648 922.625 0
001 1.92668 -38.0 29092 923.625 0
101 3.34408 -44.0 29123 923.625 0
001 1.86532 -38.0 29588 923.625 0
101 3.11091 -44.0 29603 923.625 0
001 4.26447 -37.5 40074 920.625 0
101 5.19713 -43.5 40079 920.625 0
101 5.22781 -43.5 40566 920.625 0
001 4.52218 -37.0 40580 920.625 0
101 5.39961 -43.5 41038 920.625 0
001 4.60808 -37.5 41087 920.625 0
101 5.30757 -43.5 41515 920.625 0
001 4.38105 -37.5 41583 920.625 0
101 4.62035 -43.5 41995 921.625 0
001 3.30113 -37.5 42089 921.625 0
001 3.20909 -37.5 42598 921.625 0
101 4.50377 -43.5 42949 921.625 0
001 3.26431 -37.5 43096 921.625 0
101 4.45468 -44.0 43429 921.625 0
001 3.22136 -38.0 43597 921.625 0
101 4.31969 -43.5 43904 922.625 0
001 2.61390 -38.0 44098 922.625 0
101 4.19084 -43.5 44383 922.625 0
001 2.73662 -38.0 44607 922.625 0
101 3.82268 -43.5 44857 922.625 0
001 2.59550 -38.0 45112 922.625 0
101 3.90858 -43.5 45328 922.625 0
001 1.93895 -38.5 45624 923.625 0
101 3.30113 -43.5 45798 923.625 0
001 2.00645 -38.5 46131 923.625 0
101 3.17841 -43.0 46276 923.625 0
001 1.91441 -38.5 46635 923.625 0
101 3.17841 -43.5 46764 923.625 0
001 1.93895 -38.5 47152 923.625 0
101 3.41157 -43.5 47239 923.625 0
001 4.28901 -38.0 47657 920.625 0
101 5.44256 -43.5 47720 920.625 0
001 4.31355 -38.0 48162 920.625 0
101 5.49165 -43.5 48202 920.625 0
001 4.14788 -38.0 48667 920.625 0
101 5.18486 -43.5 48685 920.625 0
101 4.46695 -43.5 49159 921.625 0
001 3.19682 -38.0 49169 921.625 0
101 4.46695 -43.5 49637 921.625 0
001 3.28885 -38.0 49669 921.625 0
