101 2.38687 -35.5 0 922.625 0
100 3.93313 -32.5 5 922.625 0
001 4.46082 -43.5 11 922.625 0
100 3.92085 -32.5 718 922.625 0
101 2.36847 -36.0 723 922.625 0
001 4.38719 -43.5 750 922.625 0
101 2.45437 -35.5 1441 922.625 0
100 3.97608 -32.5 1453 922.625 0
001 4.30128 -44.0 1473 922.625 0
101 1.70579 -35.5 2162 923.625 0
100 3.25204 -32.0 2178 923.625 0
001 3.72451 -44.0 2194 923.625 0
101 1.73033 -35.5 2873 923.625 0
100 3.27045 -32.0 2894 923.625 0
001 3.71837 -44.0 2922 923.625 0
101 4.17243 -35.0 3602 920.625 0
100 5.70027 -32.5 3613 920.625 0
001 5.84140 -43.0 3646 920.625 0
100 5.46097 -32.5 4320 920.625 0
101 4.22152 -35.0 4325 920.625 0
001 5.92117 -43.0 4383 920.625 0
100 5.46097 -32.5 5031 920.625 0
101 4.17243 -35.5 5052 920.625 0
001 5.92117 -43.0 5111 920.625 0
100 4.72466 -32.5 5746 921.625 0
101 3.19682 -35.5 5761 921.625 0
001 5.16645 -43.0 5827 921.625 0
100 4.71852 -32.5 6452 921.625 0
101 3.17841 -35.5 6474 921.625 0
001 5.24008 -43.0 6554 921.625 0
101 2.48505 -35.5 7192 922.625 0
100 3.98221 -32.5 7197 922.625 0
001 4.47922 -43.0 7283 922.625 0
101 2.49118 -35.0 7907 922.625 0
100 4.03130 -32.0 7918 922.625 0
001 4.40559 -43.5 8020 922.625 0
101 2.45437 -35.5 8612 922.625 0
100 3.99449 -32.5 8628 922.625 0
001 4.38105 -43.0 8749 922.625 0
101 1.75487 -35.5 9327 923.625 0
100 3.25204 -32.0 9338 923.625 0
001 3.65087 -43.5 9472 923.625 0
100 5.47324 -32.0 20047 920.625 0
101 4.02517 -34.5 20052 920.625 0
001 6.02548 -41.5 20058 920.625 0
101 4.01289 -34.5 20767 920.625 0
001 5.93957 -42.0 20794 920.625 0
100 5.41802 -32.0 21473 920.625 0
101 4.08039 -34.5 21487 920.625 0
001 5.97639 -42.0 21509 920.625 0
100 4.71239 -32.0 22184 921.625 0
101 3.28885 -34.5 22200 921.625 0
001 5.19099 -42.5 22238 921.625 0
100 4.70012 -32.0 22900 921.625 0
101 3.49748 -34.0 22916 921.625 0
001 5.28303 -42.0 22971 921.625 0
100 4.30742 -31.5 23639 922.625 0
101 2.73662 -34.5 23648 922.625 0
001 4.47922 -42.5 23696 922.625 0
100 4.25219 -31.5 24338 922.625 0
101 2.75503 -34.5 24375 922.625 0
001 4.44241 -42.0 24435 922.625 0
100 4.08039 -32.0 25043 922.625 0
101 2.65072 -35.0 25091 922.625 0
001 4.39946 -42.5 25155 922.625 0
100 3.20909 -32.0 25764 923.625 0
101 2.01258 -35.0 25813 923.625 0
001 3.60792 -43.0 25882 923.625 0
100 3.24590 -32.0 26479 923.625 0
101 2.03099 -35.0 26529 923.625 0
001 3.52816 -42.5 26610 923.625 0
100 3.24590 -31.5 27190 923.625 0
101 4.08039 -35.0 27241 920.625 0
001 6.02548 -41.5 27341 920.625 0
101 4.04971 -34.5 27959 920.625 0
001 5.92117 -41.5 28079 920.625 0
101 4.07425 -35.0 28676 920.625 0
001 6.04388 -41.5 28800 920.625 0
100 4.96396 -32.0 29321 921.625 0
101 3.42385 -35.0 29388 921.625 0
001 5.12350 -42.0 29539 921.625 0
100 5.09282 -32.0 30035 921.625 0
100 4.12948 -32.0 40094 922.625 0
101 2.76117 -35.0 40099 922.625 0
001 4.31969 -42.0 40104 922.625 0
101 2.74889 -34.5 40816 922.625 0
001 4.31969 -42.0 40825 922.625 0
100 4.19084 -31.5 40831 922.625 0
100 4.25219 -32.0 41516 922.625 0
101 2.77344 -34.5 41538 922.625 0
001 4.46695 -42.0 41565 922.625 0
100 3.19068 -32.0 42222 923.625 0
101 2.01872 -35.0 42265 923.625 0
001 3.42385 -42.5 42287 923.625 0
100 3.30113 -31.5 42934 923.625 0
101 2.04940 -34.5 42990 923.625 0
001 3.50975 -42.5 43006 923.625 0
100 3.22136 -32.0 43645 923.625 0
101 4.03744 -34.5 43712 920.625 0
001 5.87208 -41.5 43739 920.625 0
101 4.08039 -34.5 44433 920.625 0
001 5.97025 -41.5 44466 920.625 0
101 4.04357 -34.5 45156 920.625 0
001 5.95185 -41.0 45195 920.625 0
100 5.16031 -32.0 45816 921.625 0
101 3.71837 -35.0 45866 921.625 0
001 5.08054 -42.0 45913 921.625 0
100 4.89647 -32.0 46525 921.625 0
101 3.87177 -34.5 46586 921.625 0
001 4.99464 -41.5 46639 921.625 0
100 5.05600 -32.0 47235 921.625 0
101 2.78571 -34.5 47302 922.625 0
001 4.31969 -42.0 47366 922.625 0
100 3.96381 -32.0 47959 922.625 0
101 2.78571 -34.5 48018 922.625 0
001 4.48536 -42.0 48098 922.625 0
100 3.95767 -32.0 48675 922.625 0
101 2.85320 -34.5 48729 922.625 0
001 4.38105 -42.0 48826 922.625 0
100 3.59565 -31.5 49399 923.625 0
101 2.04326 -34.5 49449 923.625 0
001 3.54043 -42.5 49551 923.625 0
