100 1.20264 -30.0 0 920.625 0
001 0.40497 -31.5 5 920.625 0
101 5.41188 -41.0 10 920.625 0
100 1.08606 -30.0 641 920.625 0
101 5.63891 -40.5 683 920.625 0
001 0.36816 -32.0 699 920.625 0
100 1.03697 -30.0 1304 920.625 0
101 5.64505 -40.5 1371 920.625 0
001 0.38656 -32.0 1403 920.625 0
100 0.40497 -30.5 1978 921.625 0
101 4.68785 -41.0 2048 921.625 0
001 5.90889 -32.0 2112 921.625 0
100 0.37429 -30.5 2635 921.625 0
101 4.71239 -41.0 2727 921.625 0
001 5.90276 -31.5 2818 921.625 0
100 0.41111 -30.0 3300 921.625 0
101 4.77988 -41.0 3408 921.625 0
001 5.88435 -31.5 3511 921.625 0
100 5.90889 -30.5 3956 922.625 0
101 4.24606 -41.0 4104 922.625 0
001 5.22781 -32.5 4208 922.625 0
100 0.00000 -30.5 4625 922.625 0
101 4.20311 -41.0 4802 922.625 0
001 5.18486 -32.0 4914 922.625 0
100 5.96412 -31.0 5278 922.625 0
101 3.23363 -41.0 5489 923.625 0
001 4.43627 -32.0 5614 923.625 0
100 5.20940 -31.0 5936 923.625 0
101 3.27658 -41.0 6173 923.625 0
001 4.47309 -32.0 6308 923.625 0
100 5.17872 -31.0 6612 923.625 0
101 3.27658 -41.5 6871 923.625 0
001 4.44854 -32.5 7012 923.625 0
100 1.14128 -30.0 7287 920.625 0
101 5.59596 -41.0 7565 920.625 0
001 0.39270 -31.5 7719 920.625 0
100 1.11060 -30.0 7949 920.625 0
101 5.66346 -41.0 8256 920.625 0
001 0.36816 -31.5 8417 920.625 0
100 1.31922 -30.0 8623 920.625 0
101 5.77390 -41.0 8934 920.625 0
001 5.90276 -32.0 9116 921.625 0
100 0.34361 -30.5 9296 921.625 0
101 4.74307 -41.0 9631 921.625 0
001 5.97025 -32.0 9813 921.625 0
100 0.35588 -30.5 9954 921.625 0
001 5.19099 -32.5 20038 922.625 0
100 5.96412 -31.0 20043 922.625 0
101 4.27674 -40.0 20048 922.625 0
100 6.27705 -30.5 20716 922.625 0
001 5.21553 -32.0 20742 922.625 0
101 4.35651 -40.5 20748 922.625 0
100 5.89049 -31.0 21392 922.625 0
001 5.31985 -32.0 21433 922.625 0
101 4.66944 -40.0 21438 922.625 0
100 5.16645 -31.0 22045 923.625 0
001 4.48536 -33.0 22126 923.625 0
101 3.58338 -40.5 22142 923.625 0
100 5.28917 -31.0 22720 923.625 0
001 4.47922 -32.5 22825 923.625 0
101 3.48520 -40.5 22831 923.625 0
100 5.16645 -31.0 23377 923.625 0
101 3.49134 -40.5 23526 923.625 0
001 4.46082 -32.5 23538 923.625 0
100 1.06765 -30.0 24042 920.625 0
101 5.79231 -40.0 24217 920.625 0
001 0.44179 -32.0 24233 920.625 0
100 1.19651 -30.0 24706 920.625 0
101 5.68800 -40.0 24903 920.625 0
001 0.39884 -31.5 24919 920.625 0
100 1.31309 -30.0 25387 920.625 0
101 4.85352 -40.0 25600 921.625 0
001 5.90889 -32.0 25632 921.625 0
100 0.23317 -30.0 26051 921.625 0
101 4.83511 -40.0 26287 921.625 0
001 5.96412 -32.0 26331 921.625 0
100 0.32520 -30.5 26708 921.625 0
101 4.75534 -39.5 26978 921.625 0
001 5.96412 -32.0 27036 921.625 0
100 5.92730 -30.5 27377 922.625 0
101 4.43627 -39.5 27656 922.625 0
001 5.26462 -32.0 27751 922.625 0
100 5.89662 -31.0 28057 922.625 0
101 4.28901 -39.5 28338 922.625 0
001 5.24621 -32.0 28451 922.625 0
100 5.87821 -31.0 28744 922.625 0
101 3.58952 -39.5 29029 923.625 0
001 4.47922 -32.5 29155 923.625 0
100 5.17258 -31.0 29402 923.625 0
101 3.47907 -40.0 29710 923.625 0
001 4.48536 -32.5 29861 923.625 0
101 5.74936 -40.0 40068 920.625 0
001 0.40497 -31.5 40073 920.625 0
100 0.84062 -30.0 40078 920.625 0
100 0.93266 -30.0 40736 920.625 0
101 5.60823 -40.5 40753 920.625 0
001 0.44792 -31.5 40763 920.625 0
100 0.89584 -30.0 41409 920.625 0
101 5.67573 -40.5 41442 920.625 0
001 0.45406 -31.5 41458 920.625 0
100 0.34975 -30.0 42083 921.625 0
101 5.07441 -40.5 42124 921.625 0
001 6.01320 -32.0 42157 921.625 0
100 0.36202 -30.0 42747 921.625 0
101 5.08054 -40.5 42805 921.625 0
001 5.98253 -31.5 42840 921.625 0
100 0.42951 -30.0 43410 921.625 0
101 5.10509 -40.0 43485 921.625 0
001 6.00707 -31.5 43544 921.625 0
100 5.90889 -30.5 44069 922.625 0
101 4.38105 -39.5 44165 922.625 0
001 5.22167 -32.0 44251 922.625 0
100 5.91503 -30.5 44751 922.625 0
101 4.35651 -39.0 44857 922.625 0
001 5.28303 -32.5 44962 922.625 0
100 5.87821 -30.5 45401 922.625 0
101 3.52202 -39.5 45536 923.625 0
001 4.47922 -32.5 45657 923.625 0
100 5.28303 -31.0 46068 923.625 0
101 3.71837 -40.0 46212 923.625 0
100 5.14804 -30.5 46739 923.625 0
101 3.91472 -39.5 46896 923.625 0
001 4.35037 -32.0 47056 923.625 0
100 1.26400 -29.5 47412 920.625 0
101 6.00093 -38.5 47577 920.625 0
001 0.32520 -31.5 47743 920.625 0
100 1.14128 -29.5 48074 920.625 0
101 6.03161 -38.0 48261 920.625 0
001 0.09817 -31.5 48441 920.625 0
100 1.11060 -29.5 48748 920.625 0
101 5.73709 -40.0 48947 920.625 0
001 5.95798 -32.0 49144 921.625 0
100 0.44792 -30.0 49430 921.625 0
101 5.11736 -39.0 49642 921.625 0
001 5.95185 -32.0 49851 921.625 0
