100 4.38105 -35.0 0 920.625 0
101 1.04311 -30.0 5 920.625 0
001 4.29515 -37.0 10 920.625 0
100 4.23992 -34.5 541 920.625 0
101 0.92039 -30.0 568 920.625 0
001 4.26447 -37.0 578 920.625 0
100 4.30128 -35.0 1083 920.625 0
101 1.14128 -30.0 1126 920.625 0
001 4.28287 -37.0 1152 920.625 0
100 4.21538 -35.0 1614 920.625 0
101 1.06151 -30.0 1684 920.625 0
001 4.27674 -37.0 1734 920.625 0
100 3.57724 -34.0 2169 921.625 0
101 0.09204 -30.5 2240 921.625 0
001 3.53429 -37.0 2309 921.625 0
100 3.50975 -34.0 2712 921.625 0
101 0.01841 -30.5 2790 921.625 0
001 3.55884 -37.0 2881 921.625 0
100 3.58952 -34.0 3255 921.625 0
101 0.08590 -30.5 3342 921.625 0
001 3.54043 -37.0 3448 921.625 0
100 2.80412 -33.5 3797 922.625 0
101 5.74322 -31.0 3898 922.625 0
001 2.82866 -36.5 4015 922.625 0
100 2.82252 -33.5 4333 922.625 0
101 5.92730 -30.5 4451 922.625 0
001 2.93297 -36.5 4586 922.625 0
100 2.81639 -33.5 4866 922.625 0
101 5.82299 -31.0 5015 922.625 0
001 2.84707 -36.5 5163 922.625 0
100 2.15371 -33.0 5402 923.625 0
101 4.92101 -31.0 5571 923.625 0
001 2.01258 -36.0 5742 923.625 0
100 2.10462 -32.5 5940 923.625 0
101 4.75534 -31.0 6125 923.625 0
001 2.49732 -36.0 6310 923.625 0
100 2.11689 -33.0 6476 923.625 0
101 4.94555 -31.0 6693 923.625 0
001 1.99418 -36.0 6879 923.625 0
100 2.43596 -33.0 7018 923.625 0
101 0.84062 -30.5 7249 920.625 0
001 4.27060 -37.0 7459 920.625 0
100 4.30742 -35.0 7565 920.625 0
101 1.25173 -30.0 7815 920.625 0
001 4.33196 -37.0 8036 920.625 0
100 4.24606 -34.5 8101 920.625 0
101 1.06151 -30.0 8370 920.625 0
001 4.30742 -37.0 8615 920.625 0
100 4.28901 -34.5 8637 920.625 0
101 1.17810 -30.0 8921 920.625 0
100 3.58952 -34.0 9172 921.625 0
001 3.53429 -37.0 9187 921.625 0
101 0.10431 -30.5 9480 921.625 0
100 3.54656 -34.0 9723 921.625 0
001 3.51588 -37.0 9755 921.625 0
101 5.80458 -30.5 20036 922.625 0
100 2.85934 -34.0 20041 922.625 0
001 2.78571 -36.0 20046 922.625 0
100 2.84707 -34.0 20582 922.625 0
101 5.69414 -30.5 20591 922.625 0
001 2.82252 -36.0 20626 922.625 0
100 2.84707 -34.0 21117 922.625 0
101 5.71254 -31.0 21149 922.625 0
001 2.80412 -36.0 21188 922.625 0
100 2.82252 -33.5 21660 922.625 0
101 5.98253 -31.0 21699 922.625 0
001 2.74889 -36.0 21753 922.625 0
100 2.10462 -33.0 22192 923.625 0
101 5.08054 -31.0 22279 923.625 0
001 2.01258 -35.5 22321 923.625 0
100 2.12917 -32.0 22729 923.625 0
101 5.26462 -31.0 22825 923.625 0
001 2.00645 -35.0 22903 923.625 0
100 2.06167 -32.5 23260 923.625 0
101 5.06827 -31.0 23389 923.625 0
001 2.02485 -35.0 23468 923.625 0
100 4.19697 -34.0 23802 920.625 0
101 0.90812 -30.0 23963 920.625 0
001 4.26447 -36.5 24031 920.625 0
100 4.47922 -34.5 24328 920.625 0
101 0.88971 -30.0 24513 920.625 0
001 4.27060 -36.0 24598 920.625 0
100 4.23379 -34.5 24880 920.625 0
101 1.12901 -30.0 25075 920.625 0
001 4.17856 -36.5 25160 920.625 0
100 3.52816 -33.5 25426 921.625 0
101 0.07977 -30.5 25633 921.625 0
001 3.57111 -36.0 25740 921.625 0
100 3.55884 -33.5 25955 921.625 0
101 0.04295 -30.5 26194 921.625 0
001 3.39317 -36.0 26328 921.625 0
100 3.62019 -33.5 26489 921.625 0
101 0.02454 -30.5 26748 921.625 0
001 3.49134 -36.5 26897 921.625 0
100 3.54656 -34.0 27033 921.625 0
101 5.57142 -31.0 27314 922.625 0
001 2.72435 -36.0 27475 922.625 0
100 2.85934 -33.5 27579 922.625 0
101 5.52847 -31.0 27881 922.625 0
001 2.75503 -35.5 28046 922.625 0
100 2.92684 -33.0 28125 922.625 0
101 5.62664 -30.5 28437 922.625 0
001 2.73662 -35.5 28621 922.625 0
100 2.85320 -33.0 28659 922.625 0
101 5.02532 -31.0 29020 923.625 0
001 2.03099 -35.5 29186 923.625 0
100 2.06781 -32.0 29197 923.625 0
101 5.16645 -31.0 29591 923.625 0
100 2.07394 -32.0 29731 923.625 0
001 1.94509 -35.5 29747 923.625 0
001 4.27674 -36.5 40059 920.625 0
100 4.45468 -34.0 40064 920.625 0
101 1.13515 -30.0 40069 920.625 0
100 4.31355 -34.0 40613 920.625 0
101 0.87130 -30.0 40628 920.625 0
001 4.25219 -36.0 40639 920.625 0
100 4.19697 -34.0 41161 920.625 0
101 0.92652 -30.0 41181 920.625 0
001 4.22765 -36.0 41219 920.625 0
100 4.47922 -34.0 41703 920.625 0
101 1.22105 -30.0 41731 920.625 0
001 4.27674 -36.0 41797 920.625 0
100 3.53429 -33.5 42244 921.625 0
101 0.04295 -30.5 42292 921.625 0
001 3.33181 -35.5 42373 921.625 0
100 3.52816 -33.5 42791 921.625 0
101 0.07977 -30.5 42846 921.625 0
001 3.58952 -36.0 42949 921.625 0
100 3.58338 -33.5 43331 921.625 0
101 0.10431 -30.5 43404 921.625 0
001 3.47293 -36.0 43539 921.625 0
100 2.79185 -33.0 43881 922.625 0
101 5.62051 -30.5 43978 922.625 0
001 2.77344 -35.5 44112 922.625 0
100 2.87161 -33.0 44429 922.625 0
101 5.54074 -31.0 44541 922.625 0
001 2.62618 -35.5 44689 922.625 0
100 2.75503 -33.0 44969 922.625 0
101 5.59596 -31.0 45091 922.625 0
001 2.74276 -35.5 45261 922.625 0
100 2.13530 -32.5 45517 923.625 0
101 4.82897 -31.0 45647 923.625 0
001 2.00031 -35.0 45840 923.625 0
100 2.05553 -32.0 46061 923.625 0
101 4.81056 -31.0 46205 923.625 0
001 1.98804 -35.0 46410 923.625 0
100 2.09235 -32.5 46592 923.625 0
101 4.81670 -31.0 46767 923.625 0
001 1.98804 -35.0 46985 923.625 0
100 2.06167 -32.5 47139 923.625 0
101 1.09833 -30.0 47326 920.625 0
001 4.29515 -36.5 47565 920.625 0
100 4.34423 -34.0 47677 920.625 0
101 0.89584 -30.0 47879 920.625 0
001 4.35651 -36.0 48143 920.625 0
100 4.22152 -34.0 48217 920.625 0
101 1.15969 -30.0 48445 920.625 0
001 4.25219 -36.0 48719 920.625 0
100 4.25833 -34.0 48758 920.625 0
101 0.88971 -30.0 49005 920.625 0
001 3.46680 -36.0 49301 921.625 0
100 3.54043 -33.5 49311 921.625 0
101 0.06136 -30.5 49577 921.625 0
100 3.50361 -33.5 49856 921.625 0
001 3.21522 -35.5 49877 921.625 0
