101 5.90889 -29.5 0 922.625 0
001 1.84078 -39.0 5 922.625 0
100 4.23379 -47.0 10 922.625 0
101 5.89049 -29.5 346 922.625 0
001 1.76101 -39.0 382 922.625 0
100 4.45468 -47.5 404 922.625 0
101 5.90889 -29.5 697 922.625 0
001 1.84078 -39.0 763 922.625 0
100 3.90858 -49.5 793 922.625 0
101 5.86594 -29.5 1044 922.625 0
001 1.76101 -39.0 1144 922.625 0
100 4.15402 -47.5 1180 922.625 0
101 5.89662 -29.5 1390 922.625 0
001 1.81010 -39.0 1527 922.625 0
100 3.90858 -46.0 1559 922.625 0
101 5.89662 -29.5 1740 922.625 0
001 1.21491 -40.0 1903 923.625 0
100 3.25818 -51.0 1935 923.625 0
101 5.09895 -29.5 2089 923.625 0
001 1.15969 -39.5 2276 923.625 0
100 3.15386 -50.0 2317 923.625 0
101 5.09282 -29.0 2438 923.625 0
001 1.17810 -39.5 2663 923.625 0
100 3.48520 -51.5 2699 923.625 0
101 5.12350 -29.0 2788 923.625 0
001 1.20878 -39.5 3043 923.625 0
100 3.13546 -50.0 3093 923.625 0
101 5.07441 -29.0 3141 923.625 0
001 1.17196 -40.0 3426 923.625 0
100 3.10478 -50.5 3486 923.625 0
101 5.14190 -29.0 3501 923.625 0
001 3.11091 -39.0 3795 920.625 0
101 1.16583 -30.0 3849 920.625 0
100 5.49779 -44.0 3864 920.625 0
001 3.11091 -39.5 4169 920.625 0
101 1.03084 -30.0 4196 920.625 0
100 5.27076 -43.5 4238 920.625 0
001 3.12318 -39.0 4544 920.625 0
101 1.06151 -30.0 4554 920.625 0
100 5.50392 -44.5 4612 920.625 0
101 1.06151 -30.0 4899 920.625 0
001 3.11091 -39.5 4923 920.625 0
100 5.25235 -43.5 4988 920.625 0
101 1.11674 -30.0 5259 920.625 0
001 3.09251 -39.5 5292 920.625 0
100 5.51619 -44.0 5367 920.625 0
101 0.13499 -29.5 5610 921.625 0
001 2.39915 -39.5 5680 921.625 0
100 4.47309 -44.5 5758 921.625 0
101 0.27612 -30.0 5950 921.625 0
001 2.48505 -39.0 6062 921.625 0
100 4.68785 -45.5 6141 921.625 0
101 0.25771 -29.5 6304 921.625 0
001 2.55868 -39.5 6449 921.625 0
100 4.48536 -44.5 6524 921.625 0
101 0.28839 -29.5 6648 921.625 0
001 2.69981 -39.5 6834 921.625 0
100 4.71239 -46.0 6915 921.625 0
101 0.21476 -30.0 7000 921.625 0
001 1.81010 -39.0 7227 922.625 0
100 3.63860 -46.5 7304 922.625 0
101 5.86594 -29.5 7346 922.625 0
001 1.67511 -39.5 7600 922.625 0
101 5.78618 -29.5 7680 922.625 0
100 4.26447 -48.0 7696 922.625 0
001 1.74874 -39.5 7982 922.625 0
101 6.21569 -29.5 8027 922.625 0
100 3.65087 -46.5 8077 922.625 0
001 1.75487 -39.5 8366 922.625 0
101 5.93957 -29.5 8376 922.625 0
100 4.03130 -48.0 8468 922.625 0
101 5.84753 -29.5 8733 922.625 0
001 1.74260 -39.0 8751 922.625 0
100 3.84722 -47.5 8856 922.625 0
101 5.12350 -29.0 9088 923.625 0
001 1.17810 -39.5 9129 923.625 0
100 3.84109 -51.5 9246 923.625 0
101 5.06214 -29.0 9439 923.625 0
001 1.12901 -39.5 9510 923.625 0
100 3.03728 -50.0 9628 923.625 0
101 5.05600 -29.0 9789 923.625 0
001 1.21491 -39.5 9888 923.625 0
001 1.60761 -25.0 20047 920.625 0
100 5.09895 -35.0 20052 920.625 0
101 3.55884 -49.5 20057 920.625 0
101 2.35619 -39.5 20404 920.625 0
001 4.33196 -42.5 20423 920.625 0
100 4.39946 -37.0 20437 920.625 0
101 2.60777 -40.5 20729 920.625 0
001 4.17243 -46.0 20800 920.625 0
100 4.40559 -37.5 20820 920.625 0
101 2.35006 -40.5 21052 920.625 0
100 4.17243 -37.0 21201 920.625 0
001 4.11720 -50.5 21211 920.625 0
101 2.27643 -41.5 21384 920.625 0
100 4.28287 -37.5 21584 920.625 0
101 2.36233 -41.5 21718 920.625 0
100 3.57724 -37.5 21967 921.625 0
101 1.58920 -40.5 22052 921.625 0
100 3.58952 -37.5 22350 921.625 0
101 1.81010 -40.5 22375 921.625 0
101 1.57693 -40.5 22696 921.625 0
100 3.55884 -37.0 22732 921.625 0
101 1.59534 -40.5 23017 921.625 0
100 3.54656 -38.0 23110 921.625 0
101 1.66284 -40.0 23341 921.625 0
100 3.54656 -36.5 23492 921.625 0
101 1.16583 -40.0 23665 922.625 0
100 2.90843 -38.0 23878 922.625 0
101 1.11060 -40.0 23990 922.625 0
100 2.90229 -38.0 24268 922.625 0
101 1.08606 -40.0 24313 922.625 0
101 1.27627 -40.0 24644 922.625 0
100 2.92070 -38.5 24664 922.625 0
101 1.14742 -40.0 24969 922.625 0
100 2.85934 -38.0 25057 922.625 0
101 1.14742 -40.0 25303 922.625 0
100 2.30711 -38.5 25443 923.625 0
101 0.55223 -40.0 25626 923.625 0
100 2.26416 -38.0 25830 923.625 0
101 0.44179 -40.0 25950 923.625 0
100 2.30097 -38.0 26209 923.625 0
101 0.46633 -40.0 26278 923.625 0
100 2.31324 -38.0 26598 923.625 0
101 0.47247 -39.5 26608 923.625 0
001 3.58338 -49.5 26903 923.625 0
101 1.12287 -36.5 26934 923.625 0
100 3.66928 -36.0 26992 923.625 0
101 5.26462 -36.0 27275 920.625 0
001 2.89616 -29.0 27289 920.625 0
100 0.73017 -47.5 27380 920.625 0
101 2.02485 -41.5 27622 920.625 0
001 3.58952 -42.5 27668 920.625 0
100 1.11674 -45.0 27771 920.625 0
101 1.29468 -33.5 27971 920.625 0
001 3.14773 -37.5 28047 920.625 0
100 5.93344 -40.0 28158 920.625 0
101 1.04311 -33.0 28319 920.625 0
001 3.03115 -39.5 28423 920.625 0
100 5.45484 -38.5 28544 920.625 0
101 6.26478 -32.0 28674 920.625 0
001 2.89002 -32.0 28804 920.625 0
100 6.21569 -40.5 28931 920.625 0
101 4.64489 -35.5 29030 921.625 0
001 1.82237 -32.0 29181 921.625 0
100 0.97561 -44.0 29323 921.625 0
101 0.71790 -30.0 29386 921.625 0
001 2.76117 -39.5 29560 921.625 0
100 4.89647 -54.0 29711 921.625 0
101 0.16567 -31.5 29742 921.625 0
001 2.67526 -36.5 29933 921.625 0
101 5.12963 -29.5 40082 922.625 0
001 1.50330 -37.5 40087 922.625 0
100 3.20295 -62.5 40092 922.625 0
101 5.03146 -29.0 40433 922.625 0
001 1.53398 -37.5 40467 922.625 0
100 4.20924 -67.5 40495 922.625 0
101 5.03146 -29.0 40795 922.625 0
001 1.49717 -37.5 40844 922.625 0
100 4.28901 -66.5 40886 922.625 0
101 5.03759 -29.0 41142 922.625 0
001 1.48489 -37.5 41226 922.625 0
100 4.30128 -67.5 41291 922.625 0
101 5.04373 -29.5 41502 922.625 0
001 1.48489 -37.5 41621 922.625 0
101 5.01305 -29.5 41850 922.625 0
001 1.07379 -37.5 42001 923.625 0
100 1.04311 -67.5 42083 923.625 0
101 4.33196 -29.0 42201 923.625 0
001 0.88971 -37.5 42379 923.625 0
100 1.95122 -63.0 42479 923.625 0
101 4.31355 -29.0 42557 923.625 0
001 0.82221 -37.5 42750 923.625 0
100 0.55837 -68.0 42879 923.625 0
101 4.33810 -29.0 42907 923.625 0
001 0.99402 -37.0 43130 923.625 0
101 4.33196 -29.0 43257 923.625 0
100 2.25188 -60.0 43274 923.625 0
001 1.14128 -37.0 43504 923.625 0
101 4.40559 -29.0 43608 923.625 0
100 5.82299 -52.0 43674 920.625 0
001 2.85320 -36.0 43892 920.625 0
101 0.25157 -30.0 43957 920.625 0
100 5.24008 -50.5 44060 920.625 0
001 2.82866 -36.5 44273 920.625 0
101 0.11045 -30.0 44316 920.625 0
100 5.82913 -50.0 44442 920.625 0
001 2.86548 -36.5 44649 920.625 0
101 0.17181 -30.0 44668 920.625 0
100 5.32598 -51.0 44830 920.625 0
101 0.25157 -30.5 45019 920.625 0
001 2.87775 -36.0 45029 920.625 0
100 6.20342 -51.0 45218 920.625 0
101 0.18408 -30.5 45362 920.625 0
001 2.86548 -36.5 45396 920.625 0
100 4.43014 -55.0 45614 921.625 0
101 5.82299 -30.0 45723 921.625 0
001 2.14757 -36.5 45773 921.625 0
100 4.82284 -57.0 45996 921.625 0
101 5.76777 -29.5 46073 921.625 0
001 2.11689 -36.5 46161 921.625 0
100 4.24606 -55.0 46383 921.625 0
101 5.89049 -30.0 46427 921.625 0
001 2.10462 -36.5 46538 921.625 0
100 4.66330 -55.0 46771 921.625 0
101 5.77390 -30.0 46796 921.625 0
001 2.07394 -36.5 46918 921.625 0
101 5.89049 -30.0 47151 921.625 0
100 4.35037 -54.5 47161 921.625 0
001 1.52171 -37.5 47294 922.625 0
101 4.93328 -29.5 47506 922.625 0
100 3.59565 -69.5 47562 922.625 0
001 1.49717 -37.5 47690 922.625 0
101 4.99464 -29.5 47859 922.625 0
100 3.18454 -62.0 47957 922.625 0
001 1.50944 -37.5 48071 922.625 0
101 4.93328 -29.5 48213 922.625 0
100 4.23992 -63.0 48355 922.625 0
001 1.50944 -37.5 48442 922.625 0
101 5.02532 -29.5 48559 922.625 0
100 3.14159 -59.5 48754 922.625 0
001 1.52171 -37.5 48826 922.625 0
101 4.79829 -29.5 48911 922.625 0
100 1.54012 -69.5 49148 923.625 0
001 0.87130 -37.5 49205 923.625 0
101 4.33196 -29.5 49263 923.625 0
100 1.58307 -62.0 49540 923.625 0
001 0.92039 -37.5 49588 923.625 0
101 4.30742 -29.0 49621 923.625 0
001 0.90198 -37.5 49962 923.625 0
101 4.29515 -29.5 49976 923.625 0
