101 0.69950 -40.0 0 920.625 0
001 5.10509 -44.0 5 920.625 0
100 4.85352 -50.5 10 920.625 0
101 0.68109 -39.5 305 920.625 0
001 5.06214 -43.5 341 920.625 0
100 4.75534 -50.0 362 920.625 0
101 0.66268 -39.5 610 920.625 0
001 5.02532 -43.5 678 920.625 0
100 4.75534 -49.5 707 920.625 0
101 0.67495 -39.5 914 920.625 0
001 5.11122 -43.0 1011 920.625 0
100 4.74920 -49.0 1060 920.625 0
101 0.65041 -39.0 1224 920.625 0
001 5.17258 -43.0 1346 920.625 0
100 4.73080 -49.0 1409 920.625 0
101 0.60132 -39.0 1528 920.625 0
001 5.00691 -43.0 1684 920.625 0
100 4.71239 -49.5 1762 920.625 0
101 6.21569 -38.0 1834 921.625 0
001 4.35651 -42.0 2022 921.625 0
100 4.09266 -45.5 2106 921.625 0
101 6.22183 -38.0 2134 921.625 0
001 4.38719 -42.0 2359 921.625 0
101 6.21569 -38.0 2436 921.625 0
100 4.01289 -45.5 2451 921.625 0
001 4.33196 -41.5 2699 921.625 0
101 6.20342 -38.0 2742 921.625 0
100 4.00062 -45.5 2796 921.625 0
101 6.19115 -38.0 3049 921.625 0
001 4.35037 -42.0 3055 921.625 0
100 4.03130 -45.5 3143 921.625 0
101 6.17887 -37.5 3352 921.625 0
001 4.31355 -41.5 3391 921.625 0
100 3.93926 -45.0 3489 921.625 0
101 5.43643 -37.0 3656 922.625 0
001 3.61406 -40.5 3725 922.625 0
100 3.20909 -43.0 3831 922.625 0
101 5.43029 -37.0 3957 922.625 0
001 3.58338 -40.5 4060 922.625 0
100 3.11705 -43.0 4185 922.625 0
101 5.43643 -36.5 4261 922.625 0
001 3.63247 -41.0 4394 922.625 0
100 3.09864 -43.0 4528 922.625 0
101 5.40575 -36.5 4569 922.625 0
001 3.57111 -40.5 4732 922.625 0
101 5.43643 -36.5 4871 922.625 0
100 3.14773 -43.0 4876 922.625 0
001 3.57111 -40.5 5073 922.625 0
101 5.35052 -36.5 5169 922.625 0
100 3.10478 -43.0 5221 922.625 0
001 2.89002 -40.0 5413 923.625 0
101 4.68785 -36.0 5479 923.625 0
100 2.28256 -41.0 5562 923.625 0
001 2.85320 -39.5 5751 923.625 0
101 4.66944 -36.0 5783 923.625 0
100 2.28870 -41.5 5913 923.625 0
101 4.67557 -36.0 6090 923.625 0
001 2.81025 -39.5 6101 923.625 0
100 2.25802 -41.0 6254 923.625 0
101 4.64489 -36.0 6399 923.625 0
001 2.81639 -40.0 6436 923.625 0
100 2.19666 -41.5 6594 923.625 0
101 4.61421 -35.5 6702 923.625 0
001 2.79185 -40.0 6767 923.625 0
100 2.22120 -41.5 6937 923.625 0
101 4.58967 -35.5 7001 923.625 0
001 2.84093 -40.0 7105 923.625 0
100 4.51604 -46.5 7285 920.625 0
101 0.47860 -37.5 7303 920.625 0
001 5.03759 -43.0 7451 920.625 0
101 0.48474 -37.5 7604 920.625 0
100 4.49763 -46.5 7627 920.625 0
001 5.01919 -43.0 7794 920.625 0
101 0.44792 -37.5 7902 920.625 0
100 4.52218 -46.5 7975 920.625 0
001 4.97010 -43.0 8130 920.625 0
101 0.43565 -37.5 8208 920.625 0
100 4.49763 -46.0 8319 920.625 0
001 4.99464 -43.0 8474 920.625 0
101 0.44792 -37.5 8510 920.625 0
100 4.51604 -45.5 8665 920.625 0
001 5.00691 -42.5 8812 920.625 0
101 0.48474 -37.5 8822 920.625 0
100 3.79814 -44.0 9021 921.625 0
101 6.06843 -36.5 9125 921.625 0
001 4.18470 -41.5 9159 921.625 0
100 3.73064 -43.5 9373 921.625 0
101 6.06229 -36.5 9428 921.625 0
001 4.18470 -41.5 9496 921.625 0
100 3.68769 -43.5 9725 921.625 0
101 6.05002 -36.5 9736 921.625 0
001 4.23379 -41.5 9841 921.625 0
001 3.39317 -40.0 20037 922.625 0
101 5.14804 -35.0 20042 922.625 0
100 2.74276 -40.5 20047 922.625 0
101 5.16031 -35.0 20352 922.625 0
001 3.37476 -39.5 20375 922.625 0
100 2.71821 -40.5 20404 922.625 0
101 5.14804 -35.0 20656 922.625 0
001 3.31953 -39.5 20712 922.625 0
100 2.76730 -40.5 20757 922.625 0
101 5.15418 -35.0 20960 922.625 0
001 3.31340 -39.5 21047 922.625 0
100 2.71821 -40.5 21101 922.625 0
101 5.12963 -35.0 21266 922.625 0
001 3.39930 -39.5 21396 922.625 0
100 2.74276 -40.5 21447 922.625 0
101 5.12963 -34.5 21569 922.625 0
001 3.33181 -39.0 21733 922.625 0
100 2.74276 -40.5 21794 922.625 0
101 4.38719 -34.0 21881 923.625 0
001 2.64458 -38.5 22090 923.625 0
100 1.90827 -39.5 22138 923.625 0
101 4.36264 -34.0 22191 923.625 0
001 2.68140 -38.5 22426 923.625 0
100 1.86532 -39.5 22489 923.625 0
101 4.39332 -34.0 22507 923.625 0
001 2.66913 -38.5 22767 923.625 0
101 4.37491 -34.0 22819 923.625 0
100 1.84691 -39.5 22840 923.625 0
001 2.74889 -38.5 23118 923.625 0
101 4.32583 -34.0 23128 923.625 0
100 1.87759 -39.5 23184 923.625 0
101 4.34423 -34.0 23434 923.625 0
001 2.84093 -38.5 23458 923.625 0
100 1.83464 -39.5 23543 923.625 0
101 0.31293 -35.5 23759 920.625 0
001 4.73693 -41.0 23799 920.625 0
100 4.25833 -42.5 23898 920.625 0
101 0.41111 -35.5 24065 920.625 0
001 4.95169 -41.0 24148 920.625 0
100 4.23379 -42.0 24256 920.625 0
101 0.26998 -35.5 24383 920.625 0
001 4.82897 -41.0 24486 920.625 0
100 4.15402 -42.0 24603 920.625 0
101 0.30066 -36.0 24694 920.625 0
001 4.74307 -41.0 24821 920.625 0
100 4.12334 -42.0 24963 920.625 0
101 0.39884 -35.5 25000 920.625 0
001 5.08668 -41.0 25176 920.625 0
101 0.35588 -35.5 25306 920.625 0
100 4.16016 -42.0 25316 920.625 0
001 4.08039 -40.0 25516 921.625 0
101 5.82299 -35.0 25611 921.625 0
100 3.47907 -41.0 25674 921.625 0
001 4.03744 -40.0 25858 921.625 0
101 5.72482 -35.0 25917 921.625 0
100 3.41157 -41.0 26037 921.625 0
001 4.02517 -40.0 26196 921.625 0
101 5.65119 -35.0 26219 921.625 0
100 3.38089 -41.0 26398 921.625 0
101 5.66346 -35.0 26529 921.625 0
001 4.02517 -40.0 26543 921.625 0
100 3.34408 -41.0 26744 921.625 0
101 5.71868 -35.0 26837 921.625 0
001 4.03130 -40.0 26884 921.625 0
100 3.40544 -41.0 27089 921.625 0
101 5.62051 -35.0 27147 921.625 0
001 3.29499 -39.0 27233 922.625 0
100 2.54641 -40.0 27440 922.625 0
101 5.04986 -34.5 27450 922.625 0
001 3.28885 -39.0 27573 922.625 0
101 5.04373 -34.5 27757 922.625 0
100 2.61390 -40.0 27798 922.625 0
001 3.29499 -39.0 27908 922.625 0
101 5.04373 -34.5 28071 922.625 0
100 2.72435 -40.0 28148 922.625 0
001 3.29499 -39.0 28250 922.625 0
101 5.03759 -34.5 28382 922.625 0
100 2.59550 -40.0 28504 922.625 0
001 3.27658 -39.0 28603 922.625 0
101 5.03146 -34.5 28689 922.625 0
100 2.81639 -40.0 28856 922.625 0
001 3.25818 -39.0 28948 922.625 0
101 4.31969 -34.0 29015 923.625 0
100 1.69351 -39.0 29212 923.625 0
001 2.50959 -38.5 29293 923.625 0
101 4.27060 -34.0 29325 923.625 0
100 1.71806 -39.5 29567 923.625 0
101 4.29515 -34.0 29630 923.625 0
001 2.62618 -38.5 29640 923.625 0
100 1.73647 -39.5 29925 923.625 0
101 4.30128 -34.0 29939 923.625 0
001 2.67526 -38.5 29988 923.625 0
101 0.27612 -35.0 40080 920.625 0
001 4.57740 -39.5 40084 920.625 0
100 3.90245 -41.0 40090 920.625 0
101 0.14113 -35.5 40388 920.625 0
001 4.66944 -39.5 40430 920.625 0
100 3.87177 -41.0 40444 920.625 0
101 0.04295 -35.5 40697 920.625 0
001 4.70012 -39.5 40772 920.625 0
100 3.92699 -41.0 40804 920.625 0
101 0.19021 -35.5 41008 920.625 0
001 4.58967 -39.5 41112 920.625 0
100 3.93313 -41.5 41152 920.625 0
101 0.11658 -35.0 41321 920.625 0
001 4.66944 -39.5 41456 920.625 0
100 3.93313 -41.0 41509 920.625 0
101 0.12272 -35.0 41636 920.625 0
001 4.63876 -39.5 41811 920.625 0
100 3.90245 -41.0 41858 920.625 0
101 5.63278 -34.5 41947 921.625 0
001 3.84722 -39.0 42157 921.625 0
100 3.14773 -40.5 42206 921.625 0
101 5.63891 -35.0 42256 921.625 0
001 3.90245 -39.5 42504 921.625 0
100 3.12932 -40.0 42558 921.625 0
101 5.61437 -34.5 42572 921.625 0
001 3.82882 -39.5 42852 921.625 0
101 5.65119 -34.5 42881 921.625 0
100 3.14773 -40.5 42916 921.625 0
101 5.65119 -34.5 43196 921.625 0
001 3.85950 -39.5 43201 921.625 0
100 3.14159 -40.5 43266 921.625 0
101 5.64505 -34.5 43506 921.625 0
001 3.86563 -39.5 43538 921.625 0
100 3.10478 -40.0 43625 921.625 0
101 4.87192 -34.5 43820 922.625 0
001 3.13546 -39.0 43880 922.625 0
100 2.34392 -40.0 43974 922.625 0
101 4.86579 -34.0 44131 922.625 0
001 3.12318 -39.0 44227 922.625 0
100 2.31938 -40.0 44330 922.625 0
101 4.85352 -34.0 44442 922.625 0
001 3.16614 -39.0 44572 922.625 0
100 2.33165 -40.0 44698 922.625 0
101 4.87192 -34.5 44761 922.625 0
001 3.16000 -39.0 44920 922.625 0
100 2.36233 -40.0 45050 922.625 0
101 4.95783 -34.0 45073 922.625 0
001 3.13546 -38.5 45268 922.625 0
101 4.87192 -34.0 45385 922.625 0
100 2.35619 -39.5 45403 922.625 0
001 2.71821 -38.0 45610 923.625 0
101 4.38719 -33.5 45701 923.625 0
100 1.57080 -39.5 45757 923.625 0
001 2.42369 -38.0 45950 923.625 0
101 4.19697 -33.5 46018 923.625 0
100 1.50944 -39.5 46105 923.625 0
001 2.76117 -38.5 46309 923.625 0
101 4.17856 -33.5 46327 923.625 0
100 1.45421 -39.0 46457 923.625 0
101 4.12334 -33.5 46645 923.625 0
001 2.38074 -38.0 46669 923.625 0
100 1.50330 -39.0 46811 923.625 0
101 4.19084 -33.0 46954 923.625 0
001 2.36233 -38.0 47021 923.625 0
100 1.38672 -39.0 47160 923.625 0
101 0.21476 -35.0 47265 920.625 0
001 4.47309 -39.0 47363 920.625 0
100 3.71223 -40.5 47517 920.625 0
101 0.12885 -34.5 47575 920.625 0
001 4.49763 -39.0 47707 920.625 0
100 3.69383 -40.5 47864 920.625 0
101 0.30680 -35.0 47887 920.625 0
001 4.44854 -39.0 48064 920.625 0
101 0.03068 -34.5 48203 920.625 0
100 3.69996 -40.0 48221 920.625 0
001 4.61421 -39.0 48403 920.625 0
101 0.01841 -34.5 48514 920.625 0
100 3.69383 -40.0 48573 920.625 0
001 4.47309 -39.0 48752 920.625 0
101 0.01841 -34.5 48825 920.625 0
100 3.74291 -40.0 48924 920.625 0
001 3.69383 -38.5 49095 921.625 0
101 5.57142 -34.0 49138 921.625 0
100 2.92684 -39.5 49271 921.625 0
001 3.79814 -39.0 49439 921.625 0
101 5.54687 -34.5 49448 921.625 0
100 2.92070 -39.5 49628 921.625 0
101 5.51619 -34.0 49755 921.625 0
001 3.68769 -38.5 49784 921.625 0
100 2.92684 -40.0 49986 921.625 0
101 5.52233 -34.0 50072 921.625 0
