001 6.07456 -32.5 0 922.625 0
101 6.25251 -41.5 17 922.625 0
101 6.26478 -41.0 737 922.625 0
001 6.05002 -32.5 742 922.625 0
100 6.16660 -31.0 1402 922.625 0
101 0.01227 -41.0 1462 922.625 0
001 6.09297 -32.5 1472 922.625 0
100 5.45484 -31.0 2095 923.625 0
101 5.77390 -41.0 2185 923.625 0
001 5.68186 -32.5 2224 923.625 0
100 5.48552 -31.5 2783 923.625 0
101 5.68186 -41.0 2908 923.625 0
001 5.31985 -32.5 2945 923.625 0
100 5.82299 -31.5 3482 923.625 0
101 1.34990 -40.5 3639 920.625 0
001 1.22105 -31.5 3677 920.625 0
100 1.28854 -30.0 4175 920.625 0
101 1.33150 -40.0 4358 920.625 0
001 1.17810 -31.5 4422 920.625 0
100 1.25173 -30.0 4857 920.625 0
101 1.33763 -40.0 5079 920.625 0
001 1.19651 -31.5 5154 920.625 0
100 0.61359 -30.5 5554 921.625 0
101 0.77313 -41.0 5825 921.625 0
001 0.52769 -32.5 5890 921.625 0
100 0.61973 -30.5 6249 921.625 0
101 0.75472 -41.0 6554 921.625 0
001 0.52769 -32.5 6619 921.625 0
100 0.59518 -30.5 6959 921.625 0
101 0.12885 -41.0 7267 922.625 0
001 6.19728 -32.5 7352 922.625 0
100 0.08590 -30.5 7648 922.625 0
101 0.11045 -40.5 7983 922.625 0
001 6.00093 -32.5 8073 922.625 0
100 0.20249 -30.5 8331 922.625 0
101 0.24544 -40.0 8707 922.625 0
001 6.19728 -32.0 8797 922.625 0
100 5.92730 -31.0 9013 923.625 0
101 5.95185 -40.5 9439 923.625 0
001 5.31985 -32.5 9546 923.625 0
100 5.90889 -31.5 9702 923.625 0
100 1.27627 -30.0 20032 920.625 0
001 1.22105 -31.5 20037 920.625 0
101 1.30695 -40.5 20042 920.625 0
100 1.30695 -30.0 20730 920.625 0
001 1.23946 -31.5 20767 920.625 0
101 1.31922 -41.0 20778 920.625 0
100 1.25173 -30.0 21411 920.625 0
001 1.39899 -31.5 21502 920.625 0
101 1.33150 -41.0 21513 920.625 0
100 0.57678 -30.5 22098 921.625 0
001 0.52769 -31.5 22231 921.625 0
101 0.73017 -41.5 22242 921.625 0
100 0.52155 -30.0 22792 921.625 0
101 0.69336 -40.5 22961 921.625 0
001 0.47247 -31.5 22976 921.625 0
100 0.66268 -30.5 23491 921.625 0
101 0.33134 -40.5 23693 922.625 0
001 6.07456 -32.5 23725 922.625 0
100 6.18501 -31.0 24194 922.625 0
101 6.26478 -41.0 24413 922.625 0
001 6.06843 -32.5 24462 922.625 0
100 6.18501 -31.0 24891 922.625 0
101 6.17887 -41.0 25146 922.625 0
001 6.18501 -32.0 25189 922.625 0
100 5.62051 -31.0 25588 923.625 0
101 5.77390 -41.0 25864 923.625 0
001 5.28917 -32.5 25922 923.625 0
100 5.51006 -31.0 26292 923.625 0
101 5.93344 -41.0 26598 923.625 0
001 5.33212 -32.5 26662 923.625 0
100 5.43643 -31.0 26992 923.625 0
101 1.30695 -40.0 27319 920.625 0
001 1.21491 -31.5 27404 920.625 0
100 1.24559 -29.5 27687 920.625 0
101 1.31922 -40.0 28043 920.625 0
001 1.22105 -31.5 28141 920.625 0
100 1.21491 -29.5 28384 920.625 0
101 1.38672 -40.5 28784 920.625 0
001 1.24559 -31.5 28892 920.625 0
100 0.59518 -30.5 29088 921.625 0
101 0.71177 -41.0 29518 921.625 0
001 0.53996 -32.0 29620 921.625 0
100 0.57678 -30.5 29797 921.625 0
001 6.05616 -32.5 40064 922.625 0
101 0.19021 -41.0 40070 922.625 0
100 6.09297 -31.0 40075 922.625 0
101 0.19021 -41.0 40795 922.625 0
100 6.09911 -30.5 40800 922.625 0
001 6.14206 -32.5 40812 922.625 0
100 6.11138 -30.5 41498 922.625 0
101 0.16567 -41.0 41515 922.625 0
001 6.06843 -32.5 41553 922.625 0
100 5.46711 -31.0 42185 923.625 0
101 5.64505 -41.0 42250 923.625 0
001 5.32598 -32.5 42294 923.625 0
100 5.84753 -31.0 42884 923.625 0
101 5.79231 -40.5 42988 923.625 0
001 5.30144 -32.5 43026 923.625 0
100 5.39961 -31.5 43575 923.625 0
101 1.33763 -41.0 43704 920.625 0
001 1.24559 -31.0 43766 920.625 0
100 1.60761 -30.0 44272 920.625 0
101 1.32536 -40.5 44434 920.625 0
001 1.22105 -31.0 44496 920.625 0
100 1.34990 -30.0 44963 920.625 0
101 1.30082 -40.0 45149 920.625 0
001 1.21491 -31.0 45235 920.625 0
100 0.56450 -30.5 45646 921.625 0
001 0.53996 -32.0 45976 921.625 0
100 0.53383 -30.5 46344 921.625 0
101 0.63814 -41.0 46612 921.625 0
001 0.50315 -32.0 46731 921.625 0
100 0.54610 -31.0 47035 921.625 0
101 6.10524 -41.5 47337 922.625 0
001 6.11138 -32.5 47473 922.625 0
100 6.07456 -31.0 47732 922.625 0
101 0.18408 -40.5 48070 922.625 0
001 6.11752 -32.0 48216 922.625 0
100 6.25251 -30.5 48431 922.625 0
101 0.43565 -40.5 48801 922.625 0
001 6.05002 -32.0 48953 922.625 0
100 5.58983 -31.0 49138 923.625 0
101 5.70641 -40.5 49523 923.625 0
001 5.28917 -32.5 49684 923.625 0
100 5.90276 -31.0 49822 923.625 0
