101 4.17243 -33.5 0 922.625 0
100 5.88435 -27.5 6 922.625 0
001 5.98866 -33.5 11 922.625 0
100 5.89049 -27.5 671 922.625 0
101 4.41173 -33.0 676 922.625 0
001 5.84753 -33.5 718 922.625 0
100 5.92730 -27.5 1341 922.625 0
101 4.19697 -33.5 1357 922.625 0
001 5.74322 -33.0 1417 922.625 0
100 5.18486 -27.5 2013 923.625 0
101 3.48520 -33.5 2024 923.625 0
001 5.09282 -33.5 2109 923.625 0
100 5.13577 -28.0 2686 923.625 0
101 3.89631 -33.5 2702 923.625 0
001 5.20326 -33.0 2798 923.625 0
100 5.19099 -28.0 3347 923.625 0
101 3.52202 -33.5 3385 923.625 0
001 4.97010 -33.0 3493 923.625 0
100 1.23332 -26.5 4006 920.625 0
101 5.76163 -33.5 4059 920.625 0
001 1.01856 -33.0 4192 920.625 0
100 1.03084 -26.5 4685 920.625 0
101 6.06229 -33.5 4735 920.625 0
001 1.09219 -33.0 4902 920.625 0
100 1.03697 -26.5 5373 920.625 0
101 4.85965 -33.0 5423 921.625 0
001 0.01841 -33.0 5591 921.625 0
100 0.42951 -27.0 6047 921.625 0
101 4.85352 -33.5 6104 921.625 0
001 0.08590 -33.0 6297 921.625 0
100 0.33748 -27.0 6726 921.625 0
101 4.77375 -33.5 6784 921.625 0
001 0.10431 -33.0 7006 921.625 0
100 5.88435 -27.5 7407 922.625 0
101 4.44241 -33.0 7466 922.625 0
001 5.81686 -33.5 7716 922.625 0
100 5.80458 -27.5 8086 922.625 0
101 4.18470 -33.0 8139 922.625 0
001 5.87208 -33.0 8413 922.625 0
100 5.87208 -27.5 8754 922.625 0
101 4.24606 -33.0 8819 922.625 0
001 5.05600 -33.0 9113 923.625 0
100 5.12963 -27.5 9458 923.625 0
101 3.50975 -33.5 9496 923.625 0
001 5.01919 -33.5 9816 923.625 0
101 5.29530 -35.0 20034 920.625 0
100 1.18423 -29.0 20039 920.625 0
001 1.03084 -36.0 20044 920.625 0
101 5.45484 -37.5 20710 920.625 0
100 1.22718 -28.0 20720 920.625 0
001 1.16583 -34.5 20748 920.625 0
100 1.18423 -26.5 21390 920.625 0
101 5.71868 -36.5 21400 920.625 0
001 1.19037 -34.0 21443 920.625 0
100 0.63814 -27.5 22053 921.625 0
001 0.57678 -35.5 22129 921.625 0
100 0.99402 -31.0 22721 921.625 0
101 4.38105 -40.5 22785 921.625 0
001 0.66882 -36.5 22828 921.625 0
100 0.55223 -27.5 23400 921.625 0
101 4.78602 -35.0 23485 921.625 0
001 0.22089 -32.5 23511 921.625 0
100 5.91503 -27.0 24085 922.625 0
101 4.17856 -35.0 24148 922.625 0
001 5.84140 -33.0 24198 922.625 0
100 0.02454 -27.5 24744 922.625 0
101 4.39946 -36.0 24816 922.625 0
001 6.27091 -33.0 24893 922.625 0
100 5.26462 -27.5 25436 923.625 0
101 3.47293 -36.5 25484 923.625 0
001 5.08054 -33.5 25577 923.625 0
100 5.23394 -27.5 26098 923.625 0
101 3.87790 -36.0 26163 923.625 0
001 5.14190 -33.0 26290 923.625 0
100 5.20940 -28.0 26767 923.625 0
101 3.44839 -36.0 26864 923.625 0
001 5.07441 -33.5 26996 923.625 0
100 1.12901 -26.5 27438 920.625 0
101 5.76777 -35.5 27538 920.625 0
001 1.38058 -32.5 27688 920.625 0
100 1.14128 -26.5 28109 920.625 0
101 5.63891 -35.5 28226 920.625 0
001 1.27627 -32.5 28387 920.625 0
100 1.28241 -26.5 28760 920.625 0
101 5.92117 -35.5 28901 920.625 0
001 0.17794 -33.0 29094 921.625 0
100 0.41111 -27.0 29444 921.625 0
101 4.77988 -36.0 29591 921.625 0
001 0.15953 -33.0 29783 921.625 0
100 6.01934 -27.0 40058 922.625 0
101 4.27674 -35.5 40064 922.625 0
001 6.05002 -33.0 40069 922.625 0
001 5.89662 -33.0 40756 922.625 0
101 4.47922 -35.0 40767 922.625 0
100 5.94571 -27.0 40772 922.625 0
100 6.08684 -27.0 41427 922.625 0
101 4.25833 -35.0 41439 922.625 0
001 5.87821 -33.0 41448 922.625 0
100 5.22167 -27.5 42119 923.625 0
101 3.62019 -35.5 42125 923.625 0
001 5.11736 -33.5 42157 923.625 0
100 5.25235 -27.5 42788 923.625 0
101 3.48520 -35.5 42803 923.625 0
001 5.30144 -33.0 42852 923.625 0
100 5.22167 -27.5 43454 923.625 0
101 3.67542 -36.0 43486 923.625 0
001 5.31985 -33.0 43534 923.625 0
100 1.15355 -26.0 44126 920.625 0
101 5.74936 -35.5 44159 920.625 0
001 1.38058 -32.5 44234 920.625 0
100 1.17196 -26.0 44823 920.625 0
101 5.75550 -35.5 44839 920.625 0
001 1.04924 -32.5 44935 920.625 0
100 0.42951 -26.5 45508 921.625 0
101 4.77375 -35.5 45530 921.625 0
001 0.19021 -32.5 45630 921.625 0
100 0.42338 -26.5 46172 921.625 0
101 4.81670 -35.0 46227 921.625 0
001 0.13499 -32.5 46317 921.625 0
100 0.50315 -26.5 46848 921.625 0
101 4.73080 -35.0 46907 921.625 0
001 0.38656 -32.5 47020 921.625 0
100 5.94571 -27.0 47526 922.625 0
101 4.28287 -35.5 47595 922.625 0
001 5.85367 -32.5 47719 922.625 0
100 5.92730 -27.0 48193 922.625 0
101 4.17243 -35.5 48268 922.625 0
001 5.89662 -32.5 48414 922.625 0
100 5.95798 -27.0 48849 922.625 0
101 4.32583 -35.5 48935 922.625 0
001 5.11736 -33.0 49109 923.625 0
100 5.21553 -27.5 49534 923.625 0
101 3.46066 -36.0 49607 923.625 0
001 5.49165 -33.0 49823 923.625 0
