100 2.17825 -22.0 0 920.625 0
101 0.33134 -28.5 6 920.625 0
001 2.40528 -29.5 11 920.625 0
100 2.17825 -22.0 574 920.625 0
101 0.24544 -28.5 586 920.625 0
001 2.40528 -29.0 612 920.625 0
100 2.18439 -22.0 1164 920.625 0
101 0.29452 -28.5 1173 920.625 0
001 2.39915 -29.0 1216 920.625 0
100 2.18439 -22.0 1748 920.625 0
101 0.30680 -28.5 1765 920.625 0
001 1.62602 -29.0 1824 921.625 0
100 1.50330 -22.0 2331 921.625 0
101 5.91503 -28.5 2347 921.625 0
001 1.50944 -29.0 2428 921.625 0
100 1.52784 -22.0 2904 921.625 0
101 5.89662 -28.5 2936 921.625 0
001 1.58307 -29.5 3048 921.625 0
100 1.53398 -22.0 3476 921.625 0
101 5.86594 -28.5 3509 921.625 0
001 1.07992 -28.5 3649 922.625 0
100 0.99402 -22.5 4059 922.625 0
101 5.09895 -28.5 4102 922.625 0
001 0.98175 -29.0 4248 922.625 0
100 0.92039 -22.0 4631 922.625 0
101 5.11122 -28.5 4674 922.625 0
001 1.17196 -29.0 4861 922.625 0
100 1.18423 -22.5 5211 922.625 0
101 5.09895 -28.5 5266 922.625 0
001 0.19021 -29.0 5471 923.625 0
100 0.50928 -22.0 5788 923.625 0
101 4.41173 -29.0 5853 923.625 0
001 0.38043 -29.0 6092 923.625 0
100 0.18408 -22.0 6364 923.625 0
101 4.39946 -28.5 6445 923.625 0
001 0.42951 -29.0 6690 923.625 0
100 0.22089 -22.5 6951 923.625 0
101 4.40559 -28.5 7017 923.625 0
001 2.36847 -29.5 7312 920.625 0
100 2.22120 -22.0 7524 920.625 0
101 0.53383 -28.5 7598 920.625 0
001 2.38687 -29.5 7922 920.625 0
100 2.20893 -22.0 8108 920.625 0
101 0.34361 -29.0 8190 920.625 0
001 2.36233 -29.5 8531 920.625 0
100 2.22734 -22.5 8681 920.625 0
101 0.45406 -28.5 8766 920.625 0
001 1.60761 -29.0 9129 921.625 0
100 1.54625 -22.5 9258 921.625 0
101 5.87208 -28.5 9343 921.625 0
001 1.60761 -29.5 9731 921.625 0
100 1.54625 -22.5 9832 921.625 0
101 5.93957 -28.5 9930 921.625 0
100 1.14128 -22.5 20033 922.625 0
001 1.16583 -29.0 20039 922.625 0
101 5.23394 -28.5 20044 922.625 0
100 1.07379 -22.0 20599 922.625 0
101 5.20940 -28.0 20638 922.625 0
001 1.26400 -29.0 20648 922.625 0
100 1.28854 -22.0 21184 922.625 0
101 5.21553 -28.5 21223 922.625 0
001 0.95107 -29.5 21250 922.625 0
100 1.07379 -22.5 21751 922.625 0
101 5.20326 -28.0 21809 922.625 0
001 0.04295 -28.5 21860 923.625 0
100 0.12272 -22.0 22328 923.625 0
101 4.48536 -28.0 22393 923.625 0
001 0.09204 -28.5 22463 923.625 0
100 0.08590 -22.5 22910 923.625 0
101 4.50990 -28.5 22978 923.625 0
001 0.05522 -28.5 23080 923.625 0
100 0.16567 -22.0 23496 923.625 0
101 4.52831 -28.5 23566 923.625 0
001 2.39301 -29.0 23682 920.625 0
100 2.28870 -22.5 24072 920.625 0
101 0.30680 -28.5 24157 920.625 0
001 2.35006 -29.5 24322 920.625 0
100 2.33165 -22.5 24651 920.625 0
101 0.41111 -28.5 24747 920.625 0
001 2.41142 -29.0 24923 920.625 0
100 2.30097 -22.5 25230 920.625 0
101 0.39270 -28.5 25321 920.625 0
001 1.58920 -28.5 25527 921.625 0
100 1.58920 -22.5 25808 921.625 0
101 5.98253 -28.5 25912 921.625 0
001 1.63216 -29.0 26133 921.625 0
100 1.58920 -22.5 26389 921.625 0
101 5.96412 -28.0 26500 921.625 0
001 1.59534 -28.5 26758 921.625 0
100 1.58307 -22.5 26956 921.625 0
101 6.11752 -28.0 27082 921.625 0
001 1.00629 -28.5 27361 922.625 0
100 1.02470 -22.0 27550 922.625 0
101 5.24621 -28.5 27670 922.625 0
001 1.00629 -28.0 27960 922.625 0
100 1.06765 -22.0 28133 922.625 0
101 5.36280 -28.5 28262 922.625 0
001 1.11674 -28.5 28594 922.625 0
100 1.15355 -22.0 28706 922.625 0
101 5.22167 -28.0 28833 922.625 0
001 0.04909 -28.5 29208 923.625 0
100 0.05522 -22.0 29315 923.625 0
101 4.51604 -28.5 29413 923.625 0
001 0.04295 -29.0 29819 923.625 0
100 0.13499 -22.0 29909 923.625 0
101 4.61421 -28.5 30001 923.625 0
001 2.41755 -30.0 40062 920.625 0
100 2.33165 -23.0 40067 920.625 0
101 0.55223 -29.0 40072 920.625 0
100 2.34392 -23.0 40644 920.625 0
101 0.47247 -28.5 40665 920.625 0
001 2.35619 -29.5 40670 920.625 0
100 2.33779 -22.5 41212 920.625 0
101 0.51542 -28.5 41264 920.625 0
001 2.41755 -29.5 41280 920.625 0
100 2.30711 -23.0 41782 920.625 0
101 0.51542 -29.0 41840 920.625 0
001 1.58920 -29.0 41877 921.625 0
100 1.60761 -22.5 42364 921.625 0
101 6.03161 -28.5 42435 921.625 0
001 1.59534 -29.0 42473 921.625 0
100 1.64443 -22.5 42943 921.625 0
101 6.05002 -29.0 43033 921.625 0
001 1.57080 -29.0 43080 921.625 0
100 1.57080 -22.5 43521 921.625 0
101 6.08070 -28.5 43624 921.625 0
001 1.15969 -28.5 43680 922.625 0
100 1.19651 -22.5 44112 922.625 0
101 5.31371 -28.5 44212 922.625 0
001 1.09833 -28.5 44288 922.625 0
100 1.08606 -22.5 44685 922.625 0
101 5.35666 -28.5 44801 922.625 0
001 1.00016 -28.5 44889 922.625 0
100 1.06765 -22.5 45259 922.625 0
101 5.33212 -28.5 45394 922.625 0
001 0.09204 -28.5 45517 923.625 0
100 0.10431 -22.5 45829 923.625 0
101 4.63262 -28.5 45988 923.625 0
001 0.07363 -28.5 46128 923.625 0
100 0.23317 -22.5 46414 923.625 0
101 4.62649 -28.5 46576 923.625 0
001 0.09204 -28.5 46732 923.625 0
100 0.11045 -22.5 46994 923.625 0
101 4.65717 -28.5 47164 923.625 0
001 2.33165 -29.0 47349 920.625 0
100 2.33779 -23.0 47579 920.625 0
101 0.54610 -28.5 47745 920.625 0
001 2.27643 -29.0 47981 920.625 0
100 2.31938 -23.0 48160 920.625 0
101 0.48474 -28.5 48331 920.625 0
001 2.31324 -29.5 48592 920.625 0
100 2.30711 -23.0 48729 920.625 0
101 0.63200 -29.0 48921 920.625 0
001 1.53398 -29.0 49194 921.625 0
100 1.60761 -23.0 49303 921.625 0
101 6.07456 -28.5 49507 921.625 0
001 1.50330 -29.0 49814 921.625 0
100 1.60761 -23.0 49884 921.625 0
