001 1.25173 -27.0 0 922.625 0
100 1.23946 -22.0 5 922.625 0
101 5.46711 -30.5 10 922.625 0
100 1.04311 -22.5 564 922.625 0
001 1.25786 -27.0 586 922.625 0
101 5.70641 -30.0 591 922.625 0
100 1.12287 -22.0 1133 922.625 0
101 5.62051 -30.5 1172 922.625 0
001 1.26400 -27.5 1181 922.625 0
100 1.39899 -22.5 1698 922.625 0
101 5.47324 -30.0 1757 922.625 0
001 1.26400 -27.5 1778 922.625 0
100 0.39884 -22.5 2273 923.625 0
101 4.71239 -30.5 2332 923.625 0
001 0.49087 -27.0 2375 923.625 0
100 0.17794 -22.5 2850 923.625 0
101 4.71239 -30.5 2914 923.625 0
001 0.45406 -27.5 2978 923.625 0
100 0.17181 -22.5 3406 923.625 0
101 4.70625 -30.0 3498 923.625 0
001 0.49087 -27.5 3573 923.625 0
100 2.36847 -23.0 3978 920.625 0
101 0.50315 -30.0 4074 920.625 0
001 2.81639 -29.0 4166 920.625 0
100 2.38687 -23.0 4540 920.625 0
101 0.45406 -30.0 4662 920.625 0
001 2.73662 -28.5 4767 920.625 0
100 2.34392 -23.0 5106 920.625 0
101 0.50928 -30.0 5251 920.625 0
001 2.74276 -29.0 5373 920.625 0
100 1.54012 -23.0 5683 921.625 0
101 6.09911 -30.0 5833 921.625 0
001 1.95736 -28.0 5971 921.625 0
100 1.68124 -22.5 6256 921.625 0
101 6.14819 -30.0 6416 921.625 0
001 1.96963 -28.0 6576 921.625 0
100 1.65670 -22.5 6817 921.625 0
101 6.08684 -30.0 6998 921.625 0
001 1.91441 -28.5 7175 921.625 0
100 1.02470 -22.0 7386 922.625 0
101 5.46097 -30.0 7573 922.625 0
001 1.23332 -27.5 7780 922.625 0
100 1.39285 -22.5 7958 922.625 0
101 5.43643 -30.0 8156 922.625 0
001 1.25173 -27.5 8386 922.625 0
100 1.22105 -22.0 8527 922.625 0
101 5.64505 -30.0 8733 922.625 0
001 0.48474 -27.5 8990 923.625 0
100 0.09817 -22.0 9097 923.625 0
101 4.72466 -30.0 9316 923.625 0
001 0.43565 -27.0 9578 923.625 0
100 0.39884 -22.0 9681 923.625 0
101 4.69398 -30.0 9887 923.625 0
100 2.38074 -22.5 20044 920.625 0
001 2.74889 -28.0 20049 920.625 0
101 0.45406 -30.0 20054 920.625 0
100 2.38074 -22.5 20611 920.625 0
101 0.49087 -30.0 20628 920.625 0
001 2.74889 -28.5 20637 920.625 0
100 2.35619 -22.5 21175 920.625 0
101 0.49087 -30.0 21203 920.625 0
001 2.69981 -28.0 21235 920.625 0
100 2.37460 -22.5 21740 920.625 0
101 0.52155 -29.5 21783 920.625 0
001 2.02485 -28.0 21840 921.625 0
100 1.64443 -22.5 22320 921.625 0
101 6.09911 -30.0 22363 921.625 0
001 2.01872 -28.0 22454 921.625 0
100 1.61988 -22.5 22879 921.625 0
101 6.09911 -30.0 22933 921.625 0
001 2.08008 -28.0 23044 921.625 0
100 1.66284 -22.5 23443 921.625 0
101 6.09911 -30.0 23508 921.625 0
001 1.19651 -27.5 23642 922.625 0
100 1.10447 -22.0 24009 922.625 0
101 5.39348 -30.0 24096 922.625 0
001 1.19651 -27.0 24234 922.625 0
100 1.12287 -22.0 24580 922.625 0
101 5.54687 -30.0 24672 922.625 0
001 1.19651 -27.5 24827 922.625 0
100 1.07992 -22.5 25154 922.625 0
101 5.66959 -30.0 25246 922.625 0
001 0.44179 -27.0 25436 923.625 0
100 0.02454 -22.0 25736 923.625 0
101 4.69398 -30.0 25822 923.625 0
001 0.41111 -27.0 26036 923.625 0
100 0.09204 -22.0 26292 923.625 0
101 4.67557 -30.0 26403 923.625 0
001 0.39884 -27.0 26624 923.625 0
100 0.22703 -22.0 26847 923.625 0
101 4.69398 -30.0 26982 923.625 0
001 2.79798 -28.5 27229 920.625 0
100 2.32551 -23.0 27411 920.625 0
101 0.47247 -30.0 27564 920.625 0
001 2.69981 -28.0 27820 920.625 0
100 2.33779 -23.0 27977 920.625 0
101 0.49087 -30.0 28133 920.625 0
001 2.69367 -28.5 28405 920.625 0
100 2.35006 -22.5 28539 920.625 0
101 0.45406 -30.0 28703 920.625 0
001 2.00031 -28.5 29028 921.625 0
100 1.56466 -22.0 29099 921.625 0
101 6.14819 -30.5 29292 921.625 0
001 1.96350 -28.5 29624 921.625 0
100 1.63216 -23.0 29662 921.625 0
101 6.07456 -30.0 29875 921.625 0
100 1.28854 -22.5 40094 922.625 0
101 5.45484 -30.0 40100 922.625 0
001 1.19651 -27.5 40105 922.625 0
100 1.06765 -22.5 40666 922.625 0
101 5.43029 -30.0 40675 922.625 0
001 1.20878 -27.5 40697 922.625 0
100 1.08606 -22.5 41240 922.625 0
101 5.45484 -30.0 41250 922.625 0
001 1.22105 -27.5 41293 922.625 0
100 1.09833 -22.5 41801 922.625 0
101 5.46711 -30.0 41818 922.625 0
001 0.43565 -27.5 41895 923.625 0
100 0.22703 -22.5 42379 923.625 0
101 4.71239 -30.0 42406 923.625 0
001 0.42951 -27.0 42489 923.625 0
100 0.11045 -22.5 42948 923.625 0
101 4.68171 -30.5 42985 923.625 0
001 0.42951 -27.5 43081 923.625 0
100 0.14726 -22.5 43504 923.625 0
101 4.68785 -30.5 43558 923.625 0
001 2.74889 -28.5 43683 920.625 0
100 2.34392 -23.0 44077 920.625 0
101 0.50315 -30.0 44151 920.625 0
001 2.52186 -28.5 44284 920.625 0
100 2.31324 -23.0 44633 920.625 0
101 0.49087 -30.0 44728 920.625 0
001 2.84093 -28.5 44883 920.625 0
100 2.31324 -23.0 45194 920.625 0
101 0.49701 -30.0 45299 920.625 0
001 1.95122 -28.0 45482 921.625 0
100 1.57080 -22.5 45766 921.625 0
101 6.08070 -30.0 45872 921.625 0
001 1.96963 -28.0 46101 921.625 0
100 1.60761 -22.5 46348 921.625 0
101 6.08684 -30.0 46442 921.625 0
001 2.01258 -27.5 46699 921.625 0
100 1.67511 -22.5 46914 921.625 0
101 6.08684 -30.0 47026 921.625 0
001 1.22105 -27.5 47304 922.625 0
100 1.24559 -22.5 47479 922.625 0
101 5.79845 -30.0 47598 922.625 0
001 1.17196 -27.5 47895 922.625 0
100 1.10447 -22.5 48051 922.625 0
101 5.53460 -30.0 48164 922.625 0
001 1.21491 -27.5 48489 922.625 0
100 1.03084 -22.5 48618 922.625 0
101 5.58369 -30.0 48747 922.625 0
001 0.40497 -27.5 49100 923.625 0
100 0.45406 -22.5 49176 923.625 0
101 4.89033 -30.0 49336 923.625 0
001 0.40497 -27.5 49692 923.625 0
100 0.53996 -22.5 49739 923.625 0
101 4.93328 -30.0 49914 923.625 0
