101 1.15355 -25.5 0 920.625 0
100 2.33165 -33.5 9 920.625 0
001 5.95185 -36.5 14 920.625 0
101 1.14742 -25.0 497 920.625 0
100 2.17212 -33.5 512 920.625 0
001 5.83526 -37.0 541 920.625 0
101 1.23332 -25.0 988 920.625 0
100 2.16598 -33.5 1023 920.625 0
001 5.83526 -37.0 1067 920.625 0
101 1.20264 -25.5 1490 920.625 0
100 2.16598 -33.5 1523 920.625 0
001 5.95798 -35.5 1599 920.625 0
101 0.38043 -26.0 1980 921.625 0
100 1.52171 -34.5 2033 921.625 0
001 5.05600 -36.5 2137 921.625 0
101 0.41724 -26.0 2471 921.625 0
100 1.51557 -34.5 2541 921.625 0
001 5.04986 -35.5 2676 921.625 0
101 0.33134 -25.5 2968 921.625 0
100 1.52171 -34.5 3040 921.625 0
001 5.03146 -35.5 3211 921.625 0
101 0.38043 -26.0 3464 921.625 0
100 1.52171 -34.5 3539 921.625 0
001 4.14788 -36.0 3754 922.625 0
101 5.89049 -26.0 3973 922.625 0
100 0.86517 -35.5 4032 922.625 0
001 4.12948 -36.0 4285 922.625 0
101 5.92730 -26.0 4466 922.625 0
100 0.83449 -35.5 4532 922.625 0
001 4.10493 -36.0 4819 922.625 0
101 5.92117 -26.0 4970 922.625 0
100 0.82835 -35.5 5035 922.625 0
001 4.07425 -36.0 5350 922.625 0
101 5.11736 -26.5 5466 923.625 0
100 0.07977 -36.5 5542 923.625 0
001 3.25204 -36.5 5898 923.625 0
101 5.12963 -26.5 5968 923.625 0
100 0.11045 -36.5 6055 923.625 0
001 3.21522 -36.5 6430 923.625 0
101 5.15418 -26.5 6457 923.625 0
100 0.12885 -36.0 6548 923.625 0
101 5.11736 -26.5 6947 923.625 0
001 3.23363 -38.5 6963 923.625 0
100 0.44792 -37.0 7050 923.625 0
101 1.20264 -26.0 7443 920.625 0
001 5.54074 -39.0 7498 920.625 0
100 2.34392 -34.5 7548 920.625 0
101 1.19037 -25.5 7936 920.625 0
001 5.49779 -38.5 8026 920.625 0
100 2.33779 -35.0 8048 920.625 0
101 1.23946 -25.5 8426 920.625 0
001 5.47324 -38.0 8548 920.625 0
100 2.30097 -35.0 8558 920.625 0
101 1.22105 -25.5 8919 920.625 0
100 1.62602 -36.0 9056 921.625 0
001 4.41173 -38.0 9073 921.625 0
101 0.45406 -25.5 9406 921.625 0
100 1.59534 -36.0 9575 921.625 0
001 4.47309 -38.5 9603 921.625 0
101 0.44792 -25.5 9895 921.625 0
101 5.92117 -26.5 20037 922.625 0
001 3.76132 -38.5 20042 922.625 0
100 1.12287 -36.0 20047 922.625 0
101 5.87821 -26.5 20533 922.625 0
100 1.03697 -36.0 20550 922.625 0
001 3.85950 -38.5 20571 922.625 0
101 5.88435 -26.5 21044 922.625 0
100 1.09219 -36.0 21055 922.625 0
001 4.04357 -38.5 21109 922.625 0
101 5.90889 -26.5 21539 922.625 0
100 1.11060 -36.5 21568 922.625 0
001 4.12334 -38.5 21628 922.625 0
101 5.14190 -27.0 22042 923.625 0
100 0.43565 -37.0 22087 923.625 0
001 2.94524 -38.0 22147 923.625 0
101 5.09895 -26.5 22538 923.625 0
100 0.38043 -37.0 22600 923.625 0
001 3.01274 -38.0 22671 923.625 0
101 5.09282 -26.5 23035 923.625 0
100 0.41111 -37.0 23101 923.625 0
001 2.93297 -38.5 23193 923.625 0
101 5.09282 -26.5 23548 923.625 0
100 0.45406 -37.0 23607 923.625 0
001 5.51619 -38.5 23722 920.625 0
101 1.09833 -25.5 24045 920.625 0
100 2.31938 -35.0 24124 920.625 0
001 5.50392 -39.0 24257 920.625 0
101 1.17196 -25.5 24544 920.625 0
100 2.33779 -35.5 24622 920.625 0
001 5.39348 -39.0 24783 920.625 0
101 0.92039 -25.5 25048 920.625 0
100 2.31324 -35.5 25128 920.625 0
001 5.49165 -39.0 25312 920.625 0
101 0.36202 -26.0 25546 921.625 0
100 1.64443 -35.5 25641 921.625 0
001 4.68785 -39.5 25845 921.625 0
101 0.42338 -26.0 26047 921.625 0
100 1.68124 -36.0 26159 921.625 0
001 4.62649 -39.5 26365 921.625 0
101 0.38043 -25.5 26555 921.625 0
100 1.69965 -35.5 26670 921.625 0
001 4.62035 -39.5 26896 921.625 0
101 0.41724 -26.0 27057 921.625 0
100 1.68738 -35.5 27180 921.625 0
001 3.79814 -38.5 27422 922.625 0
101 5.85981 -26.5 27555 922.625 0
100 1.17810 -36.0 27681 922.625 0
001 3.95767 -39.0 27951 922.625 0
101 5.86594 -26.5 28053 922.625 0
100 1.15969 -36.0 28191 922.625 0
001 3.71837 -38.5 28472 922.625 0
101 5.87208 -26.5 28554 922.625 0
100 1.15969 -36.0 28688 922.625 0
001 3.73064 -38.5 28995 922.625 0
101 5.08668 -26.5 29065 923.625 0
100 0.46633 -37.0 29198 923.625 0
001 2.93911 -38.5 29519 923.625 0
101 5.01305 -26.5 29584 923.625 0
100 0.38656 -37.0 29702 923.625 0
100 2.33165 -35.0 40071 920.625 0
101 1.01856 -25.5 40076 920.625 0
001 5.53460 -38.5 40081 920.625 0
101 1.10447 -25.5 40587 920.625 0
100 2.33165 -34.5 40598 920.625 0
001 5.51619 -38.5 40608 920.625 0
101 0.87744 -26.0 41091 920.625 0
100 2.35006 -35.0 41111 920.625 0
001 5.50392 -38.5 41149 920.625 0
101 0.93880 -26.0 41585 920.625 0
100 2.34392 -34.5 41623 920.625 0
001 5.46711 -39.0 41689 920.625 0
101 0.34361 -26.0 42093 921.625 0
100 1.58307 -35.0 42130 921.625 0
001 4.66330 -38.5 42213 921.625 0
101 0.33134 -26.0 42592 921.625 0
100 1.58307 -35.0 42634 921.625 0
001 4.58967 -39.0 42748 921.625 0
101 0.42338 -26.0 43094 921.625 0
100 1.59534 -35.0 43137 921.625 0
001 4.50990 -38.5 43273 921.625 0
101 0.33748 -26.0 43593 921.625 0
100 1.63829 -35.0 43642 921.625 0
001 3.75518 -38.5 43805 922.625 0
101 5.92730 -26.5 44099 922.625 0
100 1.22718 -35.5 44149 922.625 0
001 3.89631 -38.5 44336 922.625 0
101 5.89662 -26.5 44593 922.625 0
100 1.07379 -35.5 44652 922.625 0
001 3.64474 -38.5 44859 922.625 0
101 5.88435 -26.5 45080 922.625 0
100 1.24559 -36.0 45151 922.625 0
001 3.63860 -39.0 45391 922.625 0
101 5.07441 -26.5 45589 923.625 0
100 0.41724 -37.0 45652 923.625 0
001 2.98819 -38.5 45918 923.625 0
101 5.12963 -26.5 46089 923.625 0
100 0.46633 -37.0 46159 923.625 0
001 2.80412 -38.5 46447 923.625 0
101 5.09895 -26.5 46586 923.625 0
100 0.44792 -36.5 46664 923.625 0
001 2.89616 -38.5 46988 923.625 0
101 5.07441 -26.5 47078 923.625 0
100 0.46633 -37.0 47174 923.625 0
001 5.50392 -39.0 47509 920.625 0
101 1.23332 -25.5 47580 920.625 0
100 2.55868 -35.0 47681 920.625 0
001 5.77390 -39.0 48047 920.625 0
101 1.04924 -25.5 48092 920.625 0
100 2.63845 -35.0 48178 920.625 0
001 5.68186 -38.5 48574 920.625 0
101 1.14742 -25.5 48595 920.625 0
100 2.36847 -35.0 48685 920.625 0
101 0.29452 -26.0 49098 921.625 0
001 4.65717 -38.5 49114 921.625 0
100 1.65056 -35.5 49188 921.625 0
101 0.22089 -26.0 49602 921.625 0
001 4.66330 -38.5 49648 921.625 0
100 1.59534 -35.5 49696 921.625 0
