100 0.65041 -38.5 0 922.625 0
001 5.54687 -46.0 5 922.625 0
001 5.58983 -46.0 763 922.625 0
100 0.35588 -38.5 786 922.625 0
001 5.51006 -46.0 1512 922.625 0
100 0.26384 -37.5 1553 922.625 0
001 4.84124 -46.5 2280 923.625 0
100 5.82299 -38.0 2325 923.625 0
001 4.82284 -47.0 3035 923.625 0
100 5.85367 -38.0 3110 923.625 0
001 0.60746 -45.0 3785 920.625 0
100 2.17212 -37.0 3885 920.625 0
001 0.60746 -45.0 4532 920.625 0
100 1.73033 -37.5 4661 920.625 0
001 0.58905 -45.0 5284 920.625 0
100 0.78540 -38.0 5438 921.625 0
001 0.01227 -46.0 6034 921.625 0
100 0.74245 -38.0 6216 921.625 0
001 6.03775 -46.0 6784 921.625 0
100 0.76699 -38.0 6989 921.625 0
001 5.46711 -47.0 7541 922.625 0
100 0.04295 -38.0 7760 922.625 0
001 5.72482 -47.0 8303 922.625 0
100 0.07977 -38.0 8532 922.625 0
001 4.69398 -48.5 9059 923.625 0
100 5.81072 -38.5 9306 923.625 0
001 4.68171 -48.5 9815 923.625 0
001 0.46633 -47.0 20023 920.625 0
100 2.03099 -37.0 20028 920.625 0
001 0.47247 -47.0 20774 920.625 0
100 1.71806 -37.0 20800 920.625 0
001 0.40497 -47.0 21544 920.625 0
100 1.79783 -37.0 21562 920.625 0
001 6.07456 -48.0 22323 921.625 0
100 0.80381 -37.5 22342 921.625 0
001 6.06229 -48.5 23080 921.625 0
100 0.80994 -37.5 23112 921.625 0
001 5.64505 -49.5 23856 922.625 0
100 0.12272 -37.5 23884 922.625 0
001 5.81686 -49.5 24609 922.625 0
100 0.09817 -37.5 24645 922.625 0
001 5.61437 -50.0 25362 922.625 0
100 5.84140 -37.5 25421 923.625 0
001 4.72466 -51.0 26126 923.625 0
100 6.01320 -37.5 26189 923.625 0
001 4.73693 -51.0 26884 923.625 0
100 5.76777 -37.5 26956 923.625 0
001 0.53996 -48.0 27658 920.625 0
100 1.41740 -36.5 27729 920.625 0
001 0.45406 -47.5 28428 920.625 0
100 1.61375 -36.5 28501 920.625 0
001 6.03161 -49.0 29198 921.625 0
100 0.74245 -38.0 29282 921.625 0
001 6.04388 -49.0 29952 921.625 0
001 5.78004 -51.5 40070 922.625 0
100 0.03682 -37.5 40075 922.625 0
100 0.07977 -37.5 40839 922.625 0
001 5.70641 -51.5 40849 922.625 0
100 0.08590 -37.5 41609 922.625 0
001 5.65732 -52.0 41618 922.625 0
100 5.79231 -37.5 42379 923.625 0
001 4.81056 -52.0 42390 923.625 0
001 5.04373 -52.0 43146 923.625 0
100 5.81686 -37.5 43156 923.625 0
001 0.57678 -50.0 43905 920.625 0
100 1.48489 -36.5 43926 920.625 0
001 0.55223 -49.0 44663 920.625 0
100 1.63216 -36.0 44708 920.625 0
001 0.58291 -49.5 45415 920.625 0
100 0.77313 -37.0 45473 921.625 0
001 6.26478 -50.5 46171 921.625 0
100 0.78540 -37.0 46233 921.625 0
001 0.13499 -50.5 46935 921.625 0
100 0.78540 -37.0 47003 921.625 0
001 5.86594 -51.5 47694 922.625 0
100 0.08590 -37.0 47781 922.625 0
001 5.90889 -52.0 48465 922.625 0
100 0.10431 -37.0 48549 922.625 0
001 5.07441 -52.5 49220 923.625 0
100 5.51006 -37.0 49315 923.625 0
