100 3.90245 -35.0 0 920.625 0
001 2.36233 -45.5 5 920.625 0
001 2.81639 -45.0 690 920.625 0
100 3.92699 -34.5 704 920.625 0
001 2.67526 -45.0 1378 920.625 0
100 4.17243 -34.5 1398 920.625 0
001 1.67511 -44.5 2077 921.625 0
100 3.14159 -35.0 2091 921.625 0
001 1.63829 -44.5 2778 921.625 0
100 3.13546 -35.0 2797 921.625 0
001 1.67511 -44.0 3475 921.625 0
100 3.11705 -35.0 3507 921.625 0
001 1.04924 -43.5 4169 922.625 0
100 2.66299 -34.5 4207 922.625 0
001 1.04924 -43.5 4850 922.625 0
100 2.84707 -34.5 4903 922.625 0
001 0.09817 -43.0 5547 923.625 0
100 1.68124 -34.0 5606 923.625 0
001 0.17794 -43.0 6237 923.625 0
100 1.62602 -34.0 6303 923.625 0
001 0.15340 -43.0 6925 923.625 0
100 1.66897 -34.0 7007 923.625 0
001 2.52800 -45.0 7615 920.625 0
100 4.11720 -34.5 7697 920.625 0
001 2.74889 -45.5 8304 920.625 0
100 4.09266 -34.5 8387 920.625 0
001 1.68738 -44.5 8988 921.625 0
100 3.11705 -35.0 9086 921.625 0
001 1.66897 -44.0 9671 921.625 0
100 3.09864 -35.0 9772 921.625 0
100 2.58936 -34.5 20027 922.625 0
001 1.32536 -43.5 20033 922.625 0
100 2.49732 -34.5 20703 922.625 0
001 1.10447 -43.0 20717 922.625 0
100 2.70594 -35.0 21401 922.625 0
001 1.15355 -42.5 21406 922.625 0
001 0.48474 -40.0 22088 923.625 0
100 1.61988 -35.5 22093 923.625 0
001 0.57678 -40.0 22776 923.625 0
100 1.54625 -36.0 22785 923.625 0
001 1.07379 -51.0 23459 923.625 0
100 1.20264 -35.0 23482 923.625 0
100 2.48505 -34.0 24179 920.625 0
001 0.20249 -49.5 24391 920.625 0
100 1.96350 -37.5 24880 920.625 0
001 4.46695 -49.0 25088 920.625 0
100 1.60761 -38.0 25579 921.625 0
001 3.30726 -47.0 25771 921.625 0
100 1.59534 -38.0 26275 921.625 0
001 3.27045 -45.5 26446 921.625 0
100 1.21491 -39.0 26976 921.625 0
001 3.27045 -45.0 27129 921.625 0
100 0.51542 -39.0 27681 922.625 0
001 2.78571 -46.5 27829 922.625 0
100 0.50315 -39.0 28377 922.625 0
001 2.81025 -47.0 28510 922.625 0
100 6.21569 -39.0 29081 923.625 0
001 2.14757 -48.5 29221 923.625 0
100 6.12979 -39.0 29785 923.625 0
001 2.11689 -49.0 29908 923.625 0
001 2.19666 -39.0 40058 920.625 0
100 3.26431 -40.5 40063 920.625 0
101 5.36893 -47.5 40068 920.625 0
001 1.93282 -38.5 40742 920.625 0
100 3.51588 -39.5 40760 920.625 0
101 5.16645 -48.0 40774 920.625 0
001 1.79169 -37.0 41422 920.625 0
100 3.75518 -38.0 41468 920.625 0
101 5.15418 -47.5 41477 920.625 0
001 0.47247 -39.0 42098 921.625 0
100 2.91456 -36.5 42165 921.625 0
101 3.67542 -50.5 42292 921.625 0
001 0.63814 -41.5 42799 921.625 0
100 3.01274 -35.5 42862 921.625 0
101 3.64474 -46.5 42994 921.625 0
001 0.85903 -42.0 43498 921.625 0
100 3.06796 -35.0 43568 921.625 0
101 2.82866 -47.5 43697 922.625 0
001 0.22089 -41.5 44188 922.625 0
100 2.12303 -36.0 44267 922.625 0
101 2.92070 -47.5 44396 922.625 0
001 0.33134 -42.0 44891 922.625 0
100 2.17212 -35.5 44967 922.625 0
101 2.90843 -47.0 45095 922.625 0
001 5.74322 -41.5 45576 923.625 0
101 2.14144 -48.0 45797 923.625 0
001 6.26478 -40.0 46269 923.625 0
101 2.49118 -51.0 46503 923.625 0
001 6.25864 -40.5 46948 923.625 0
100 1.39899 -35.5 47058 923.625 0
101 2.58322 -50.5 47206 923.625 0
001 1.57080 -45.0 47649 920.625 0
100 3.64474 -33.5 47756 920.625 0
101 4.31969 -46.0 47894 920.625 0
001 1.50944 -43.5 48352 920.625 0
100 3.65087 -34.0 48472 920.625 0
101 4.70625 -46.0 48596 920.625 0
001 1.31309 -43.5 49053 921.625 0
100 3.17227 -34.0 49172 921.625 0
101 3.77359 -47.0 49292 921.625 0
001 1.34990 -42.0 49727 921.625 0
100 2.90843 -33.5 49869 921.625 0
101 3.96381 -48.0 49993 921.625 0
