101 0.84676 -38.5 0 922.625 0
001 2.35619 -38.5 5 922.625 0
100 3.57111 -44.0 10 922.625 0
101 0.81608 -38.5 506 922.625 0
100 3.57724 -44.0 524 922.625 0
001 2.34392 -38.5 529 922.625 0
101 0.82835 -38.5 1020 922.625 0
100 3.60792 -44.0 1029 922.625 0
001 2.33779 -38.5 1044 922.625 0
101 0.80994 -38.5 1533 922.625 0
100 3.55884 -43.5 1543 922.625 0
001 2.33779 -38.5 1553 922.625 0
101 0.42338 -37.5 2038 923.625 0
001 1.89600 -38.5 2059 923.625 0
100 2.98819 -44.5 2064 923.625 0
101 0.07363 -37.5 2546 923.625 0
001 1.98190 -38.5 2555 923.625 0
100 3.47293 -44.5 2582 923.625 0
001 2.03099 -38.5 3051 923.625 0
101 0.14726 -37.5 3061 923.625 0
100 3.43612 -44.0 3096 923.625 0
001 1.86532 -38.5 3555 923.625 0
101 0.06750 -37.5 3573 923.625 0
100 4.66944 -43.5 3613 920.625 0
001 3.72451 -37.5 4048 920.625 0
101 2.54641 -39.5 4084 920.625 0
100 4.68171 -43.5 4134 920.625 0
001 3.70610 -38.0 4554 920.625 0
101 2.36233 -39.5 4607 920.625 0
100 4.67557 -44.0 4653 920.625 0
001 3.71223 -37.5 5059 920.625 0
101 2.63845 -39.5 5118 920.625 0
100 4.65717 -44.0 5166 920.625 0
001 3.00660 -38.0 5555 921.625 0
101 1.54625 -38.5 5639 921.625 0
100 4.23379 -43.5 5680 921.625 0
001 2.96979 -38.0 6054 921.625 0
101 1.55239 -38.5 6147 921.625 0
100 4.50990 -44.0 6202 921.625 0
001 3.00660 -38.0 6575 921.625 0
101 1.52784 -38.5 6657 921.625 0
100 4.18470 -43.5 6711 921.625 0
001 2.98819 -38.0 7076 921.625 0
101 0.77926 -38.5 7192 922.625 0
100 3.54656 -43.5 7220 922.625 0
001 2.32551 -38.5 7587 922.625 0
101 0.76699 -38.0 7703 922.625 0
100 3.55884 -43.5 7743 922.625 0
001 2.33779 -38.5 8086 922.625 0
101 0.79767 -38.0 8215 922.625 0
100 3.59565 -43.5 8265 922.625 0
001 2.34392 -38.0 8585 922.625 0
101 0.79153 -38.0 8737 922.625 0
100 3.57724 -43.5 8783 922.625 0
001 1.73647 -38.0 9108 923.625 0
101 0.25771 -37.0 9271 923.625 0
100 3.23363 -44.0 9304 923.625 0
001 1.66897 -38.0 9619 923.625 0
101 0.06136 -37.0 9792 923.625 0
100 3.09251 -44.0 9823 923.625 0
100 3.54656 -34.5 20030 920.625 0
101 1.19037 -41.0 20035 920.625 0
001 2.70594 -38.0 20040 920.625 0
100 3.52202 -35.0 20537 920.625 0
101 1.06151 -41.0 20551 920.625 0
001 2.77344 -38.0 20561 920.625 0
100 3.52202 -34.5 21051 920.625 0
101 0.96948 -41.0 21069 920.625 0
001 2.79185 -38.0 21079 920.625 0
100 3.53429 -34.5 21564 920.625 0
101 1.01856 -41.0 21595 920.625 0
001 2.73662 -38.0 21600 920.625 0
100 2.90843 -35.0 22070 921.625 0
001 2.06167 -37.5 22111 921.625 0
101 0.12885 -41.0 22125 921.625 0
100 2.89616 -35.5 22579 921.625 0
001 2.03099 -37.5 22629 921.625 0
101 0.10431 -41.0 22655 921.625 0
100 2.84093 -35.5 23081 921.625 0
001 2.08008 -37.5 23126 921.625 0
101 0.12272 -41.0 23162 921.625 0
100 2.84093 -35.5 23594 921.625 0
001 1.33763 -37.5 23628 922.625 0
101 5.78618 -41.0 23681 922.625 0
100 2.59550 -35.5 24106 922.625 0
001 1.30695 -37.5 24137 922.625 0
101 5.66959 -41.0 24191 922.625 0
100 2.37460 -36.0 24611 922.625 0
001 1.30695 -37.5 24638 922.625 0
101 5.72482 -41.0 24706 922.625 0
100 2.16598 -35.5 25114 922.625 0
001 1.34377 -37.5 25158 922.625 0
101 5.66346 -41.0 25225 922.625 0
100 1.78555 -36.0 25617 923.625 0
001 0.60746 -37.5 25666 923.625 0
101 5.05600 -41.0 25742 923.625 0
100 1.89600 -36.5 26140 923.625 0
001 0.58905 -37.5 26163 923.625 0
101 4.93328 -41.0 26261 923.625 0
100 1.92668 -36.0 26649 923.625 0
001 0.57678 -37.5 26676 923.625 0
101 5.36280 -41.0 26774 923.625 0
100 1.83464 -36.0 27156 923.625 0
001 0.58291 -37.5 27174 923.625 0
101 1.00016 -41.0 27300 920.625 0
100 3.44225 -35.0 27662 920.625 0
001 2.90229 -38.0 27680 920.625 0
101 1.01856 -41.0 27815 920.625 0
100 3.55270 -35.0 28168 920.625 0
001 2.79798 -38.0 28182 920.625 0
101 1.29468 -41.0 28337 920.625 0
100 3.52816 -35.0 28672 920.625 0
001 2.67526 -38.0 28690 920.625 0
101 1.06765 -41.0 28854 920.625 0
100 2.84093 -35.5 29181 921.625 0
001 2.02485 -37.5 29200 921.625 0
101 0.04909 -41.0 29368 921.625 0
100 2.86548 -35.5 29689 921.625 0
001 2.03713 -37.5 29699 921.625 0
101 0.04295 -41.0 29899 921.625 0
100 2.57709 -36.0 40057 922.625 0
101 5.73709 -41.0 40062 922.625 0
001 1.28241 -37.5 40067 922.625 0
001 1.30695 -37.5 40576 922.625 0
100 2.33165 -36.0 40581 922.625 0
101 5.66346 -41.0 40600 922.625 0
001 1.28854 -37.5 41081 922.625 0
100 2.66299 -36.0 41095 922.625 0
101 5.63278 -41.0 41118 922.625 0
001 1.27627 -37.5 41584 922.625 0
100 2.32551 -35.5 41603 922.625 0
101 5.65732 -41.0 41635 922.625 0
001 0.57678 -37.5 42104 923.625 0
100 1.57080 -36.5 42122 923.625 0
101 5.08668 -41.0 42153 923.625 0
001 0.53383 -37.5 42620 923.625 0
100 2.01872 -36.0 42629 923.625 0
101 4.93942 -41.0 42670 923.625 0
001 0.57064 -37.5 43126 923.625 0
100 1.74874 -36.5 43136 923.625 0
101 5.06214 -40.5 43186 923.625 0
001 3.12318 -38.0 43649 920.625 0
100 3.41157 -35.5 43663 920.625 0
101 1.07992 -40.5 43703 920.625 0
001 2.65685 -38.0 44156 920.625 0
100 3.55884 -35.0 44170 920.625 0
101 0.93266 -41.0 44224 920.625 0
001 2.75503 -38.0 44678 920.625 0
100 3.50975 -35.5 44687 920.625 0
101 1.12287 -40.5 44754 920.625 0
001 2.75503 -38.0 45184 920.625 0
100 3.52816 -35.0 45198 920.625 0
101 0.93266 -41.0 45274 920.625 0
001 2.08008 -37.5 45700 921.625 0
100 2.88388 -35.5 45714 921.625 0
101 0.06136 -41.5 45789 921.625 0
001 2.00031 -37.5 46202 921.625 0
100 2.87161 -35.5 46224 921.625 0
101 0.03682 -41.0 46313 921.625 0
001 2.08008 -37.5 46706 921.625 0
100 2.86548 -35.5 46751 921.625 0
101 0.04295 -41.0 46840 921.625 0
001 2.00645 -37.5 47216 921.625 0
100 2.33165 -35.5 47273 922.625 0
101 5.84140 -41.5 47357 922.625 0
001 1.31922 -37.5 47732 922.625 0
100 2.17825 -35.5 47799 922.625 0
101 5.82913 -41.0 47888 922.625 0
001 1.27627 -37.0 48236 922.625 0
100 2.21507 -35.5 48307 922.625 0
101 5.78004 -41.0 48405 922.625 0
001 1.28241 -37.0 48749 922.625 0
100 2.28256 -36.0 48822 922.625 0
101 5.93344 -41.0 48937 922.625 0
001 0.55837 -37.5 49258 923.625 0
100 1.93282 -36.5 49346 923.625 0
101 4.68785 -41.0 49461 923.625 0
001 0.55223 -37.5 49765 923.625 0
100 1.64443 -36.0 49872 923.625 0
101 5.06214 -41.0 49985 923.625 0
