100 3.16000 -44.5 0 922.625 0
001 2.70594 -38.0 6 922.625 0
101 1.62602 -46.5 11 922.625 0
001 2.77344 -38.0 467 922.625 0
101 1.68738 -46.0 477 922.625 0
100 3.23363 -44.5 487 922.625 0
001 2.69981 -38.5 927 922.625 0
101 1.71806 -45.0 946 922.625 0
100 3.31340 -45.5 964 922.625 0
001 2.69367 -38.5 1397 922.625 0
101 1.75487 -44.5 1428 922.625 0
100 3.27045 -46.0 1438 922.625 0
001 2.02485 -38.5 1857 923.625 0
101 1.22718 -43.5 1898 923.625 0
100 2.73662 -45.0 1907 923.625 0
001 2.08621 -38.0 2325 923.625 0
101 0.93266 -43.0 2371 923.625 0
100 2.73049 -45.5 2381 923.625 0
001 2.17212 -38.0 2785 923.625 0
101 1.46649 -43.5 2839 923.625 0
100 2.77344 -45.0 2848 923.625 0
001 2.22120 -38.5 3250 923.625 0
101 1.18423 -42.5 3308 923.625 0
100 2.73662 -45.0 3322 923.625 0
001 4.39946 -39.0 3714 920.625 0
101 4.15402 -48.0 3776 920.625 0
100 4.49150 -44.5 3800 920.625 0
001 4.45468 -38.5 4165 920.625 0
101 4.12334 -48.5 4254 920.625 0
100 4.45468 -43.5 4277 920.625 0
001 4.12948 -38.5 4638 920.625 0
101 4.16629 -47.5 4722 920.625 0
100 4.44241 -45.0 4745 920.625 0
001 4.16629 -38.5 5107 920.625 0
101 4.05585 -48.0 5205 920.625 0
100 4.45468 -44.0 5214 920.625 0
001 3.38703 -39.0 5570 921.625 0
100 3.86563 -44.5 5677 921.625 0
101 2.86548 -46.5 5691 921.625 0
001 3.50361 -39.0 6041 921.625 0
100 3.84722 -46.0 6149 921.625 0
101 2.82866 -46.5 6159 921.625 0
001 3.41157 -38.5 6498 921.625 0
100 3.89018 -44.5 6617 921.625 0
101 2.79798 -46.0 6645 921.625 0
001 3.55884 -38.5 6964 921.625 0
100 3.90245 -46.0 7105 921.625 0
101 2.75503 -45.5 7128 921.625 0
001 2.76117 -38.5 7431 922.625 0
100 3.27658 -46.0 7574 922.625 0
101 1.66284 -44.0 7593 922.625 0
001 2.69367 -38.5 7902 922.625 0
100 3.23977 -45.5 8053 922.625 0
101 1.71806 -44.0 8067 922.625 0
001 2.66299 -38.5 8371 922.625 0
101 1.72419 -44.0 8535 922.625 0
100 3.23977 -45.0 8545 922.625 0
001 2.74889 -38.5 8836 922.625 0
101 1.13515 -43.0 9009 923.625 0
100 2.93911 -45.0 9019 923.625 0
001 2.08621 -38.0 9298 923.625 0
101 1.14742 -42.0 9488 923.625 0
100 2.96365 -46.0 9502 923.625 0
001 2.00645 -38.0 9763 923.625 0
101 0.92039 -42.5 9962 923.625 0
100 2.76117 -46.0 9989 923.625 0
001 4.28901 -38.5 20029 920.625 0
101 3.95153 -47.5 20035 920.625 0
100 4.44854 -43.5 20040 920.625 0
001 4.22152 -38.5 20489 920.625 0
100 4.46082 -43.5 20512 920.625 0
101 3.87177 -47.0 20523 920.625 0
001 4.21538 -39.0 20960 920.625 0
100 4.47309 -45.0 20983 920.625 0
101 3.69996 -47.0 20993 920.625 0
001 4.19084 -38.5 21427 920.625 0
100 4.47309 -45.0 21454 920.625 0
101 3.82882 -47.0 21468 920.625 0
001 3.49134 -38.5 21895 921.625 0
100 3.85950 -45.5 21927 921.625 0
101 2.73049 -45.5 21942 921.625 0
001 3.52816 -38.5 22369 921.625 0
100 3.85336 -45.0 22396 921.625 0
101 2.75503 -46.0 22415 921.625 0
001 3.41157 -38.5 22839 921.625 0
100 3.82882 -45.0 22870 921.625 0
101 2.77957 -45.5 22885 921.625 0
001 3.39930 -39.0 23304 921.625 0
100 3.87790 -46.5 23349 921.625 0
101 2.68140 -45.5 23363 921.625 0
001 2.74276 -38.5 23780 922.625 0
100 3.25204 -46.0 23821 922.625 0
101 1.67511 -43.5 23835 922.625 0
001 3.11705 -38.5 24247 922.625 0
100 3.23977 -45.0 24300 922.625 0
101 1.68738 -44.0 24310 922.625 0
001 2.76730 -38.5 24718 922.625 0
100 3.27045 -45.5 24776 922.625 0
101 1.63829 -43.5 24786 922.625 0
001 2.74276 -38.0 25181 922.625 0
100 3.23977 -45.0 25249 922.625 0
101 1.65670 -44.0 25262 922.625 0
001 2.03099 -38.5 25647 923.625 0
101 0.78540 -42.5 25731 923.625 0
100 3.10478 -45.0 25736 923.625 0
001 2.01258 -38.5 26112 923.625 0
101 1.22718 -42.0 26206 923.625 0
100 2.78571 -46.0 26225 923.625 0
001 1.99418 -38.0 26574 923.625 0
101 1.20878 -42.5 26689 923.625 0
100 2.81025 -45.5 26703 923.625 0
001 2.08008 -38.0 27042 923.625 0
101 0.97561 -42.0 27162 923.625 0
100 2.81639 -46.5 27189 923.625 0
001 4.15402 -38.5 27506 920.625 0
101 3.63860 -46.5 27638 920.625 0
100 4.43627 -45.0 27670 920.625 0
001 4.20311 -38.5 27983 920.625 0
101 3.84722 -47.0 28115 920.625 0
100 4.39946 -44.0 28142 920.625 0
001 4.30128 -38.5 28451 920.625 0
101 3.73064 -47.0 28588 920.625 0
100 4.44241 -44.0 28619 920.625 0
001 4.46082 -38.5 28922 920.625 0
101 2.60163 -45.5 29071 921.625 0
100 3.84722 -45.0 29111 921.625 0
001 3.56497 -38.5 29398 921.625 0
101 2.62618 -45.0 29550 921.625 0
100 3.89018 -46.5 29590 921.625 0
001 3.43612 -38.5 29868 921.625 0
001 2.90843 -38.0 40055 922.625 0
100 3.33181 -45.0 40060 922.625 0
101 1.58307 -42.0 40065 922.625 0
001 2.74889 -38.0 40521 922.625 0
100 3.44225 -44.5 40539 922.625 0
101 1.61375 -42.5 40548 922.625 0
001 2.76117 -38.0 40988 922.625 0
100 3.32567 -45.0 41020 922.625 0
101 1.54625 -42.0 41025 922.625 0
001 2.65072 -38.0 41462 922.625 0
101 1.59534 -42.5 41498 922.625 0
100 3.30113 -45.0 41508 922.625 0
001 2.00031 -38.0 41937 923.625 0
101 0.71790 -41.5 41977 923.625 0
100 2.80412 -44.5 41991 923.625 0
001 2.09235 -38.0 42412 923.625 0
101 0.71177 -41.0 42452 923.625 0
100 2.74889 -44.5 42471 923.625 0
001 1.99418 -37.5 42882 923.625 0
101 0.73017 -41.5 42928 923.625 0
100 2.76117 -44.5 42947 923.625 0
001 2.03713 -38.0 43352 923.625 0
101 0.71790 -41.0 43405 923.625 0
100 2.83480 -45.5 43424 923.625 0
001 4.30128 -38.0 43826 920.625 0
101 3.57111 -44.5 43884 920.625 0
100 4.52218 -44.5 43916 920.625 0
001 4.29515 -38.0 44300 920.625 0
101 3.53429 -45.0 44362 920.625 0
100 4.52831 -44.0 44403 920.625 0
001 4.30742 -38.5 44770 920.625 0
101 3.52202 -45.0 44846 920.625 0
100 4.53445 -44.0 44882 920.625 0
001 4.12948 -38.0 45240 920.625 0
101 3.51588 -45.0 45321 920.625 0
100 4.51604 -43.5 45361 920.625 0
001 3.45452 -38.5 45718 921.625 0
101 2.46664 -43.5 45794 921.625 0
100 3.90245 -44.5 45852 921.625 0
001 3.44839 -38.0 46196 921.625 0
101 2.45437 -43.5 46269 921.625 0
100 3.91472 -44.5 46342 921.625 0
001 3.47907 -38.0 46673 921.625 0
101 2.47891 -44.0 46744 921.625 0
100 3.93313 -44.5 46828 921.625 0
001 3.54043 -38.0 47154 921.625 0
101 2.49732 -43.0 47217 921.625 0
100 3.28885 -45.5 47309 922.625 0
001 2.78571 -37.5 47628 922.625 0
101 1.58920 -42.0 47693 922.625 0
100 3.24590 -45.5 47799 922.625 0
001 2.69367 -38.0 48097 922.625 0
101 1.50944 -42.5 48183 922.625 0
100 3.27658 -45.0 48267 922.625 0
001 2.82252 -38.0 48566 922.625 0
101 1.52171 -42.0 48655 922.625 0
100 3.26431 -45.0 48741 922.625 0
001 2.01258 -37.5 49037 923.625 0
101 0.71790 -41.0 49125 923.625 0
100 2.77344 -45.0 49222 923.625 0
001 1.99418 -37.5 49504 923.625 0
101 0.66882 -40.5 49610 923.625 0
100 2.74276 -45.0 49704 923.625 0
001 2.03099 -37.5 49978 923.625 0
