100 4.85352 -33.0 0 920.625 0
101 6.11138 -40.0 7 920.625 0
001 4.44241 -39.0 12 920.625 0
100 4.81670 -33.0 431 920.625 0
001 4.38719 -39.0 445 920.625 0
101 6.12979 -40.0 456 920.625 0
100 4.81056 -33.0 863 920.625 0
001 4.41173 -39.0 873 920.625 0
101 6.14819 -40.0 895 920.625 0
001 4.38105 -39.0 1297 920.625 0
100 4.82284 -33.5 1302 920.625 0
101 6.14206 -40.0 1334 920.625 0
001 4.33196 -39.5 1729 920.625 0
100 4.83511 -34.0 1739 920.625 0
101 6.16047 -40.0 1775 920.625 0
001 3.73678 -39.5 2162 921.625 0
100 4.27060 -34.0 2174 921.625 0
101 5.67573 -41.5 2205 921.625 0
001 3.79200 -39.5 2589 921.625 0
100 4.50990 -33.5 2603 921.625 0
101 5.47938 -41.5 2639 921.625 0
001 3.75518 -40.0 3016 921.625 0
100 4.26447 -34.5 3034 921.625 0
101 5.47938 -41.5 3075 921.625 0
001 3.71837 -39.5 3445 921.625 0
100 4.25219 -34.0 3464 921.625 0
101 5.46097 -41.5 3508 921.625 0
001 3.09864 -40.5 3873 922.625 0
100 3.58338 -34.5 3892 922.625 0
101 4.80443 -43.0 3941 922.625 0
001 3.09864 -40.5 4294 922.625 0
100 3.59565 -34.5 4326 922.625 0
101 4.83511 -43.0 4379 922.625 0
001 3.08023 -40.5 4728 922.625 0
100 3.55884 -35.0 4773 922.625 0
101 4.84738 -43.0 4827 922.625 0
001 3.08637 -40.5 5158 922.625 0
100 3.66928 -34.5 5202 922.625 0
101 4.82284 -43.0 5261 922.625 0
001 2.38687 -40.5 5597 923.625 0
100 2.90229 -36.0 5633 923.625 0
101 4.23379 -44.5 5700 923.625 0
001 2.47891 -40.5 6026 923.625 0
100 2.90229 -36.0 6062 923.625 0
101 4.31355 -44.5 6138 923.625 0
001 2.54027 -40.5 6455 923.625 0
100 2.95138 -35.5 6495 923.625 0
101 4.25219 -44.0 6571 923.625 0
001 2.60777 -41.0 6883 923.625 0
100 2.90843 -36.0 6940 923.625 0
101 4.67557 -44.0 7008 923.625 0
001 4.39332 -39.5 7319 920.625 0
100 4.98237 -33.5 7382 920.625 0
101 6.20342 -40.0 7449 920.625 0
001 4.38719 -39.0 7751 920.625 0
100 4.96396 -33.5 7809 920.625 0
101 0.07363 -40.0 7889 920.625 0
001 4.36264 -39.5 8186 920.625 0
100 5.11122 -33.5 8249 920.625 0
101 6.09911 -41.0 8326 920.625 0
001 4.38105 -40.0 8622 920.625 0
100 5.01305 -34.5 8684 920.625 0
101 0.14113 -40.5 8768 920.625 0
001 3.68769 -39.5 9054 921.625 0
100 4.18470 -35.0 9121 921.625 0
101 5.70641 -43.0 9210 921.625 0
001 3.73064 -39.5 9481 921.625 0
100 4.38105 -34.0 9562 921.625 0
101 6.12365 -43.0 9652 921.625 0
001 3.62019 -40.0 9910 921.625 0
101 4.84124 -43.5 20025 922.625 0
100 3.59565 -35.0 20030 922.625 0
001 3.09864 -40.5 20036 922.625 0
101 4.72466 -44.5 20463 922.625 0
100 3.59565 -35.0 20468 922.625 0
001 3.08637 -40.0 20477 922.625 0
101 4.65717 -44.0 20897 922.625 0
100 3.55270 -35.5 20907 922.625 0
001 3.06183 -41.0 20917 922.625 0
101 4.73080 -45.0 21340 922.625 0
001 3.08023 -40.0 21349 922.625 0
100 3.84722 -35.0 21359 922.625 0
101 4.79216 -45.5 21776 922.625 0
001 3.04342 -40.0 21785 922.625 0
100 3.69996 -34.5 21803 922.625 0
101 4.73080 -48.0 22209 923.625 0
001 2.35619 -40.5 22218 923.625 0
100 2.85320 -36.0 22237 923.625 0
001 2.35006 -39.5 22643 923.625 0
101 5.46097 -47.0 22657 923.625 0
100 2.84707 -34.5 22680 923.625 0
001 2.50346 -39.5 23077 923.625 0
101 0.01841 -57.5 23095 923.625 0
100 2.96979 -34.5 23123 923.625 0
001 2.35619 -40.0 23503 923.625 0
101 4.57740 -47.5 23530 923.625 0
100 2.84707 -35.5 23562 923.625 0
001 4.38719 -39.0 23934 920.625 0
101 6.02548 -41.5 23974 920.625 0
100 5.08668 -34.5 23993 920.625 0
001 4.48536 -39.5 24363 920.625 0
101 5.89662 -40.5 24404 920.625 0
100 4.98851 -34.0 24431 920.625 0
001 4.35651 -40.0 24797 920.625 0
101 5.97025 -39.5 24842 920.625 0
100 5.02532 -34.5 24873 920.625 0
001 4.02517 -38.0 25228 920.625 0
101 6.24637 -42.5 25277 920.625 0
100 4.95783 -33.5 25319 920.625 0
001 3.68155 -39.0 25663 921.625 0
101 5.17258 -40.5 25713 921.625 0
100 4.25219 -35.0 25753 921.625 0
001 4.21538 -40.0 26107 921.625 0
101 5.16031 -48.0 26151 921.625 0
100 4.33196 -33.0 26192 921.625 0
001 4.02517 -38.0 26541 921.625 0
101 2.26416 -53.0 26586 921.625 0
100 4.20924 -32.5 26626 921.625 0
001 3.63860 -39.0 26960 921.625 0
101 5.24008 -44.0 27033 921.625 0
100 4.50990 -34.5 27064 921.625 0
001 3.09251 -39.5 27403 922.625 0
101 4.70625 -46.5 27478 922.625 0
100 3.58952 -34.5 27501 922.625 0
001 3.31340 -41.0 27836 922.625 0
101 4.79216 -43.0 27912 922.625 0
100 3.45452 -36.5 27943 922.625 0
001 3.13546 -40.0 28271 922.625 0
101 5.08054 -49.5 28351 922.625 0
100 3.65087 -34.5 28383 922.625 0
001 3.34408 -39.0 28706 922.625 0
101 1.99418 -44.0 28795 922.625 0
100 3.54043 -33.5 28835 922.625 0
001 2.69367 -40.5 29142 923.625 0
101 4.41173 -48.0 29236 923.625 0
100 2.90843 -36.0 29285 923.625 0
001 2.60777 -40.0 29586 923.625 0
101 4.30128 -46.5 29671 923.625 0
100 2.93911 -36.0 29731 923.625 0
100 5.04986 -34.0 40050 920.625 0
101 5.89049 -40.5 40055 920.625 0
001 4.34423 -39.0 40060 920.625 0
101 5.94571 -40.5 40492 920.625 0
100 4.77375 -34.0 40498 920.625 0
001 4.35651 -39.0 40512 920.625 0
101 5.91503 -40.5 40932 920.625 0
001 4.32583 -39.5 40942 920.625 0
100 4.84738 -34.5 40947 920.625 0
001 4.43014 -39.0 41369 920.625 0
101 5.95798 -40.5 41379 920.625 0
100 4.77375 -34.0 41388 920.625 0
001 4.38719 -39.5 41805 920.625 0
101 5.95798 -41.0 41814 920.625 0
100 4.27674 -34.5 41841 921.625 0
001 3.71837 -40.0 42240 921.625 0
101 5.12350 -42.5 42254 921.625 0
100 4.32583 -35.0 42281 921.625 0
001 3.85950 -39.5 42665 921.625 0
101 5.06827 -43.0 42692 921.625 0
100 4.22765 -34.5 42729 921.625 0
001 3.71223 -40.0 43104 921.625 0
101 5.04373 -43.0 43133 921.625 0
100 4.31969 -34.0 43173 921.625 0
001 3.87177 -39.5 43534 921.625 0
101 4.85352 -43.0 43575 921.625 0
100 4.28901 -34.0 43611 921.625 0
001 3.08023 -40.5 43974 922.625 0
101 4.27674 -45.5 44027 922.625 0
100 3.59565 -35.5 44047 922.625 0
001 3.11705 -40.0 44416 922.625 0
101 4.00062 -46.0 44474 922.625 0
100 3.58952 -35.5 44484 922.625 0
001 3.08637 -40.5 44850 922.625 0
101 3.66315 -45.5 44914 922.625 0
100 3.64474 -35.0 44928 922.625 0
001 3.07410 -40.0 45282 922.625 0
101 3.18454 -45.0 45357 922.625 0
100 3.54043 -35.5 45376 922.625 0
001 2.65072 -40.0 45725 923.625 0
100 2.92684 -36.0 45810 923.625 0
101 2.16598 -44.5 45820 923.625 0
001 2.58936 -40.5 46164 923.625 0
100 2.87775 -35.5 46248 923.625 0
101 2.08621 -44.0 46258 923.625 0
001 2.63845 -40.0 46590 923.625 0
100 2.90229 -35.5 46688 923.625 0
101 2.00031 -44.0 46711 923.625 0
001 2.71821 -39.5 47022 923.625 0
100 2.87775 -36.5 47136 923.625 0
101 1.95736 -44.0 47155 923.625 0
001 4.36878 -39.0 47459 920.625 0
100 4.82284 -34.0 47583 920.625 0
101 4.84738 -42.5 47594 920.625 0
001 4.39332 -39.5 47904 920.625 0
100 4.77375 -34.0 48024 920.625 0
101 4.77988 -42.5 48044 920.625 0
001 4.36878 -39.0 48340 920.625 0
100 4.76148 -34.5 48478 920.625 0
101 4.84738 -42.5 48497 920.625 0
001 4.40559 -39.0 48781 920.625 0
100 4.89033 -34.0 48914 920.625 0
101 4.86579 -42.5 48950 920.625 0
001 3.84722 -40.0 49215 921.625 0
100 4.35037 -34.0 49357 921.625 0
101 4.19697 -43.0 49398 921.625 0
001 3.95767 -39.5 49667 921.625 0
100 4.44854 -34.0 49792 921.625 0
101 4.21538 -44.0 49836 921.625 0
