001 0.13499 -40.0 0 920.625 0
101 5.98866 -40.5 5 920.625 0
101 5.97025 -41.0 393 920.625 0
001 0.06750 -40.0 399 920.625 0
101 5.98253 -40.5 782 920.625 0
001 0.17794 -39.5 787 920.625 0
101 5.96412 -40.5 1166 920.625 0
001 0.12885 -39.5 1176 920.625 0
101 5.95798 -40.5 1553 920.625 0
001 0.18408 -39.0 1577 920.625 0
101 5.24621 -40.5 1938 921.625 0
001 5.80458 -39.5 1969 921.625 0
101 5.25235 -40.0 2322 921.625 0
001 5.80458 -39.5 2358 921.625 0
101 5.25235 -40.5 2707 921.625 0
001 5.86594 -39.0 2757 921.625 0
101 5.22167 -40.5 3097 921.625 0
001 5.89662 -39.0 3146 921.625 0
101 5.22781 -40.0 3492 921.625 0
001 5.93344 -39.0 3537 921.625 0
101 4.54058 -40.0 3881 922.625 0
001 5.27689 -39.0 3930 922.625 0
101 4.54058 -40.0 4274 922.625 0
001 5.31985 -39.0 4319 922.625 0
101 4.55285 -40.0 4662 922.625 0
001 5.35052 -39.0 4702 922.625 0
101 4.57126 -39.5 5049 922.625 0
001 5.43643 -39.0 5094 922.625 0
101 3.87790 -40.0 5449 923.625 0
001 4.76148 -39.0 5481 923.625 0
101 3.85336 -39.5 5836 923.625 0
001 4.76148 -39.0 5863 923.625 0
101 3.84109 -39.5 6229 923.625 0
001 4.81670 -38.5 6260 923.625 0
101 3.81654 -39.5 6622 923.625 0
001 4.86579 -38.5 6654 923.625 0
101 3.84109 -39.5 7011 923.625 0
001 4.96396 -38.5 7038 923.625 0
101 5.93344 -39.5 7409 920.625 0
001 0.85903 -37.5 7428 920.625 0
101 5.93344 -39.5 7799 920.625 0
001 0.91425 -37.5 7815 920.625 0
100 1.17196 -55.0 8070 920.625 0
101 5.92730 -39.0 8185 920.625 0
001 0.93266 -37.5 8204 920.625 0
100 1.15355 -55.0 8444 920.625 0
101 5.91503 -39.0 8573 920.625 0
001 1.13515 -38.0 8592 920.625 0
100 1.09833 -53.5 8843 920.625 0
101 5.92730 -39.0 8967 920.625 0
001 0.98175 -38.0 8976 920.625 0
100 0.66268 -56.0 9218 921.625 0
101 5.20940 -39.0 9366 921.625 0
001 0.31293 -38.5 9380 921.625 0
100 0.42951 -55.0 9617 921.625 0
101 5.18486 -39.0 9758 921.625 0
001 0.30680 -38.5 9772 921.625 0
100 1.00629 -47.5 20031 922.625 0
101 5.06827 -38.0 20037 922.625 0
001 0.23317 -37.0 20042 922.625 0
100 1.13515 -47.5 20424 922.625 0
001 0.24544 -36.5 20433 922.625 0
101 5.08054 -37.5 20443 922.625 0
100 1.15355 -47.0 20817 922.625 0
001 0.22703 -36.0 20822 922.625 0
101 5.14190 -38.0 20845 922.625 0
001 0.25157 -36.0 21212 922.625 0
100 1.21491 -48.5 21222 922.625 0
101 5.17258 -38.5 21236 922.625 0
001 0.25157 -36.0 21603 922.625 0
100 1.23332 -48.5 21621 922.625 0
101 5.22167 -38.5 21630 922.625 0
001 5.69414 -36.0 21986 923.625 0
100 0.51542 -51.0 22026 923.625 0
101 4.51604 -38.5 22040 923.625 0
001 5.71254 -36.5 22369 923.625 0
100 0.53996 -52.0 22428 923.625 0
101 4.51604 -39.0 22446 923.625 0
001 5.64505 -35.5 22757 923.625 0
101 4.51604 -37.5 22841 923.625 0
001 5.79231 -34.0 23150 923.625 0
101 4.71239 -38.5 23234 923.625 0
001 5.95798 -34.5 23544 923.625 0
101 0.71790 -43.0 23627 920.625 0
100 6.01934 -65.5 23632 920.625 0
001 2.04940 -37.5 23936 920.625 0
101 0.42338 -44.0 24021 920.625 0
100 1.14742 -55.0 24039 920.625 0
001 1.83464 -37.0 24323 920.625 0
101 0.29452 -42.5 24421 920.625 0
100 0.96948 -54.0 24448 920.625 0
001 1.77328 -36.0 24714 920.625 0
101 0.34361 -41.5 24816 920.625 0
100 1.05538 -50.5 24851 920.625 0
001 1.82237 -34.5 25100 920.625 0
101 0.39270 -41.0 25211 920.625 0
100 1.06765 -46.0 25251 920.625 0
001 1.16583 -33.0 25481 921.625 0
101 5.95185 -41.0 25614 921.625 0
100 0.65041 -43.5 25656 921.625 0
001 1.27627 -32.0 25873 921.625 0
101 5.92117 -40.5 26006 921.625 0
100 1.19651 -41.5 26056 921.625 0
001 1.48489 -32.5 26262 921.625 0
101 5.98253 -40.5 26403 921.625 0
100 1.55239 -42.5 26453 921.625 0
001 1.58920 -34.0 26652 921.625 0
101 5.90889 -41.0 26793 921.625 0
100 1.81623 -42.5 26856 921.625 0
001 1.88986 -36.0 27037 921.625 0
101 0.20862 -45.5 27192 921.625 0
100 1.15355 -43.5 27254 922.625 0
001 1.27627 -34.5 27414 922.625 0
101 5.98253 -41.5 27596 922.625 0
100 1.23332 -44.0 27658 922.625 0
001 1.31309 -34.5 27795 922.625 0
101 6.09297 -43.5 27984 922.625 0
100 1.21491 -45.0 28060 922.625 0
001 1.44194 -36.0 28188 922.625 0
101 6.11138 -45.5 28377 922.625 0
100 1.30695 -45.5 28462 922.625 0
001 1.46649 -37.0 28578 922.625 0
101 6.03775 -47.0 28772 922.625 0
100 1.27014 -46.0 28869 922.625 0
001 1.49103 -37.5 28972 922.625 0
101 5.48552 -46.0 29170 923.625 0
100 0.48474 -46.0 29269 923.625 0
001 0.75472 -37.5 29366 923.625 0
101 5.30144 -48.0 29571 923.625 0
100 0.48474 -46.5 29673 923.625 0
001 0.73017 -39.0 29771 923.625 0
101 5.26462 -48.5 29974 923.625 0
001 3.01887 -42.5 40063 920.625 0
101 5.44256 -47.0 40068 920.625 0
100 3.12318 -50.0 40073 920.625 0
101 5.43029 -46.0 40474 920.625 0
001 3.20295 -43.0 40484 920.625 0
100 3.19068 -49.5 40493 920.625 0
101 5.47324 -46.0 40870 920.625 0
001 3.20909 -42.5 40897 920.625 0
100 3.20295 -50.0 40906 920.625 0
101 4.62649 -49.0 41274 920.625 0
100 3.12318 -49.5 41315 920.625 0
001 3.58952 -45.5 41325 920.625 0
101 4.18470 -48.5 41669 920.625 0
100 3.00660 -51.0 41731 920.625 0
001 3.68155 -48.0 41749 920.625 0
101 3.55270 -47.0 42069 921.625 0
100 2.79798 -50.5 42140 921.625 0
001 2.31938 -47.5 42172 921.625 0
101 3.75518 -46.5 42472 921.625 0
100 2.36233 -50.0 42552 921.625 0
001 2.33779 -46.5 42596 921.625 0
101 3.89018 -46.5 42874 921.625 0
100 2.73662 -49.5 42967 921.625 0
001 2.34392 -47.0 43016 921.625 0
101 4.08652 -46.0 43272 921.625 0
100 2.39301 -49.0 43383 921.625 0
001 2.19666 -47.5 43436 921.625 0
101 3.29499 -46.5 43674 922.625 0
100 1.60148 -48.5 43793 922.625 0
001 1.37445 -47.0 43860 922.625 0
101 3.32567 -46.5 44073 922.625 0
100 1.71806 -48.5 44210 922.625 0
001 1.34377 -47.0 44281 922.625 0
101 3.50361 -46.0 44476 922.625 0
100 1.61375 -48.0 44626 922.625 0
001 1.35604 -47.5 44701 922.625 0
101 3.52202 -46.0 44874 922.625 0
100 1.63216 -47.5 45043 922.625 0
001 1.31309 -47.0 45120 922.625 0
101 3.57724 -45.5 45270 922.625 0
100 0.93880 -47.5 45461 923.625 0
001 0.49087 -47.5 45541 923.625 0
101 2.78571 -46.0 45670 923.625 0
100 0.86517 -47.5 45876 923.625 0
001 0.49087 -47.5 45966 923.625 0
101 2.81025 -45.5 46072 923.625 0
100 0.87130 -47.0 46292 923.625 0
001 0.48474 -47.5 46386 923.625 0
101 2.82252 -45.5 46470 923.625 0
100 0.92652 -46.5 46704 923.625 0
001 0.49701 -47.5 46811 923.625 0
101 2.85320 -45.5 46873 923.625 0
100 0.93880 -46.5 47121 923.625 0
001 0.46633 -47.5 47236 923.625 0
101 5.27689 -44.0 47282 920.625 0
100 3.24590 -47.0 47538 920.625 0
001 2.96979 -48.5 47662 920.625 0
101 5.29530 -44.0 47689 920.625 0
100 3.20909 -47.0 47958 920.625 0
101 5.31985 -43.5 48091 920.625 0
001 2.89002 -48.0 48096 920.625 0
100 3.25204 -46.5 48375 920.625 0
101 5.33825 -43.5 48495 920.625 0
001 2.88388 -48.0 48518 920.625 0
100 3.25204 -46.5 48795 920.625 0
101 5.35666 -43.5 48898 920.625 0
001 2.89616 -48.0 48940 920.625 0
100 2.60777 -46.0 49206 921.625 0
101 4.62035 -43.5 49304 921.625 0
001 2.06781 -47.5 49358 921.625 0
100 2.80412 -45.5 49628 921.625 0
101 4.65717 -43.5 49704 921.625 0
001 2.08621 -48.0 49780 921.625 0
100 2.67526 -45.5 50040 921.625 0
