2022 0805 0100 0000 0101 0100 3.96381 -49.0 0 920.625 0
2022 0805 0100 0000 0101 0100 3.99449 -49.0 1000 920.625 0
2022 0805 0100 0000 0101 0100 4.04357 -48.5 1800 920.625 0
2022 0805 0100 0000 0101 0100 4.08039 -48.5 2598 920.625 0
2022 0805 0100 0000 0101 0100 4.12948 -48.5 3400 920.625 0
2022 0805 0100 0000 0101 0100 4.10493 -48.5 4204 920.625 0
2022 0805 0100 0000 0101 0100 4.06812 -48.5 4996 920.625 0
2022 0805 0100 0000 0101 0100 4.07425 -48.5 5790 920.625 0
2022 0805 0100 0000 0101 0100 4.02517 -48.0 6588 920.625 0
2022 0805 0100 0000 0101 0100 4.04357 -48.5 7390 920.625 0
2022 0805 0100 0000 0101 0100 4.09266 -48.5 8198 920.625 0
2022 0805 0100 0000 0101 0100 4.04971 -49.0 8998 920.625 0
2022 0805 0100 0000 0101 0100 4.06812 -48.5 9800 920.625 0
2022 0805 0100 0000 0101 0100 4.04971 -48.0 19920 920.625 0
2022 0805 0100 0000 0101 0100 4.03744 -48.5 20715 920.625 0
2022 0805 0100 0000 0101 0100 4.09880 -48.0 21511 920.625 0
2022 0805 0100 0000 0101 0100 4.09266 -48.0 22311 920.625 0
2022 0805 0100 0000 0101 0100 4.09266 -48.5 23109 920.625 0
2022 0805 0100 0000 0101 0100 4.17243 -48.0 23909 920.625 0
2022 0805 0100 0000 0101 0100 4.10493 -48.0 24709 920.625 0
2022 0805 0100 0000 0101 0100 4.09266 -48.0 25513 920.625 0
2022 0805 0100 0000 0101 0100 4.07425 -48.5 26310 920.625 0
2022 0805 0100 0000 0101 0100 4.13561 -48.5 27109 920.625 0
2022 0805 0100 0000 0101 0100 4.05585 -48.5 27906 920.625 0
2022 0805 0100 0000 0101 0100 4.08039 -49.0 28703 920.625 0
2022 0805 0100 0000 0101 0100 4.05585 -48.5 29504 920.625 0
2022 0805 0100 0000 0101 0100 4.09266 -48.5 39980 920.625 0
2022 0805 0100 0000 0101 0100 4.06198 -49.0 40813 920.625 0
2022 0805 0100 0000 0101 0100 4.09266 -49.0 41615 920.625 0
2022 0805 0100 0000 0101 0100 4.08039 -49.0 42413 920.625 0
2022 0805 0100 0000 0101 0100 4.08039 -49.0 43215 920.625 0
2022 0805 0100 0000 0101 0100 4.09266 -48.5 44020 920.625 0
2022 0805 0100 0000 0101 0100 4.06812 -49.0 44812 920.625 0
2022 0805 0100 0000 0101 0100 4.06198 -49.0 45609 920.625 0
2022 0805 0100 0000 0101 0100 4.10493 -49.0 46408 920.625 0
2022 0805 0100 0000 0101 0100 4.06198 -49.0 47203 920.625 0
2022 0805 0100 0000 0101 0100 4.06198 -48.5 48007 920.625 0
2022 0805 0100 0000 0101 0100 4.12948 -49.0 48806 920.625 0
2022 0805 0100 0000 0101 0100 4.08039 -49.0 49606 920.625 0
