2022 0805 0100 0000 0101 0100 4.20311 -54.0 0 920.625 0
2022 0805 0100 0000 0101 0100 4.28287 -53.0 779 920.625 0
2022 0805 0100 0000 0101 0100 4.28287 -55.0 1562 920.625 0
2022 0805 0100 0000 0101 0100 4.25219 -54.0 2348 920.625 0
2022 0805 0100 0000 0101 0100 4.36264 -55.0 3123 920.625 0
2022 0805 0100 0000 0101 0100 4.27060 -55.0 3894 920.625 0
2022 0805 0100 0000 0101 0100 4.27674 -54.5 4677 920.625 0
2022 0805 0100 0000 0101 0100 4.27674 -54.5 5451 920.625 0
2022 0805 0100 0000 0101 0100 4.26447 -54.5 6228 920.625 0
2022 0805 0100 0000 0101 0100 4.30128 -54.5 7015 920.625 0
2022 0805 0100 0000 0101 0100 4.20311 -55.0 7794 920.625 0
2022 0805 0100 0000 0101 0100 4.44241 -55.0 8573 920.625 0
2022 0805 0100 0000 0101 0100 4.34423 -54.5 9360 920.625 0
2022 0805 0100 0000 0101 0100 4.33196 -54.5 20050 920.625 0
2022 0805 0100 0000 0101 0100 4.32583 -55.0 20831 920.625 0
2022 0805 0100 0000 0101 0100 4.41786 -54.5 21609 920.625 0
2022 0805 0100 0000 0101 0100 4.39946 -54.5 22387 920.625 0
2022 0805 0100 0000 0101 0100 4.52218 -54.5 23166 920.625 0
2022 0805 0100 0000 0101 0100 4.29515 -55.0 23949 920.625 0
2022 0805 0100 0000 0101 0100 4.35037 -54.0 24728 920.625 0
2022 0805 0100 0000 0101 0100 4.37491 -54.5 25508 920.625 0
2022 0805 0100 0000 0101 0100 4.31355 -54.5 26292 920.625 0
2022 0805 0100 0000 0101 0100 4.33810 -55.5 27068 920.625 0
2022 0805 0100 0000 0101 0100 4.32583 -54.5 27843 920.625 0
2022 0805 0100 0000 0101 0100 4.27674 -55.0 28614 920.625 0
2022 0805 0100 0000 0101 0100 4.37491 -55.0 29390 920.625 0
2022 0805 0100 0000 0101 0100 4.30742 -55.5 40110 920.625 0
2022 0805 0100 0000 0101 0100 4.29515 -54.5 40891 920.625 0
2022 0805 0100 0000 0101 0100 4.35651 -54.5 41674 920.625 0
2022 0805 0100 0000 0101 0100 4.35037 -55.0 42454 920.625 0
2022 0805 0100 0000 0101 0100 4.38105 -54.5 43236 920.625 0
2022 0805 0100 0000 0101 0100 4.31969 -54.5 44014 920.625 0
2022 0805 0100 0000 0101 0100 4.40559 -55.0 44789 920.625 0
2022 0805 0100 0000 0101 0100 4.31969 -55.5 45568 920.625 0
2022 0805 0100 0000 0101 0100 4.25833 -55.0 46346 920.625 0
2022 0805 0100 0000 0101 0100 4.33196 -55.0 47130 920.625 0
2022 0805 0100 0000 0101 0100 4.39332 -55.5 47909 920.625 0
2022 0805 0100 0000 0101 0100 4.34423 -55.5 48685 920.625 0
2022 0805 0100 0000 0101 0100 4.31969 -55.0 49466 920.625 0
