2022 0805 0100 0000 0101 0100 4.54058 -48.5 0 920.625 0
2022 0805 0100 0000 0101 0100 4.57740 -48.5 769 920.625 0
2022 0805 0100 0000 0101 0100 4.62035 -48.5 1526 920.625 0
2022 0805 0100 0000 0101 0100 4.55899 -48.0 2287 920.625 0
2022 0805 0100 0000 0101 0100 4.65103 -48.0 3046 920.625 0
2022 0805 0100 0000 0101 0100 4.81056 -46.5 3801 920.625 0
2022 0805 0100 0000 0101 0100 4.60808 -48.5 4563 920.625 0
2022 0805 0100 0000 0101 0100 4.67557 -48.0 5336 920.625 0
2022 0805 0100 0000 0101 0100 4.68785 -48.5 6093 920.625 0
2022 0805 0100 0000 0101 0100 4.62649 -48.0 6869 920.625 0
2022 0805 0100 0000 0101 0100 4.63262 -48.5 7628 920.625 0
2022 0805 0100 0000 0101 0100 4.64489 -48.0 8389 920.625 0
2022 0805 0100 0000 0101 0100 4.62649 -48.5 9154 920.625 0
2022 0805 0100 0000 0101 0100 4.63262 -49.0 9927 920.625 0
2022 0805 0100 0000 0101 0100 4.63262 -48.0 20060 920.625 0
2022 0805 0100 0000 0101 0100 4.63876 -48.5 20826 920.625 0
2022 0805 0100 0000 0101 0100 4.62649 -49.0 21587 920.625 0
2022 0805 0100 0000 0101 0100 4.64489 -48.5 22362 920.625 0
2022 0805 0100 0000 0101 0100 4.62035 -49.0 23124 920.625 0
2022 0805 0100 0000 0101 0100 4.64489 -48.5 23888 920.625 0
2022 0805 0100 0000 0101 0100 4.59581 -48.5 24648 920.625 0
2022 0805 0100 0000 0101 0100 4.62035 -48.5 25403 920.625 0
2022 0805 0100 0000 0101 0100 4.63262 -48.5 26174 920.625 0
2022 0805 0100 0000 0101 0100 4.65717 -48.5 26937 920.625 0
2022 0805 0100 0000 0101 0100 4.61421 -48.5 27706 920.625 0
2022 0805 0100 0000 0101 0100 4.65103 -48.5 28463 920.625 0
2022 0805 0100 0000 0101 0100 4.60808 -48.5 29227 920.625 0
2022 0805 0100 0000 0101 0100 4.63876 -48.5 29989 920.625 0
2022 0805 0100 0000 0101 0100 4.59581 -48.0 40120 920.625 0
2022 0805 0100 0000 0101 0100 4.59581 -49.0 40879 920.625 0
2022 0805 0100 0000 0101 0100 4.62649 -49.0 41646 920.625 0
2022 0805 0100 0000 0101 0100 4.60194 -49.0 42413 920.625 0
2022 0805 0100 0000 0101 0100 4.65717 -48.5 43184 920.625 0
2022 0805 0100 0000 0101 0100 4.62649 -48.5 43955 920.625 0
2022 0805 0100 0000 0101 0100 4.65717 -48.5 44728 920.625 0
2022 0805 0100 0000 0101 0100 4.62649 -48.5 45497 920.625 0
2022 0805 0100 0000 0101 0100 4.61421 -48.5 46260 920.625 0
2022 0805 0100 0000 0101 0100 4.64489 -48.5 47028 920.625 0
2022 0805 0100 0000 0101 0100 4.64489 -48.5 47796 920.625 0
2022 0805 0100 0000 0101 0100 4.63876 -48.5 48565 920.625 0
2022 0805 0100 0000 0101 0100 4.62035 -48.5 49321 920.625 0
2022 0805 0100 0000 0101 0100 4.60808 -48.0 50089 920.625 0
