2022 0805 0100 0000 0101 0100 5.71254 -32.0 0 920.625 0
2022 0805 0100 0000 0101 0100 5.71868 -32.0 745 920.625 0
2022 0805 0100 0000 0101 0100 5.71254 -32.0 1483 920.625 0
2022 0805 0100 0000 0101 0100 5.70027 -32.0 2215 920.625 0
2022 0805 0100 0000 0101 0100 5.70027 -32.0 2955 920.625 0
2022 0805 0100 0000 0101 0100 5.68800 -32.0 3701 920.625 0
2022 0805 0100 0000 0101 0100 5.69414 -32.0 4434 920.625 0
2022 0805 0100 0000 0101 0100 5.70027 -32.0 5197 920.625 0
2022 0805 0100 0000 0101 0100 5.70027 -32.0 5937 920.625 0
2022 0805 0100 0000 0101 0100 5.71254 -32.0 6676 920.625 0
2022 0805 0100 0000 0101 0100 5.68800 -32.0 7409 920.625 0
2022 0805 0100 0000 0101 0100 5.68186 -32.0 8156 920.625 0
2022 0805 0100 0000 0101 0100 5.68186 -32.0 8900 920.625 0
2022 0805 0100 0000 0101 0100 5.68186 -32.0 9634 920.625 0
2022 0805 0100 0000 0101 0100 5.65732 -32.0 20065 920.625 0
2022 0805 0100 0000 0101 0100 5.66959 -32.0 20803 920.625 0
2022 0805 0100 0000 0101 0100 5.65732 -32.0 21540 920.625 0
2022 0805 0100 0000 0101 0100 5.68186 -32.0 22278 920.625 0
2022 0805 0100 0000 0101 0100 5.70641 -32.0 23009 920.625 0
2022 0805 0100 0000 0101 0100 5.70641 -32.0 23761 920.625 0
2022 0805 0100 0000 0101 0100 5.70641 -32.0 24506 920.625 0
2022 0805 0100 0000 0101 0100 5.69414 -32.0 25243 920.625 0
2022 0805 0100 0000 0101 0100 5.69414 -32.0 25985 920.625 0
2022 0805 0100 0000 0101 0100 5.70027 -32.0 26725 920.625 0
2022 0805 0100 0000 0101 0100 5.70027 -32.0 27461 920.625 0
2022 0805 0100 0000 0101 0100 5.67573 -32.0 28197 920.625 0
2022 0805 0100 0000 0101 0100 5.65732 -32.0 28935 920.625 0
2022 0805 0100 0000 0101 0100 5.65119 -32.0 29691 920.625 0
2022 0805 0100 0000 0101 0100 5.69414 -32.0 40125 920.625 0
2022 0805 0100 0000 0101 0100 5.69414 -32.0 40865 920.625 0
2022 0805 0100 0000 0101 0100 5.70641 -32.0 41604 920.625 0
2022 0805 0100 0000 0101 0100 5.69414 -32.0 42348 920.625 0
2022 0805 0100 0000 0101 0100 5.69414 -32.0 43098 920.625 0
2022 0805 0100 0000 0101 0100 5.69414 -32.0 43855 920.625 0
2022 0805 0100 0000 0101 0100 5.70027 -32.0 44599 920.625 0
2022 0805 0100 0000 0101 0100 5.68186 -32.0 45332 920.625 0
2022 0805 0100 0000 0101 0100 5.68186 -32.0 46063 920.625 0
2022 0805 0100 0000 0101 0100 5.69414 -32.0 46804 920.625 0
2022 0805 0100 0000 0101 0100 5.69414 -32.0 47531 920.625 0
2022 0805 0100 0000 0101 0100 5.68800 -32.0 48271 920.625 0
2022 0805 0100 0000 0101 0100 5.70027 -32.0 49023 920.625 0
2022 0805 0100 0000 0101 0100 5.68800 -32.0 49773 920.625 0
