2022 0805 0100 0000 0101 0100 2.60163 -36.5 0 920.625 0
2022 0805 0100 0000 0101 0100 2.59550 -36.5 722 920.625 0
2022 0805 0100 0000 0101 0100 2.59550 -36.5 1444 920.625 0
2022 0805 0100 0000 0101 0100 2.62004 -36.5 2170 920.625 0
2022 0805 0100 0000 0101 0100 2.63231 -36.5 2890 920.625 0
2022 0805 0100 0000 0101 0100 2.63231 -36.5 3614 920.625 0
2022 0805 0100 0000 0101 0100 2.63231 -36.5 4339 920.625 0
2022 0805 0100 0000 0101 0100 2.62618 -36.0 5065 920.625 0
2022 0805 0100 0000 0101 0100 2.62004 -37.0 5783 920.625 0
2022 0805 0100 0000 0101 0100 2.60777 -36.5 6516 920.625 0
2022 0805 0100 0000 0101 0100 2.59550 -36.5 7245 920.625 0
2022 0805 0100 0000 0101 0100 2.62004 -36.5 7964 920.625 0
2022 0805 0100 0000 0101 0100 2.62618 -36.5 8694 920.625 0
2022 0805 0100 0000 0101 0100 2.62618 -36.0 19447 920.625 0
2022 0805 0100 0000 0101 0100 2.61390 -36.5 20174 920.625 0
2022 0805 0100 0000 0101 0100 2.61390 -37.0 20909 920.625 0
2022 0805 0100 0000 0101 0100 2.62004 -36.5 21634 920.625 0
2022 0805 0100 0000 0101 0100 2.62618 -36.5 22371 920.625 0
2022 0805 0100 0000 0101 0100 2.63231 -36.5 23094 920.625 0
2022 0805 0100 0000 0101 0100 2.63845 -36.5 23819 920.625 0
2022 0805 0100 0000 0101 0100 2.64458 -37.0 24553 920.625 0
2022 0805 0100 0000 0101 0100 2.60163 -36.5 25284 920.625 0
2022 0805 0100 0000 0101 0100 2.58936 -36.5 26005 920.625 0
2022 0805 0100 0000 0101 0100 2.58936 -36.5 26730 920.625 0
2022 0805 0100 0000 0101 0100 2.61390 -36.5 27461 920.625 0
2022 0805 0100 0000 0101 0100 2.65072 -36.5 28195 920.625 0
2022 0805 0100 0000 0101 0100 2.65072 -36.5 28924 920.625 0
2022 0805 0100 0000 0101 0100 2.63845 -36.5 39507 920.625 0
2022 0805 0100 0000 0101 0100 2.63231 -36.5 40232 920.625 0
2022 0805 0100 0000 0101 0100 2.66913 -37.0 40983 920.625 0
2022 0805 0100 0000 0101 0100 2.62004 -36.5 41711 920.625 0
2022 0805 0100 0000 0101 0100 2.60777 -36.5 42445 920.625 0
2022 0805 0100 0000 0101 0100 2.60163 -36.5 43175 920.625 0
2022 0805 0100 0000 0101 0100 2.63845 -37.0 43900 920.625 0
2022 0805 0100 0000 0101 0100 2.63231 -36.5 44631 920.625 0
2022 0805 0100 0000 0101 0100 2.63845 -36.5 45362 920.625 0
2022 0805 0100 0000 0101 0100 2.64458 -36.5 46090 920.625 0
2022 0805 0100 0000 0101 0100 2.64458 -36.5 46829 920.625 0
2022 0805 0100 0000 0101 0100 2.64458 -37.0 47562 920.625 0
2022 0805 0100 0000 0101 0100 2.62618 -36.5 48287 920.625 0
2022 0805 0100 0000 0101 0100 2.65685 -36.5 49025 920.625 0
