2022 0805 0100 0000 0101 0100 1.01856 -37.0 0 920.625 0
2022 0805 0100 0000 0101 0100 1.04924 -37.5 696 920.625 0
2022 0805 0100 0000 0101 0100 1.04924 -38.0 1411 920.625 0
2022 0805 0100 0000 0101 0100 1.03697 -38.0 2111 920.625 0
2022 0805 0100 0000 0101 0100 1.03697 -37.0 2811 920.625 0
2022 0805 0100 0000 0101 0100 1.04924 -37.5 3509 920.625 0
2022 0805 0100 0000 0101 0100 1.04311 -37.5 4214 920.625 0
2022 0805 0100 0000 0101 0100 1.04311 -37.5 4911 920.625 0
2022 0805 0100 0000 0101 0100 1.04924 -37.5 5602 920.625 0
2022 0805 0100 0000 0101 0100 1.02470 -37.5 6299 920.625 0
2022 0805 0100 0000 0101 0100 1.04924 -37.5 6999 920.625 0
2022 0805 0100 0000 0101 0100 1.04311 -37.5 7703 920.625 0
2022 0805 0100 0000 0101 0100 1.03084 -37.5 8390 920.625 0
2022 0805 0100 0000 0101 0100 1.03697 -37.5 9087 920.625 0
2022 0805 0100 0000 0101 0100 1.04924 -37.5 9791 920.625 0
2022 0805 0100 0000 0101 0100 1.03084 -37.0 20070 920.625 0
2022 0805 0100 0000 0101 0100 1.02470 -37.0 20779 920.625 0
2022 0805 0100 0000 0101 0100 1.04311 -37.5 21468 920.625 0
2022 0805 0100 0000 0101 0100 1.03084 -37.0 22170 920.625 0
2022 0805 0100 0000 0101 0100 1.06765 -37.5 22869 920.625 0
2022 0805 0100 0000 0101 0100 1.03084 -37.5 23556 920.625 0
2022 0805 0100 0000 0101 0100 1.03697 -37.5 24253 920.625 0
2022 0805 0100 0000 0101 0100 1.03697 -37.5 24950 920.625 0
2022 0805 0100 0000 0101 0100 1.06765 -37.5 25649 920.625 0
2022 0805 0100 0000 0101 0100 1.04311 -37.5 26345 920.625 0
2022 0805 0100 0000 0101 0100 1.03084 -37.5 27034 920.625 0
2022 0805 0100 0000 0101 0100 1.03697 -37.0 27718 920.625 0
2022 0805 0100 0000 0101 0100 1.05538 -37.5 28414 920.625 0
2022 0805 0100 0000 0101 0100 1.04311 -37.5 29108 920.625 0
2022 0805 0100 0000 0101 0100 1.01243 -37.0 29809 920.625 0
2022 0805 0100 0000 0101 0100 1.01856 -37.5 40130 920.625 0
2022 0805 0100 0000 0101 0100 1.03697 -37.5 40822 920.625 0
2022 0805 0100 0000 0101 0100 1.02470 -37.5 41522 920.625 0
2022 0805 0100 0000 0101 0100 1.02470 -37.5 42221 920.625 0
2022 0805 0100 0000 0101 0100 1.05538 -37.5 42920 920.625 0
2022 0805 0100 0000 0101 0100 1.03697 -37.5 43614 920.625 0
2022 0805 0100 0000 0101 0100 1.03697 -37.5 44308 920.625 0
2022 0805 0100 0000 0101 0100 1.02470 -37.5 45003 920.625 0
2022 0805 0100 0000 0101 0100 1.03084 -37.5 45693 920.625 0
2022 0805 0100 0000 0101 0100 1.03084 -37.5 46396 920.625 0
2022 0805 0100 0000 0101 0100 1.04924 -37.5 47090 920.625 0
2022 0805 0100 0000 0101 0100 1.03697 -37.0 47790 920.625 0
2022 0805 0100 0000 0101 0100 1.03084 -37.5 48484 920.625 0
2022 0805 0100 0000 0101 0100 1.04924 -37.5 49181 920.625 0
2022 0805 0100 0000 0101 0100 1.03084 -37.5 49877 920.625 0
