2022 0805 0100 0000 0101 0100 5.27076 -40.0 0 920.625 0
2022 0805 0100 0000 0101 0100 5.38734 -41.0 686 920.625 0
2022 0805 0100 0000 0101 0100 5.43029 -40.0 1387 920.625 0
2022 0805 0100 0000 0101 0100 5.39348 -40.5 2064 920.625 0
2022 0805 0100 0000 0101 0100 5.39961 -41.0 2749 920.625 0
2022 0805 0100 0000 0101 0100 5.36893 -40.0 3425 920.625 0
2022 0805 0100 0000 0101 0100 5.37507 -40.5 4115 920.625 0
2022 0805 0100 0000 0101 0100 5.36280 -40.5 4800 920.625 0
2022 0805 0100 0000 0101 0100 5.39348 -40.0 5478 920.625 0
2022 0805 0100 0000 0101 0100 5.35666 -40.5 6161 920.625 0
2022 0805 0100 0000 0101 0100 5.41802 -40.5 6841 920.625 0
2022 0805 0100 0000 0101 0100 5.41188 -40.5 7537 920.625 0
2022 0805 0100 0000 0101 0100 5.38734 -40.5 8221 920.625 0
2022 0805 0100 0000 0101 0100 5.40575 -40.5 8904 920.625 0
2022 0805 0100 0000 0101 0100 5.35052 -40.5 9596 920.625 0
2022 0805 0100 0000 0101 0100 5.34439 -40.0 20060 920.625 0
2022 0805 0100 0000 0101 0100 5.35052 -40.5 20747 920.625 0
2022 0805 0100 0000 0101 0100 5.36893 -40.5 21436 920.625 0
2022 0805 0100 0000 0101 0100 5.38734 -40.0 22114 920.625 0
2022 0805 0100 0000 0101 0100 5.35052 -40.5 22797 920.625 0
2022 0805 0100 0000 0101 0100 5.38734 -40.5 23480 920.625 0
2022 0805 0100 0000 0101 0100 5.35052 -40.5 24157 920.625 0
2022 0805 0100 0000 0101 0100 5.35666 -40.5 24834 920.625 0
2022 0805 0100 0000 0101 0100 5.37507 -40.5 25517 920.625 0
2022 0805 0100 0000 0101 0100 5.35666 -40.0 26203 920.625 0
2022 0805 0100 0000 0101 0100 5.33825 -40.5 26877 920.625 0
2022 0805 0100 0000 0101 0100 5.35052 -40.0 27563 920.625 0
2022 0805 0100 0000 0101 0100 5.38734 -40.0 28244 920.625 0
2022 0805 0100 0000 0101 0100 5.35052 -40.5 28927 920.625 0
2022 0805 0100 0000 0101 0100 5.39348 -40.5 29607 920.625 0
2022 0805 0100 0000 0101 0100 5.30757 -40.5 40120 920.625 0
2022 0805 0100 0000 0101 0100 5.39348 -40.5 40802 920.625 0
2022 0805 0100 0000 0101 0100 5.40575 -40.5 41484 920.625 0
2022 0805 0100 0000 0101 0100 5.39961 -40.5 42176 920.625 0
2022 0805 0100 0000 0101 0100 5.35052 -40.0 42869 920.625 0
2022 0805 0100 0000 0101 0100 5.35666 -40.0 43553 920.625 0
2022 0805 0100 0000 0101 0100 5.35666 -40.0 44246 920.625 0
2022 0805 0100 0000 0101 0100 5.39961 -40.5 44928 920.625 0
2022 0805 0100 0000 0101 0100 5.35666 -40.0 45634 920.625 0
2022 0805 0100 0000 0101 0100 5.36280 -40.0 46326 920.625 0
2022 0805 0100 0000 0101 0100 5.39961 -40.5 47005 920.625 0
2022 0805 0100 0000 0101 0100 5.36280 -40.5 47689 920.625 0
2022 0805 0100 0000 0101 0100 5.35052 -40.0 48369 920.625 0
2022 0805 0100 0000 0101 0100 5.36280 -40.5 49047 920.625 0
2022 0805 0100 0000 0101 0100 5.31985 -40.5 49731 920.625 0
