2022 0805 0100 0000 0101 0100 5.43643 -40.5 0 920.625 0
2022 0805 0100 0000 0101 0100 5.47324 -40.5 662 920.625 0
2022 0805 0100 0000 0101 0100 5.43643 -40.0 1324 920.625 0
2022 0805 0100 0000 0101 0100 5.44870 -40.5 1998 920.625 0
2022 0805 0100 0000 0101 0100 5.43643 -40.0 2662 920.625 0
2022 0805 0100 0000 0101 0100 5.44256 -40.5 3335 920.625 0
2022 0805 0100 0000 0101 0100 5.46097 -40.5 4002 920.625 0
2022 0805 0100 0000 0101 0100 5.44256 -40.5 4679 920.625 0
2022 0805 0100 0000 0101 0100 5.46711 -41.0 5359 920.625 0
2022 0805 0100 0000 0101 0100 5.44256 -40.5 6017 920.625 0
2022 0805 0100 0000 0101 0100 5.43029 -40.5 6676 920.625 0
2022 0805 0100 0000 0101 0100 5.45484 -40.5 7335 920.625 0
2022 0805 0100 0000 0101 0100 5.43029 -40.0 8000 920.625 0
2022 0805 0100 0000 0101 0100 5.44870 -40.0 8667 920.625 0
2022 0805 0100 0000 0101 0100 5.44256 -40.5 9341 920.625 0
2022 0805 0100 0000 0101 0100 5.41188 -40.0 20070 920.625 0
2022 0805 0100 0000 0101 0100 5.45484 -41.0 20741 920.625 0
2022 0805 0100 0000 0101 0100 5.44256 -40.5 21400 920.625 0
2022 0805 0100 0000 0101 0100 5.45484 -40.5 22068 920.625 0
2022 0805 0100 0000 0101 0100 5.43643 -40.5 22733 920.625 0
2022 0805 0100 0000 0101 0100 5.44256 -40.5 23398 920.625 0
2022 0805 0100 0000 0101 0100 5.46097 -40.5 24070 920.625 0
2022 0805 0100 0000 0101 0100 5.43029 -40.5 24759 920.625 0
2022 0805 0100 0000 0101 0100 5.44256 -40.5 25419 920.625 0
2022 0805 0100 0000 0101 0100 5.43643 -40.5 26089 920.625 0
2022 0805 0100 0000 0101 0100 5.43643 -40.5 26764 920.625 0
2022 0805 0100 0000 0101 0100 5.43643 -41.0 27438 920.625 0
2022 0805 0100 0000 0101 0100 5.46711 -41.0 28115 920.625 0
2022 0805 0100 0000 0101 0100 5.43643 -40.5 28777 920.625 0
2022 0805 0100 0000 0101 0100 5.43643 -40.5 29452 920.625 0
2022 0805 0100 0000 0101 0100 5.41188 -40.0 40130 920.625 0
2022 0805 0100 0000 0101 0100 5.46097 -41.0 40793 920.625 0
2022 0805 0100 0000 0101 0100 5.43029 -40.5 41460 920.625 0
2022 0805 0100 0000 0101 0100 5.43643 -40.0 42131 920.625 0
2022 0805 0100 0000 0101 0100 5.40575 -40.5 42801 920.625 0
2022 0805 0100 0000 0101 0100 5.41802 -40.5 43476 920.625 0
2022 0805 0100 0000 0101 0100 5.37507 -40.5 44137 920.625 0
2022 0805 0100 0000 0101 0100 5.46711 -40.5 44804 920.625 0
2022 0805 0100 0000 0101 0100 5.43029 -40.5 45481 920.625 0
2022 0805 0100 0000 0101 0100 5.44870 -40.5 46144 920.625 0
2022 0805 0100 0000 0101 0100 5.42416 -40.5 46808 920.625 0
2022 0805 0100 0000 0101 0100 5.41802 -40.5 47479 920.625 0
2022 0805 0100 0000 0101 0100 5.39348 -40.5 48152 920.625 0
2022 0805 0100 0000 0101 0100 5.39961 -40.0 48822 920.625 0
2022 0805 0100 0000 0101 0100 5.42416 -40.5 49488 920.625 0
