2022 0805 0100 0000 0101 0100 5.50392 -40.5 0 920.625 0
2022 0805 0100 0000 0101 0100 5.52233 -41.0 646 920.625 0
2022 0805 0100 0000 0101 0100 5.51006 -41.0 1290 920.625 0
2022 0805 0100 0000 0101 0100 5.51006 -41.0 1944 920.625 0
2022 0805 0100 0000 0101 0100 5.51006 -41.0 2582 920.625 0
2022 0805 0100 0000 0101 0100 5.51006 -41.0 3245 920.625 0
2022 0805 0100 0000 0101 0100 5.49165 -41.0 3900 920.625 0
2022 0805 0100 0000 0101 0100 5.49779 -41.0 4549 920.625 0
2022 0805 0100 0000 0101 0100 5.51619 -41.0 5203 920.625 0
2022 0805 0100 0000 0101 0100 5.49165 -41.0 5842 920.625 0
2022 0805 0100 0000 0101 0100 5.48552 -41.0 6487 920.625 0
2022 0805 0100 0000 0101 0100 5.47938 -41.0 7127 920.625 0
2022 0805 0100 0000 0101 0100 5.48552 -41.0 7766 920.625 0
2022 0805 0100 0000 0101 0100 5.47938 -41.0 8437 920.625 0
2022 0805 0100 0000 0101 0100 5.49779 -41.0 9090 920.625 0
2022 0805 0100 0000 0101 0100 5.48552 -41.0 9731 920.625 0
2022 0805 0100 0000 0101 0100 5.46711 -41.0 20070 920.625 0
2022 0805 0100 0000 0101 0100 5.47938 -41.0 20718 920.625 0
2022 0805 0100 0000 0101 0100 5.48552 -41.5 21381 920.625 0
2022 0805 0100 0000 0101 0100 5.45484 -41.0 22032 920.625 0
2022 0805 0100 0000 0101 0100 5.49779 -41.0 22694 920.625 0
2022 0805 0100 0000 0101 0100 5.47324 -41.0 23346 920.625 0
2022 0805 0100 0000 0101 0100 5.48552 -41.0 23993 920.625 0
2022 0805 0100 0000 0101 0100 5.49165 -41.0 24645 920.625 0
2022 0805 0100 0000 0101 0100 5.44256 -41.0 25293 920.625 0
2022 0805 0100 0000 0101 0100 5.47938 -41.0 25939 920.625 0
2022 0805 0100 0000 0101 0100 5.50392 -41.0 26582 920.625 0
2022 0805 0100 0000 0101 0100 5.49165 -41.0 27240 920.625 0
2022 0805 0100 0000 0101 0100 5.50392 -41.0 27889 920.625 0
2022 0805 0100 0000 0101 0100 5.49165 -41.0 28545 920.625 0
2022 0805 0100 0000 0101 0100 5.49165 -41.0 29201 920.625 0
2022 0805 0100 0000 0101 0100 5.52847 -41.0 29869 920.625 0
2022 0805 0100 0000 0101 0100 5.49165 -41.0 40130 920.625 0
2022 0805 0100 0000 0101 0100 5.49779 -41.0 40785 920.625 0
2022 0805 0100 0000 0101 0100 5.51006 -41.0 41435 920.625 0
2022 0805 0100 0000 0101 0100 5.51006 -41.5 42096 920.625 0
2022 0805 0100 0000 0101 0100 5.52233 -41.0 42748 920.625 0
2022 0805 0100 0000 0101 0100 5.52233 -41.0 43401 920.625 0
2022 0805 0100 0000 0101 0100 5.52847 -41.0 44059 920.625 0
2022 0805 0100 0000 0101 0100 5.51619 -41.5 44715 920.625 0
2022 0805 0100 0000 0101 0100 5.50392 -41.0 45387 920.625 0
2022 0805 0100 0000 0101 0100 5.52233 -41.0 46044 920.625 0
2022 0805 0100 0000 0101 0100 5.54074 -41.5 46700 920.625 0
2022 0805 0100 0000 0101 0100 5.51006 -41.0 47344 920.625 0
2022 0805 0100 0000 0101 0100 5.50392 -41.0 47995 920.625 0
2022 0805 0100 0000 0101 0100 5.54687 -41.0 48650 920.625 0
2022 0805 0100 0000 0101 0100 5.49165 -41.0 49302 920.625 0
2022 0805 0100 0000 0101 0100 5.47938 -41.0 49959 920.625 0
