2022 0805 0100 0000 0101 0100 5.57755 -40.0 0 920.625 0
2022 0805 0100 0000 0101 0100 5.62664 -40.0 631 920.625 0
2022 0805 0100 0000 0101 0100 5.58983 -40.0 1265 920.625 0
2022 0805 0100 0000 0101 0100 5.61437 -40.0 1902 920.625 0
2022 0805 0100 0000 0101 0100 5.61437 -40.0 2538 920.625 0
2022 0805 0100 0000 0101 0100 5.60823 -40.0 3170 920.625 0
2022 0805 0100 0000 0101 0100 5.58983 -40.0 3811 920.625 0
2022 0805 0100 0000 0101 0100 5.60210 -40.0 4452 920.625 0
2022 0805 0100 0000 0101 0100 5.60823 -40.0 5083 920.625 0
2022 0805 0100 0000 0101 0100 5.58369 -40.0 5723 920.625 0
2022 0805 0100 0000 0101 0100 5.62664 -40.0 6356 920.625 0
2022 0805 0100 0000 0101 0100 5.60823 -40.0 7002 920.625 0
2022 0805 0100 0000 0101 0100 5.60823 -40.0 7638 920.625 0
2022 0805 0100 0000 0101 0100 5.60823 -40.0 8271 920.625 0
2022 0805 0100 0000 0101 0100 5.58369 -40.0 8895 920.625 0
2022 0805 0100 0000 0101 0100 5.60823 -40.0 9523 920.625 0
2022 0805 0100 0000 0101 0100 5.58983 -40.0 20050 920.625 0
2022 0805 0100 0000 0101 0100 5.59596 -40.0 20695 920.625 0
2022 0805 0100 0000 0101 0100 5.60823 -40.5 21344 920.625 0
2022 0805 0100 0000 0101 0100 5.58369 -40.0 21973 920.625 0
2022 0805 0100 0000 0101 0100 5.59596 -40.0 22611 920.625 0
2022 0805 0100 0000 0101 0100 5.59596 -40.0 23254 920.625 0
2022 0805 0100 0000 0101 0100 5.61437 -40.5 23884 920.625 0
2022 0805 0100 0000 0101 0100 5.59596 -40.5 24528 920.625 0
2022 0805 0100 0000 0101 0100 5.59596 -40.5 25152 920.625 0
2022 0805 0100 0000 0101 0100 5.58369 -40.0 25790 920.625 0
2022 0805 0100 0000 0101 0100 5.59596 -40.0 26425 920.625 0
2022 0805 0100 0000 0101 0100 5.58369 -40.0 27063 920.625 0
2022 0805 0100 0000 0101 0100 5.57142 -40.5 27700 920.625 0
2022 0805 0100 0000 0101 0100 5.57755 -40.0 28333 920.625 0
2022 0805 0100 0000 0101 0100 5.58983 -40.5 28971 920.625 0
2022 0805 0100 0000 0101 0100 5.57142 -40.0 29600 920.625 0
2022 0805 0100 0000 0101 0100 5.54687 -40.0 40100 920.625 0
2022 0805 0100 0000 0101 0100 5.57755 -40.5 40735 920.625 0
2022 0805 0100 0000 0101 0100 5.56528 -40.5 41381 920.625 0
2022 0805 0100 0000 0101 0100 5.56528 -40.5 42017 920.625 0
2022 0805 0100 0000 0101 0100 5.55301 -40.5 42659 920.625 0
2022 0805 0100 0000 0101 0100 5.58369 -40.5 43286 920.625 0
2022 0805 0100 0000 0101 0100 5.58369 -40.5 43926 920.625 0
2022 0805 0100 0000 0101 0100 5.56528 -40.5 44563 920.625 0
2022 0805 0100 0000 0101 0100 5.57755 -40.5 45189 920.625 0
2022 0805 0100 0000 0101 0100 5.55301 -40.5 45847 920.625 0
2022 0805 0100 0000 0101 0100 5.57755 -40.5 46490 920.625 0
2022 0805 0100 0000 0101 0100 5.55301 -40.5 47129 920.625 0
2022 0805 0100 0000 0101 0100 5.55915 -40.5 47755 920.625 0
2022 0805 0100 0000 0101 0100 5.56528 -40.5 48388 920.625 0
2022 0805 0100 0000 0101 0100 5.55915 -40.5 49022 920.625 0
2022 0805 0100 0000 0101 0100 5.56528 -40.5 49653 920.625 0
