2022 0805 0100 0000 0101 0100 6.22796 -39.0 0 920.625 0
2022 0805 0100 0000 0101 0100 6.23410 -39.5 556 920.625 0
2022 0805 0100 0000 0101 0100 6.27705 -39.5 1123 920.625 0
2022 0805 0100 0000 0101 0100 6.24637 -39.5 1692 920.625 0
2022 0805 0100 0000 0101 0100 6.23410 -39.5 2252 920.625 0
2022 0805 0100 0000 0101 0100 6.24637 -39.5 2822 920.625 0
2022 0805 0100 0000 0101 0100 6.24637 -39.5 3392 920.625 0
2022 0805 0100 0000 0101 0100 6.22796 -39.5 3975 920.625 0
2022 0805 0100 0000 0101 0100 6.25864 -39.5 4547 920.625 0
2022 0805 0100 0000 0101 0100 6.25864 -39.5 5117 920.625 0
2022 0805 0100 0000 0101 0100 6.25864 -39.5 5679 920.625 0
2022 0805 0100 0000 0101 0100 6.27091 -39.5 6244 920.625 0
2022 0805 0100 0000 0101 0100 6.27705 -39.5 6822 920.625 0
2022 0805 0100 0000 0101 0100 6.27705 -39.5 7394 920.625 0
2022 0805 0100 0000 0101 0100 6.22183 -39.5 7950 920.625 0
2022 0805 0100 0000 0101 0100 0.00000 -39.5 8524 920.625 0
2022 0805 0100 0000 0101 0100 6.27091 -39.5 9081 920.625 0
2022 0805 0100 0000 0101 0100 6.23410 -39.5 9654 920.625 0
2022 0805 0100 0000 0101 0100 6.20955 -39.0 20069 920.625 0
2022 0805 0100 0000 0101 0100 6.21569 -39.5 20646 920.625 0
2022 0805 0100 0000 0101 0100 6.20955 -39.5 21225 920.625 0
2022 0805 0100 0000 0101 0100 6.20955 -39.5 21806 920.625 0
2022 0805 0100 0000 0101 0100 6.20955 -39.0 22381 920.625 0
2022 0805 0100 0000 0101 0100 6.24637 -39.0 22947 920.625 0
2022 0805 0100 0000 0101 0100 6.19115 -39.0 23507 920.625 0
2022 0805 0100 0000 0101 0100 6.19728 -39.0 24072 920.625 0
2022 0805 0100 0000 0101 0100 6.20955 -39.0 24635 920.625 0
2022 0805 0100 0000 0101 0100 6.17887 -39.0 25213 920.625 0
2022 0805 0100 0000 0101 0100 6.20342 -39.0 25793 920.625 0
2022 0805 0100 0000 0101 0100 6.20955 -39.0 26360 920.625 0
2022 0805 0100 0000 0101 0100 6.19728 -39.0 26924 920.625 0
2022 0805 0100 0000 0101 0100 6.17887 -39.0 27504 920.625 0
2022 0805 0100 0000 0101 0100 6.17887 -38.5 28078 920.625 0
2022 0805 0100 0000 0101 0100 6.10524 -40.5 28644 920.625 0
2022 0805 0100 0000 0101 0100 5.53460 -43.5 29227 920.625 0
2022 0805 0100 0000 0101 0100 2.90229 -36.0 29788 920.625 0
2022 0805 0100 0000 0101 0100 0.65041 -37.0 40139 920.625 0
2022 0805 0100 0000 0101 0100 0.65041 -37.0 40715 920.625 0
2022 0805 0100 0000 0101 0100 0.69336 -37.5 41298 920.625 0
2022 0805 0100 0000 0101 0100 0.65041 -37.5 41872 920.625 0
2022 0805 0100 0000 0101 0100 0.65041 -37.5 42448 920.625 0
2022 0805 0100 0000 0101 0100 0.64427 -37.5 43022 920.625 0
2022 0805 0100 0000 0101 0100 0.65041 -37.0 43600 920.625 0
2022 0805 0100 0000 0101 0100 0.65041 -37.0 44166 920.625 0
2022 0805 0100 0000 0101 0100 0.64427 -37.5 44738 920.625 0
2022 0805 0100 0000 0101 0100 0.65041 -37.5 45313 920.625 0
2022 0805 0100 0000 0101 0100 0.63814 -37.0 45884 920.625 0
2022 0805 0100 0000 0101 0100 0.64427 -37.5 46463 920.625 0
2022 0805 0100 0000 0101 0100 0.64427 -37.5 47033 920.625 0
2022 0805 0100 0000 0101 0100 0.63814 -37.5 47603 920.625 0
2022 0805 0100 0000 0101 0100 0.64427 -37.5 48186 920.625 0
2022 0805 0100 0000 0101 0100 0.64427 -37.0 48772 920.625 0
2022 0805 0100 0000 0101 0100 0.62586 -37.5 49345 920.625 0
2022 0805 0100 0000 0101 0100 0.66268 -37.5 49925 920.625 0
