001 1.21491 -51.5 0 923.625 0
101 6.14206 -49.5 118 923.625 0
100 3.54656 -52.5 479 923.625 0
101 5.98253 -47.5 1026 923.625 0
100 1.66897 -47.5 1133 923.625 0
100 5.79845 -49.5 1878 920.625 0
101 5.83526 -44.0 1883 920.625 0
100 4.50990 -48.5 2625 920.625 0
101 5.65119 -50.0 2744 920.625 0
100 5.06827 -48.0 3368 921.625 0
101 5.18486 -50.5 3585 921.625 0
100 5.06827 -47.0 4120 921.625 0
101 2.95751 -44.0 14275 922.625 0
100 1.55852 -48.0 15041 922.625 0
101 1.10447 -47.0 15083 922.625 0
100 4.89033 -51.5 15793 922.625 0
101 4.60194 -43.5 15938 922.625 0
100 2.87161 -47.5 16545 923.625 0
101 3.68769 -43.0 16797 923.625 0
100 3.20295 -51.0 17297 923.625 0
100 4.28287 -47.0 18052 920.625 0
101 3.63860 -43.5 18502 920.625 0
100 4.49763 -47.0 18791 920.625 0
101 3.54656 -44.0 19359 920.625 0
100 4.34423 -46.5 19538 920.625 0
101 2.73662 -44.0 20210 921.625 0
100 3.41771 -46.5 20288 921.625 0
100 3.50975 -46.5 21033 921.625 0
101 2.82252 -44.0 21074 921.625 0
100 2.85934 -46.5 21771 922.625 0
101 2.11076 -44.5 21924 922.625 0
100 2.80412 -46.5 22525 922.625 0
101 1.84078 -44.5 22773 922.625 0
100 2.00031 -46.0 23276 923.625 0
101 1.23332 -44.0 23625 923.625 0
100 2.36233 -46.0 24022 923.625 0
101 3.26431 -44.5 34319 920.625 0
100 4.20311 -46.0 34324 920.625 0
100 4.25219 -46.0 35077 920.625 0
101 3.38703 -45.0 35161 920.625 0
100 4.28287 -46.5 35819 920.625 0
101 3.23977 -45.0 36012 920.625 0
100 3.54656 -46.0 36567 921.625 0
101 2.79798 -45.0 36868 921.625 0
100 3.47293 -46.0 37316 921.625 0
101 2.79185 -44.5 37722 921.625 0
100 2.75503 -46.0 38063 922.625 0
101 1.74874 -44.5 38572 922.625 0
100 2.76730 -46.0 38815 922.625 0
101 1.79169 -44.5 39430 922.625 0
100 2.75503 -46.5 39570 922.625 0
101 1.58920 -44.5 40284 923.625 0
100 2.00645 -46.0 40315 923.625 0
100 1.74874 -46.0 41049 923.625 0
101 1.24559 -44.0 41149 923.625 0
100 4.47922 -45.5 41797 920.625 0
101 3.40544 -44.5 41991 920.625 0
100 4.24606 -46.0 42550 920.625 0
101 3.31953 -44.5 42849 920.625 0
100 3.58338 -46.0 43293 921.625 0
101 2.62004 -45.0 43701 921.625 0
100 3.53429 -46.0 44044 921.625 0
