101 1.80396 -45.0 0 922.625 0
001 4.01903 -45.5 5 922.625 0
100 2.62004 -49.5 10 922.625 0
100 2.98819 -49.5 749 922.625 0
001 4.00676 -46.5 801 922.625 0
101 1.63829 -45.0 842 922.625 0
100 2.74889 -50.0 1478 922.625 0
001 4.26447 -46.5 1599 922.625 0
101 1.55852 -45.0 1699 922.625 0
100 1.92054 -49.5 2215 923.625 0
001 2.94524 -46.5 2401 923.625 0
101 1.37445 -44.5 2538 923.625 0
100 1.88373 -49.5 2949 923.625 0
001 2.93297 -46.0 3191 923.625 0
101 1.21491 -44.5 3385 923.625 0
100 4.49150 -49.5 3691 920.625 0
001 5.31985 -46.5 3977 920.625 0
101 3.24590 -44.5 4232 920.625 0
100 4.61421 -49.0 4435 920.625 0
001 5.25235 -46.0 4774 920.625 0
101 3.12318 -44.5 5071 920.625 0
100 4.18470 -49.0 5173 920.625 0
001 4.46695 -46.0 5561 921.625 0
100 3.23977 -49.0 5905 921.625 0
101 2.63231 -45.0 5914 921.625 0
001 4.47922 -46.5 6357 921.625 0
100 3.12932 -49.0 6637 921.625 0
101 2.70594 -45.0 6753 921.625 0
001 4.52831 -46.5 7156 921.625 0
100 2.71208 -49.5 7373 922.625 0
101 1.62602 -45.0 7600 922.625 0
001 3.86563 -46.5 7945 922.625 0
100 2.66299 -49.5 8112 922.625 0
101 1.65670 -44.5 8452 922.625 0
001 4.19084 -46.5 8736 922.625 0
100 2.80412 -50.0 8850 922.625 0
101 1.20878 -45.0 9301 923.625 0
001 2.93297 -46.5 9532 923.625 0
100 1.69965 -49.5 9578 923.625 0
100 4.10493 -49.0 20066 920.625 0
101 3.18454 -44.5 20071 920.625 0
001 5.46711 -46.0 20076 920.625 0
100 4.41786 -49.5 20794 920.625 0
001 5.38734 -47.0 20874 920.625 0
101 3.16614 -44.5 20921 920.625 0
100 4.24606 -49.5 21540 920.625 0
001 5.46097 -46.0 21668 920.625 0
101 3.14159 -44.5 21761 920.625 0
100 3.12932 -49.5 22284 921.625 0
001 4.48536 -46.0 22453 921.625 0
101 2.60777 -44.5 22608 921.625 0
100 3.01274 -49.0 23032 921.625 0
001 4.46695 -46.5 23239 921.625 0
101 2.68140 -44.0 23452 921.625 0
100 2.74276 -50.0 23775 922.625 0
001 3.92699 -46.5 24026 922.625 0
101 1.65056 -45.0 24299 922.625 0
100 2.65072 -50.0 24515 922.625 0
001 4.08039 -46.0 24833 922.625 0
101 1.69351 -44.5 25148 922.625 0
100 2.95751 -49.5 25261 922.625 0
001 2.96365 -46.5 25622 923.625 0
100 1.73033 -49.5 25995 923.625 0
101 1.44194 -44.5 26004 923.625 0
001 2.99433 -46.5 26417 923.625 0
100 1.98804 -50.0 26729 923.625 0
101 1.15355 -45.0 26840 923.625 0
001 3.12932 -46.5 27224 923.625 0
100 3.94540 -49.5 27476 920.625 0
101 3.08023 -44.5 27681 920.625 0
001 5.64505 -46.5 28015 920.625 0
100 4.04357 -49.5 28200 920.625 0
101 3.13546 -44.5 28519 920.625 0
001 5.33825 -46.5 28813 920.625 0
100 4.17856 -49.0 28935 920.625 0
101 2.73049 -45.0 29362 921.625 0
001 4.49150 -46.5 29601 921.625 0
100 3.14773 -49.5 29670 921.625 0
101 1.67511 -45.0 40113 922.625 0
100 2.61390 -49.5 40119 922.625 0
001 3.95153 -46.5 40129 922.625 0
100 2.81639 -49.5 40855 922.625 0
001 3.82882 -46.0 40926 922.625 0
101 1.63829 -44.5 40966 922.625 0
100 2.65072 -49.5 41590 922.625 0
001 4.20311 -46.0 41729 922.625 0
101 1.62602 -45.0 41815 922.625 0
100 1.71806 -50.0 42333 923.625 0
001 2.94524 -46.0 42532 923.625 0
101 1.08606 -45.0 42661 923.625 0
100 1.68124 -49.5 43066 923.625 0
001 3.09251 -46.5 43333 923.625 0
101 1.15355 -45.0 43508 923.625 0
100 4.30742 -49.5 43803 920.625 0
001 5.59596 -46.0 44129 920.625 0
101 3.18454 -45.0 44358 920.625 0
100 4.35651 -48.5 44536 920.625 0
001 5.63278 -45.5 44920 920.625 0
101 3.14159 -44.5 45201 920.625 0
100 4.22152 -49.0 45266 920.625 0
001 4.45468 -46.0 45705 921.625 0
100 3.38703 -49.5 46003 921.625 0
101 2.50346 -44.5 46039 921.625 0
001 4.44854 -45.5 46496 921.625 0
100 3.01887 -49.0 46736 921.625 0
101 2.62618 -44.5 46881 921.625 0
001 3.73064 -46.5 47294 922.625 0
100 2.73662 -49.0 47485 922.625 0
101 1.79169 -44.5 47728 922.625 0
001 4.16016 -45.5 48085 922.625 0
100 2.38074 -49.5 48228 922.625 0
101 1.84691 -44.5 48576 922.625 0
001 4.22765 -46.0 48884 922.625 0
100 2.60777 -49.5 48971 922.625 0
101 1.09219 -44.5 49417 923.625 0
001 2.92070 -46.0 49678 923.625 0
100 1.87759 -49.5 49699 923.625 0
