101 5.64505 -44.5 0 920.625 0
100 6.05616 -46.0 5 920.625 0
100 5.71254 -46.5 719 920.625 0
101 5.88435 -44.5 812 920.625 0
100 5.60210 -46.0 1431 920.625 0
101 6.27091 -44.5 1622 920.625 0
100 4.65717 -47.0 2145 921.625 0
001 5.93957 -49.0 2383 921.625 0
101 4.84738 -44.5 2427 921.625 0
001 5.86594 -50.0 3160 921.625 0
101 4.82897 -44.0 3245 921.625 0
100 4.14175 -47.0 3591 922.625 0
001 4.71852 -49.5 3933 922.625 0
101 4.28287 -44.0 4058 922.625 0
100 4.24606 -46.5 4321 922.625 0
001 4.68171 -49.0 4707 922.625 0
101 4.18470 -44.5 4870 922.625 0
100 4.18470 -46.5 5032 922.625 0
001 4.23379 -49.0 5482 923.625 0
101 3.44225 -44.5 5679 923.625 0
100 3.13546 -46.5 5758 923.625 0
001 4.18470 -49.0 6256 923.625 0
100 3.17841 -46.5 6473 923.625 0
101 3.50361 -44.5 6483 923.625 0
001 4.08039 -49.0 7029 923.625 0
100 5.78004 -46.5 7194 920.625 0
101 5.71868 -44.5 7295 920.625 0
100 5.76163 -46.5 7900 920.625 0
101 5.78618 -44.5 8109 920.625 0
100 5.84753 -47.0 8621 920.625 0
101 5.69414 -45.0 8921 920.625 0
001 6.05002 -49.5 9366 921.625 0
101 4.77375 -44.0 9731 921.625 0
101 4.27674 -44.5 20042 922.625 0
100 4.14788 -47.0 20047 922.625 0
001 4.66330 -49.5 20052 922.625 0
100 4.16016 -47.0 20756 922.625 0
001 4.75534 -49.5 20825 922.625 0
101 4.31969 -44.0 20858 922.625 0
100 4.29515 -47.0 21465 922.625 0
001 4.85352 -49.5 21599 922.625 0
101 4.28901 -44.5 21668 922.625 0
100 3.17227 -47.0 22190 923.625 0
001 4.39332 -49.0 22371 923.625 0
101 3.60179 -44.5 22480 923.625 0
100 3.17841 -47.5 22903 923.625 0
001 4.32583 -49.0 23147 923.625 0
101 3.36862 -44.5 23296 923.625 0
100 3.30113 -47.0 23618 923.625 0
001 6.25864 -50.5 23927 920.625 0
101 5.76777 -44.5 24106 920.625 0
100 5.63891 -47.0 24344 920.625 0
101 5.86594 -45.0 24911 920.625 0
100 5.77390 -46.5 25053 920.625 0
001 5.68800 -50.0 25510 921.625 0
101 4.85352 -44.5 25726 921.625 0
001 5.97639 -50.5 26281 921.625 0
100 4.73080 -47.5 26483 921.625 0
101 4.77375 -45.0 26539 921.625 0
001 5.87821 -49.5 27053 921.625 0
100 4.66330 -46.5 27207 921.625 0
101 4.33196 -44.5 27357 922.625 0
100 4.01903 -47.0 27920 922.625 0
101 4.34423 -44.0 28168 922.625 0
001 4.79829 -49.0 28601 922.625 0
100 4.23379 -47.0 28629 922.625 0
101 4.38105 -44.0 28974 922.625 0
100 3.17227 -47.5 29358 923.625 0
001 4.14788 -49.0 29379 923.625 0
101 3.30113 -45.0 29790 923.625 0
100 5.86594 -47.0 40070 920.625 0
101 5.76777 -45.5 40075 920.625 0
100 5.67573 -47.0 40797 920.625 0
101 5.72482 -45.5 40889 920.625 0
100 5.97639 -46.5 41509 920.625 0
001 6.27705 -49.5 41645 920.625 0
101 6.22796 -45.0 41704 920.625 0
100 4.68171 -47.5 42223 921.625 0
001 5.87821 -49.5 42418 921.625 0
101 4.85965 -45.5 42519 921.625 0
100 4.71852 -47.5 42937 921.625 0
001 5.77390 -49.0 43196 921.625 0
101 4.84124 -45.0 43335 921.625 0
100 4.35037 -47.0 43662 922.625 0
001 4.74920 -49.0 43973 922.625 0
101 4.43627 -45.5 44142 922.625 0
100 4.28287 -47.5 44382 922.625 0
001 4.84124 -48.5 44740 922.625 0
101 4.34423 -45.5 44960 922.625 0
100 4.52218 -47.0 45095 922.625 0
001 4.14175 -48.0 45515 923.625 0
101 3.69383 -45.5 45773 923.625 0
100 3.26431 -48.5 45811 923.625 0
001 4.68785 -48.5 46294 923.625 0
100 3.27045 -48.0 46517 923.625 0
101 3.47293 -45.0 46583 923.625 0
001 1.73647 -49.0 47067 923.625 0
100 2.77957 -45.5 47231 923.625 0
101 4.37491 -47.0 47395 920.625 0
100 5.71868 -49.0 47951 920.625 0
100 5.77390 -49.5 48675 920.625 0
100 5.11736 -48.0 49399 921.625 0
