101 4.27060 -42.5 0 920.625 0
100 4.25219 -49.5 5 920.625 0
100 4.41786 -49.0 698 920.625 0
101 4.28287 -42.0 772 920.625 0
100 4.57740 -49.0 1396 920.625 0
101 4.24606 -42.5 1561 920.625 0
100 3.50361 -49.5 2095 921.625 0
101 3.19068 -42.0 2340 921.625 0
100 3.52202 -48.5 2795 921.625 0
101 3.15386 -42.5 3105 921.625 0
100 3.28272 -49.5 3484 921.625 0
101 2.77957 -42.0 3876 922.625 0
100 2.92684 -50.0 4187 922.625 0
101 2.77957 -42.0 4654 922.625 0
100 2.96979 -49.0 4884 922.625 0
101 1.73647 -42.0 5439 923.625 0
100 1.84691 -49.0 5583 923.625 0
101 1.69351 -42.0 6210 923.625 0
100 2.05553 -49.5 6270 923.625 0
100 1.81010 -49.0 6967 923.625 0
101 1.63216 -42.0 6990 923.625 0
100 4.45468 -48.5 7657 920.625 0
101 4.20311 -42.0 7779 920.625 0
100 4.57740 -49.0 8346 920.625 0
101 4.12334 -42.0 8552 920.625 0
100 3.62019 -49.0 9046 921.625 0
101 3.14773 -42.5 9333 921.625 0
100 3.35635 -49.5 9743 921.625 0
101 2.81025 -42.0 20041 922.625 0
100 2.84707 -49.5 20046 922.625 0
100 2.74889 -49.5 20736 922.625 0
101 2.60777 -42.0 20813 922.625 0
100 2.78571 -49.5 21421 922.625 0
101 2.61390 -42.5 21581 922.625 0
100 2.22120 -49.0 22120 923.625 0
101 1.71806 -42.5 22358 923.625 0
100 2.24575 -49.5 22813 923.625 0
101 1.51557 -42.0 23153 923.625 0
100 2.17212 -49.5 23510 923.625 0
101 4.19084 -42.0 23923 920.625 0
100 4.19084 -49.0 24215 920.625 0
101 4.24606 -42.0 24712 920.625 0
100 4.05585 -49.0 24911 920.625 0
100 3.55884 -49.0 25612 921.625 0
101 3.04955 -42.5 26269 921.625 0
100 3.62019 -50.0 26301 921.625 0
100 3.31953 -49.5 26997 921.625 0
101 3.11705 -42.5 27039 921.625 0
100 2.71208 -49.5 27693 922.625 0
101 2.60163 -42.0 27811 922.625 0
100 2.62618 -49.5 28388 922.625 0
101 2.69981 -42.5 28597 922.625 0
100 2.23348 -49.5 29084 923.625 0
101 1.58920 -42.0 29378 923.625 0
100 2.03099 -49.5 29775 923.625 0
100 4.28901 -49.0 40082 920.625 0
101 3.95767 -42.5 40087 920.625 0
100 4.43627 -49.0 40783 920.625 0
101 4.10493 -42.0 40880 920.625 0
100 4.40559 -49.5 41476 920.625 0
101 4.27060 -42.0 41667 920.625 0
100 3.31953 -49.0 42168 921.625 0
101 3.20295 -42.0 42445 921.625 0
100 3.35635 -49.0 42869 921.625 0
101 3.14773 -42.0 43238 921.625 0
100 3.73064 -48.5 43567 921.625 0
101 2.74889 -42.0 44021 922.625 0
100 2.77344 -49.0 44263 922.625 0
101 2.62004 -42.0 44805 922.625 0
100 2.99433 -49.5 44951 922.625 0
101 1.61375 -42.5 45600 923.625 0
100 1.87759 -48.5 45643 923.625 0
100 2.08008 -50.0 46339 923.625 0
101 1.60761 -42.5 46381 923.625 0
100 1.86532 -50.0 47032 923.625 0
101 1.60761 -42.5 47167 923.625 0
100 4.24606 -49.5 47729 920.625 0
101 4.19697 -42.5 47940 920.625 0
100 4.22152 -49.5 48425 920.625 0
101 4.22152 -42.5 48727 920.625 0
100 3.39930 -50.0 49128 921.625 0
100 3.34408 -49.0 49820 921.625 0
