100 4.89647 -50.0 0 920.625 0
101 4.71239 -43.5 5 920.625 0
100 4.67557 -50.5 609 920.625 0
101 4.73693 -43.5 670 920.625 0
100 4.68171 -50.5 1220 920.625 0
101 4.75534 -44.0 1342 920.625 0
100 4.12334 -51.5 1831 921.625 0
101 4.22152 -43.5 2014 921.625 0
100 4.14175 -50.5 2443 921.625 0
101 4.26447 -43.5 2684 921.625 0
100 4.00062 -50.0 3052 921.625 0
101 4.11720 -43.5 3356 921.625 0
100 3.17841 -51.0 3671 922.625 0
101 3.29499 -44.0 4027 922.625 0
100 3.14159 -51.0 4293 922.625 0
101 3.22136 -44.0 4696 922.625 0
100 3.09251 -51.0 4911 922.625 0
101 2.46051 -44.5 5390 923.625 0
100 2.48505 -52.5 5523 923.625 0
101 2.50959 -44.5 6059 923.625 0
100 2.36233 -51.5 6134 923.625 0
101 2.47891 -44.0 6734 923.625 0
100 2.38074 -51.5 6748 923.625 0
101 4.70625 -43.5 7401 920.625 0
101 4.80443 -43.5 8076 920.625 0
101 4.78602 -44.0 8746 920.625 0
100 4.08039 -51.0 9214 921.625 0
101 4.16016 -43.5 9424 921.625 0
100 4.16629 -50.0 9822 921.625 0
100 3.36249 -51.5 20044 922.625 0
101 3.19068 -43.5 20049 922.625 0
100 3.12932 -52.0 20662 922.625 0
101 3.36862 -44.0 20719 922.625 0
100 3.11091 -52.0 21273 922.625 0
101 3.32567 -44.5 21398 922.625 0
100 2.42369 -52.0 21889 923.625 0
101 2.60163 -44.0 22073 923.625 0
100 2.42983 -50.5 22508 923.625 0
101 2.54641 -43.5 22736 923.625 0
100 2.42983 -51.0 23120 923.625 0
101 2.57095 -43.5 23415 923.625 0
100 4.74307 -51.0 23745 920.625 0
101 4.76761 -44.0 24082 920.625 0
100 4.68785 -50.0 24360 920.625 0
101 4.78602 -43.5 24757 920.625 0
101 4.26447 -43.0 25430 921.625 0
100 4.00062 -50.0 25585 921.625 0
101 4.09880 -43.5 26112 921.625 0
100 4.14788 -50.0 26203 921.625 0
101 4.08652 -44.0 26789 921.625 0
100 4.14175 -50.5 26822 921.625 0
100 3.17227 -50.5 27437 922.625 0
101 3.47907 -44.0 27456 922.625 0
100 3.15386 -51.5 28054 922.625 0
101 3.40544 -44.0 28133 922.625 0
100 3.13546 -51.5 28668 922.625 0
101 3.30113 -43.5 28803 922.625 0
100 2.49118 -51.0 29287 923.625 0
101 2.46051 -43.5 29465 923.625 0
100 2.51573 -51.0 29908 923.625 0
101 4.70625 -44.0 40086 920.625 0
100 4.71239 -50.0 40700 920.625 0
100 4.68171 -51.0 41314 920.625 0
101 4.68785 -44.0 41417 920.625 0
100 4.20311 -50.0 41932 921.625 0
101 4.21538 -43.5 42081 921.625 0
100 4.16629 -50.5 42542 921.625 0
101 4.06198 -43.5 42749 921.625 0
100 4.21538 -51.0 43155 921.625 0
101 4.06812 -44.0 43412 921.625 0
100 3.11705 -52.0 43766 922.625 0
101 3.38089 -44.0 44073 922.625 0
100 3.16000 -51.0 44378 922.625 0
101 3.28885 -44.0 44742 922.625 0
100 3.13546 -51.5 44991 922.625 0
101 3.19682 -44.0 45417 922.625 0
100 2.25188 -51.5 45609 923.625 0
101 2.49732 -44.0 46089 923.625 0
100 2.36847 -51.5 46224 923.625 0
101 2.42983 -44.0 46762 923.625 0
100 2.28870 -51.5 46842 923.625 0
101 4.73080 -44.0 47430 920.625 0
100 4.71239 -51.0 47454 920.625 0
100 4.60808 -50.0 48069 920.625 0
101 4.71239 -43.5 48105 920.625 0
100 4.63876 -51.0 48682 920.625 0
100 4.23379 -51.5 49297 921.625 0
101 4.22765 -43.0 49453 921.625 0
100 4.01903 -50.5 49908 921.625 0
