101 2.89616 -40.5 0 922.625 0
100 2.77957 -46.0 6 922.625 0
100 2.81639 -46.0 587 922.625 0
101 2.82866 -41.0 650 922.625 0
100 2.62618 -46.5 1187 922.625 0
101 2.90843 -40.5 1281 922.625 0
100 2.74889 -46.0 1776 922.625 0
101 2.21507 -41.0 1927 923.625 0
100 1.76715 -46.0 2361 923.625 0
101 2.27643 -41.0 2566 923.625 0
100 1.77328 -46.0 2938 923.625 0
101 2.26416 -40.5 3195 923.625 0
100 1.65670 -46.0 3520 923.625 0
101 4.49150 -40.0 3832 920.625 0
100 4.16016 -45.5 4102 920.625 0
101 4.39946 -40.5 4472 920.625 0
100 4.38105 -46.0 4684 920.625 0
101 4.43627 -40.5 5111 920.625 0
100 4.29515 -45.5 5276 920.625 0
101 4.00676 -41.0 5759 921.625 0
100 3.33181 -46.0 5853 921.625 0
101 3.67542 -40.5 6402 921.625 0
100 3.13546 -46.0 6439 921.625 0
100 3.07410 -46.5 7023 921.625 0
101 3.71837 -40.5 7036 921.625 0
100 2.69367 -46.0 7602 922.625 0
101 2.81025 -40.5 7688 922.625 0
100 2.71208 -46.5 8187 922.625 0
101 2.85320 -40.5 8327 922.625 0
100 2.63231 -45.5 8769 922.625 0
101 2.88388 -40.5 8960 922.625 0
100 1.65670 -45.5 9358 923.625 0
101 2.21507 -40.5 9592 923.625 0
100 1.84691 -46.0 9941 923.625 0
101 4.44854 -40.0 20039 920.625 0
100 4.11720 -45.5 20044 920.625 0
100 4.23992 -45.5 20620 920.625 0
101 4.28287 -40.5 20693 920.625 0
100 4.07425 -45.5 21209 920.625 0
101 4.42400 -40.0 21333 920.625 0
100 4.15402 -45.5 21792 920.625 0
101 3.62633 -40.0 21957 921.625 0
100 3.33794 -46.0 22373 921.625 0
101 3.63860 -40.5 22596 921.625 0
100 3.21522 -46.0 22948 921.625 0
101 3.85336 -40.5 23227 921.625 0
100 3.28885 -45.5 23527 921.625 0
101 3.09251 -40.5 23860 922.625 0
100 2.77957 -46.0 24115 922.625 0
101 3.06796 -40.5 24501 922.625 0
100 2.58936 -46.5 24703 922.625 0
101 2.89002 -40.5 25138 922.625 0
100 2.71821 -46.0 25283 922.625 0
101 2.38687 -40.5 25787 923.625 0
100 1.68738 -45.5 25869 923.625 0
101 2.40528 -40.5 26424 923.625 0
100 1.66284 -46.5 26456 923.625 0
100 1.71192 -46.0 27040 923.625 0
101 2.07394 -40.5 27072 923.625 0
100 4.09880 -45.5 27629 920.625 0
101 4.36264 -40.0 27699 920.625 0
100 4.17243 -46.0 28209 920.625 0
101 4.47309 -40.0 28336 920.625 0
100 4.17856 -45.5 28796 920.625 0
101 4.36264 -40.0 28973 920.625 0
100 3.12932 -46.0 29371 921.625 0
101 4.08652 -40.0 29615 921.625 0
100 3.30113 -46.0 29953 921.625 0
100 2.87161 -46.0 40086 922.625 0
101 2.85934 -40.5 40091 922.625 0
100 2.93911 -46.0 40673 922.625 0
101 2.82252 -40.5 40743 922.625 0
100 2.87161 -46.5 41257 922.625 0
101 2.87161 -40.5 41388 922.625 0
100 2.74889 -46.5 41841 922.625 0
101 2.22120 -40.5 42040 923.625 0
100 1.66284 -46.5 42424 923.625 0
101 2.10462 -40.5 42684 923.625 0
100 1.62602 -46.0 43008 923.625 0
101 2.59550 -40.5 43323 923.625 0
100 1.57080 -46.0 43587 923.625 0
101 4.61421 -40.5 43955 920.625 0
100 4.28287 -45.5 44171 920.625 0
101 4.41173 -40.0 44602 920.625 0
100 4.23379 -45.5 44761 920.625 0
101 4.46695 -40.0 45256 920.625 0
100 4.27060 -45.5 45345 920.625 0
101 3.87790 -40.5 45897 921.625 0
100 3.17227 -46.0 45931 921.625 0
100 3.10478 -46.5 46511 921.625 0
101 3.79200 -40.5 46534 921.625 0
100 3.16000 -46.0 47100 921.625 0
101 3.54656 -40.5 47171 921.625 0
100 2.81639 -46.0 47689 922.625 0
101 2.90229 -40.5 47797 922.625 0
100 2.79798 -46.5 48272 922.625 0
101 2.82252 -40.5 48446 922.625 0
100 2.79798 -46.5 48851 922.625 0
101 2.14144 -40.5 49090 923.625 0
100 1.78555 -46.0 49430 923.625 0
101 2.14144 -40.5 49726 923.625 0
100 1.58920 -46.5 50013 923.625 0
