101 5.82299 -45.5 0 920.625 0
100 4.09880 -56.5 5 920.625 0
011 4.65103 -54.0 28 920.625 0
100 4.28287 -55.5 410 920.625 0
101 5.71254 -45.5 431 920.625 0
011 4.74307 -54.0 535 920.625 0
100 3.74905 -56.0 816 920.625 0
101 5.65119 -45.5 863 920.625 0
011 4.80443 -53.5 1046 920.625 0
100 4.22765 -56.0 1224 920.625 0
101 5.69414 -45.5 1296 920.625 0
011 4.64489 -54.0 1572 920.625 0
100 4.10493 -56.0 1634 920.625 0
101 5.66959 -45.5 1725 920.625 0
100 3.05569 -57.0 2052 921.625 0
101 4.83511 -46.0 2151 921.625 0
011 4.66330 -54.5 2401 921.625 0
100 3.17841 -58.0 2465 921.625 0
101 4.74920 -45.5 2580 921.625 0
011 4.28901 -53.5 2812 921.625 0
100 3.06183 -57.0 2884 921.625 0
101 4.77988 -45.5 3017 921.625 0
011 4.14788 -53.5 3234 921.625 0
100 2.99433 -56.5 3304 921.625 0
101 4.69398 -45.5 3444 921.625 0
011 3.27658 -54.5 3692 922.625 0
100 2.15984 -57.5 3727 922.625 0
101 4.25219 -45.0 3879 922.625 0
011 2.98819 -54.0 4138 922.625 0
100 2.23348 -57.5 4148 922.625 0
101 4.29515 -45.5 4313 922.625 0
100 2.25188 -58.0 4568 922.625 0
011 3.11091 -54.0 4580 922.625 0
101 4.24606 -45.5 4744 922.625 0
100 2.27029 -57.5 4988 922.625 0
011 3.14159 -54.5 5021 922.625 0
101 4.16016 -45.5 5168 922.625 0
100 1.12901 -58.0 5422 923.625 0
011 2.78571 -54.5 5442 923.625 0
101 3.23363 -45.5 5606 923.625 0
011 2.30711 -53.5 5863 923.625 0
101 3.33181 -46.0 6036 923.625 0
100 2.19052 -59.0 6282 923.625 0
011 2.51573 -54.0 6294 923.625 0
101 3.33794 -46.0 6470 923.625 0
011 2.82252 -55.0 6739 923.625 0
100 0.57678 -60.5 6771 923.625 0
101 3.32567 -46.0 6903 923.625 0
011 2.66299 -54.0 7156 923.625 0
100 4.19084 -55.5 7185 920.625 0
101 5.81686 -45.5 7339 920.625 0
011 4.57740 -54.0 7594 920.625 0
100 4.44854 -55.0 7603 920.625 0
101 5.82299 -45.0 7774 920.625 0
100 4.16629 -55.5 8009 920.625 0
011 4.06198 -54.5 8085 920.625 0
101 5.78618 -45.5 8210 920.625 0
100 4.21538 -56.0 8416 920.625 0
011 4.67557 -54.0 8505 920.625 0
101 5.75550 -46.0 8640 920.625 0
100 3.87177 -55.5 8822 920.625 0
011 4.79829 -54.0 8926 920.625 0
101 4.74920 -45.0 9070 921.625 0
100 2.95751 -58.0 9238 921.625 0
011 4.57740 -54.0 9348 921.625 0
101 4.81670 -45.0 9498 921.625 0
100 3.16614 -56.0 9653 921.625 0
101 4.82897 -45.5 9928 921.625 0
101 4.52218 -45.5 20049 922.625 0
100 2.77344 -58.5 20058 922.625 0
101 4.17243 -45.5 20491 922.625 0
011 3.13546 -55.0 20497 922.625 0
100 2.11076 -58.5 20888 922.625 0
101 4.59581 -45.5 20927 922.625 0
011 2.96365 -54.5 21111 922.625 0
100 2.27029 -59.5 21319 922.625 0
101 4.27060 -45.0 21366 922.625 0
101 4.27674 -45.5 21803 922.625 0
011 2.60163 -54.0 22147 923.625 0
101 3.52202 -46.0 22245 923.625 0
011 2.74889 -54.0 22564 923.625 0
101 3.40544 -45.5 22678 923.625 0
011 2.42369 -54.5 22986 923.625 0
101 3.28272 -46.0 23118 923.625 0
100 1.46649 -59.0 23379 923.625 0
011 2.51573 -53.5 23413 923.625 0
101 3.50361 -46.0 23560 923.625 0
100 4.06198 -56.0 23800 920.625 0
011 4.58967 -54.5 23871 920.625 0
101 5.69414 -45.5 23995 920.625 0
100 4.15402 -56.0 24218 920.625 0
101 5.90276 -45.0 24427 920.625 0
100 4.31969 -56.0 24628 920.625 0
011 4.44854 -54.0 24686 920.625 0
101 5.69414 -46.0 24859 920.625 0
011 4.58967 -54.5 25132 920.625 0
101 5.70027 -45.5 25298 920.625 0
100 2.87161 -58.0 25443 921.625 0
011 4.08652 -53.5 25553 921.625 0
101 4.70625 -45.5 25744 921.625 0
100 2.91456 -58.5 25866 921.625 0
011 4.33196 -54.5 25977 921.625 0
101 4.71239 -45.5 26174 921.625 0
011 4.03744 -54.0 26398 921.625 0
101 4.75534 -45.5 26604 921.625 0
100 3.10478 -58.0 26680 921.625 0
011 4.20924 -54.5 26818 921.625 0
101 4.72466 -46.0 27041 921.625 0
100 2.77344 -59.0 27101 921.625 0
101 4.23992 -45.5 27473 922.625 0
100 2.72435 -59.0 27523 922.625 0
101 4.23379 -45.5 27912 922.625 0
100 2.12917 -59.0 27948 922.625 0
101 4.19697 -45.5 28344 922.625 0
100 2.24575 -60.0 28366 922.625 0
101 4.10493 -45.0 28777 922.625 0
100 2.14144 -58.5 28790 922.625 0
011 2.49118 -53.5 29035 923.625 0
101 3.28272 -46.0 29223 923.625 0
011 2.63845 -55.0 29459 923.625 0
101 3.29499 -45.5 29677 923.625 0
011 2.73049 -55.0 29880 923.625 0
101 5.77390 -46.0 40088 920.625 0
100 3.88404 -57.5 40093 920.625 0
011 4.67557 -53.0 40302 920.625 0
100 4.19084 -56.0 40503 920.625 0
101 5.71868 -45.0 40530 920.625 0
011 4.76148 -53.0 40725 920.625 0
100 3.82268 -57.5 40922 920.625 0
101 5.77390 -45.5 40970 920.625 0
011 4.60194 -55.0 41181 920.625 0
100 4.08039 -55.5 41345 920.625 0
101 5.74936 -45.5 41413 920.625 0
011 4.70012 -54.5 41615 920.625 0
100 3.90245 -56.5 41760 920.625 0
101 5.62664 -46.0 41850 920.625 0
011 4.33810 -53.0 42042 921.625 0
100 2.40528 -58.0 42175 921.625 0
101 4.82284 -45.5 42288 921.625 0
011 4.19697 -54.0 42466 921.625 0
100 2.85320 -57.5 42592 921.625 0
101 4.79216 -45.5 42732 921.625 0
011 4.01903 -53.5 42885 921.625 0
100 2.89002 -58.0 43029 921.625 0
101 4.78602 -45.0 43170 921.625 0
011 3.91472 -53.0 43304 921.625 0
100 2.52800 -59.5 43447 921.625 0
101 4.71239 -45.5 43612 921.625 0
100 1.77942 -59.0 43853 922.625 0
101 4.43014 -45.5 44053 922.625 0
100 2.84707 -59.0 44263 922.625 0
101 4.47922 -45.5 44491 922.625 0
101 4.47309 -46.0 44927 922.625 0
100 2.66913 -59.0 45092 922.625 0
101 4.50377 -45.5 45367 922.625 0
011 2.69367 -53.5 45470 923.625 0
101 3.25204 -45.5 45811 923.625 0
011 2.74889 -54.5 45892 923.625 0
101 3.49134 -46.0 46244 923.625 0
011 2.68140 -54.0 46325 923.625 0
101 3.33794 -45.0 46687 923.625 0
011 2.60163 -54.0 46750 923.625 0
101 3.46680 -46.0 47131 923.625 0
011 2.49732 -53.0 47177 923.625 0
100 5.02532 -57.5 47269 920.625 0
101 5.77390 -46.0 47565 920.625 0
100 3.73678 -57.0 47685 920.625 0
101 5.69414 -45.5 48009 920.625 0
100 3.48520 -57.5 48102 920.625 0
101 5.77390 -45.5 48448 920.625 0
100 4.17243 -57.5 48524 920.625 0
011 4.56513 -54.0 48767 920.625 0
101 5.90889 -45.5 48881 920.625 0
100 4.24606 -57.0 48935 920.625 0
011 3.98835 -54.0 49198 921.625 0
101 4.70012 -45.5 49321 921.625 0
100 2.81025 -58.0 49367 921.625 0
011 4.23992 -52.5 49629 921.625 0
101 4.79216 -45.0 49756 921.625 0
100 2.94524 -58.5 49780 921.625 0
011 4.12948 -53.0 50056 921.625 0
