100 1.39899 -51.5 0 923.625 0
100 3.60792 -50.5 698 920.625 0
100 3.71223 -50.5 1504 920.625 0
100 3.68155 -50.5 2311 920.625 0
100 2.93911 -51.0 3123 921.625 0
100 2.38074 -51.0 13426 922.625 0
100 2.41755 -51.0 14237 922.625 0
100 2.36847 -51.0 15047 922.625 0
100 1.44194 -51.5 15879 923.625 0
100 3.74905 -51.0 17015 920.625 0
100 3.68155 -50.5 17816 920.625 0
100 3.69383 -51.0 18627 920.625 0
100 2.96365 -51.5 19439 921.625 0
100 2.96365 -51.5 20242 921.625 0
100 2.21507 -51.5 21047 922.625 0
100 2.66913 -51.0 21854 922.625 0
100 1.48489 -51.5 22872 923.625 0
100 3.62633 -51.0 33474 920.625 0
100 3.60792 -50.5 34284 920.625 0
100 3.62019 -50.5 35095 920.625 0
100 3.20295 -51.0 35897 921.625 0
100 2.87775 -50.5 36698 921.625 0
100 2.25802 -51.0 37508 922.625 0
100 2.15371 -51.0 38311 922.625 0
100 1.44194 -51.5 39134 923.625 0
100 1.39899 -51.5 40083 923.625 0
100 3.62019 -50.5 40896 920.625 0
100 3.65701 -51.0 41719 920.625 0
100 2.89616 -51.0 42524 921.625 0
100 3.17841 -51.0 43330 921.625 0
