001 1.25786 -46.5 0 922.625 0
100 4.33196 -47.5 5 922.625 0
001 1.27014 -46.0 784 922.625 0
100 4.50990 -47.0 798 922.625 0
001 1.35604 -46.0 1560 922.625 0
100 4.30742 -47.5 1592 922.625 0
001 0.65041 -46.0 2335 923.625 0
100 3.54043 -47.5 2389 923.625 0
001 0.53996 -46.5 3113 923.625 0
100 3.59565 -47.5 3184 923.625 0
001 2.52186 -45.0 3891 920.625 0
100 5.64505 -48.0 3975 920.625 0
001 2.80412 -45.5 4669 920.625 0
100 5.57142 -48.0 4762 920.625 0
001 2.12303 -45.5 5457 921.625 0
100 4.97623 -47.5 5550 921.625 0
001 2.15371 -45.0 6237 921.625 0
100 5.11122 -48.0 6340 921.625 0
001 2.43596 -45.0 7017 921.625 0
100 5.27076 -48.0 7132 921.625 0
001 1.41126 -45.5 7800 922.625 0
100 4.30742 -48.5 7929 922.625 0
001 1.37445 -45.5 8580 922.625 0
100 4.63876 -48.0 8717 922.625 0
001 0.96948 -45.5 9360 923.625 0
100 3.50361 -48.5 9511 923.625 0
001 2.73662 -44.5 20049 920.625 0
100 5.76777 -48.0 20054 920.625 0
001 2.89616 -44.5 20820 920.625 0
100 5.84140 -47.5 20840 920.625 0
001 3.12932 -44.0 21586 920.625 0
100 5.66346 -48.0 21639 920.625 0
001 2.39301 -43.0 22364 921.625 0
100 5.20940 -47.5 22433 921.625 0
100 5.01919 -48.0 23228 921.625 0
001 1.29468 -44.5 23911 922.625 0
100 4.27060 -47.5 24022 922.625 0
001 1.39899 -44.5 24681 922.625 0
100 4.50990 -47.5 24810 922.625 0
001 0.66268 -44.5 25463 923.625 0
100 3.52816 -48.5 25602 923.625 0
001 0.69336 -44.5 26236 923.625 0
100 3.48520 -48.5 26393 923.625 0
001 0.90812 -44.5 27014 923.625 0
100 3.28272 -48.0 27184 923.625 0
001 2.76117 -44.0 27789 920.625 0
100 5.76163 -47.5 27979 920.625 0
001 2.72435 -44.0 28568 920.625 0
100 5.93344 -48.0 28777 920.625 0
001 2.11076 -44.0 29336 921.625 0
100 4.90260 -48.0 29571 921.625 0
100 4.43627 -48.5 40077 922.625 0
001 1.33150 -44.0 40082 922.625 0
001 1.38672 -44.0 40861 922.625 0
100 4.40559 -48.0 40870 922.625 0
001 1.32536 -44.0 41635 922.625 0
100 4.15402 -48.0 41663 922.625 0
001 0.58905 -44.0 42409 923.625 0
100 3.27045 -48.5 42456 923.625 0
001 0.55837 -44.0 43190 923.625 0
100 3.44839 -48.0 43249 923.625 0
001 2.88388 -43.5 43961 920.625 0
100 5.76163 -48.0 44046 920.625 0
001 2.71821 -43.5 44749 920.625 0
100 5.81686 -48.0 44831 920.625 0
001 1.96963 -43.5 45522 921.625 0
100 5.10509 -48.0 45627 921.625 0
001 2.22120 -43.5 46292 921.625 0
100 5.00078 -48.0 46414 921.625 0
001 2.01258 -43.5 47069 921.625 0
100 5.12963 -48.0 47210 921.625 0
001 1.53398 -43.5 47843 922.625 0
100 4.27060 -48.5 48002 922.625 0
001 1.34990 -43.5 48627 922.625 0
001 0.55223 -43.5 49394 923.625 0
100 3.40544 -48.5 49588 923.625 0
