001 1.00016 -42.5 0 922.625 0
100 2.28870 -51.0 6 922.625 0
101 2.87161 -51.0 11 922.625 0
001 0.92039 -42.5 752 922.625 0
100 2.29484 -51.0 775 922.625 0
101 2.86548 -50.5 789 922.625 0
001 1.06151 -42.5 1515 922.625 0
100 2.77957 -51.0 1538 922.625 0
101 2.82866 -50.5 1565 922.625 0
001 0.06136 -42.5 2278 923.625 0
100 1.47876 -50.5 2305 923.625 0
101 2.07394 -51.5 2346 923.625 0
001 6.27091 -43.0 3031 923.625 0
101 2.11689 -51.0 3122 923.625 0
001 2.12303 -41.5 3789 920.625 0
100 4.33196 -51.0 3852 920.625 0
001 1.77942 -44.0 4547 920.625 0
100 4.09880 -47.5 4627 920.625 0
001 1.64443 -43.5 5303 920.625 0
100 3.57111 -47.0 5411 921.625 0
001 1.31309 -43.5 6070 921.625 0
100 3.50361 -48.0 6181 921.625 0
001 1.19037 -43.5 6828 921.625 0
100 3.27045 -47.5 6947 921.625 0
001 0.41724 -43.5 7586 922.625 0
100 2.55254 -47.5 7712 922.625 0
001 0.41111 -43.0 8354 922.625 0
001 6.01320 -44.0 9111 923.625 0
100 1.65670 -48.0 9257 923.625 0
001 5.90889 -44.0 9860 923.625 0
001 1.73033 -43.0 20031 920.625 0
100 3.97608 -47.0 20037 920.625 0
001 1.74260 -42.5 20798 920.625 0
100 4.25219 -47.0 20818 920.625 0
001 1.65056 -42.5 21552 920.625 0
100 4.25219 -47.5 21598 920.625 0
001 1.21491 -43.5 22315 921.625 0
100 3.42998 -47.5 22369 921.625 0
001 1.31922 -42.5 23068 921.625 0
100 3.63860 -49.0 23144 921.625 0
001 0.43565 -43.5 23831 922.625 0
100 2.62004 -49.5 23926 922.625 0
001 0.31293 -43.5 24586 922.625 0
100 2.51573 -48.0 24696 922.625 0
001 0.23930 -43.5 25349 922.625 0
100 1.65670 -49.5 25473 923.625 0
001 5.92730 -44.0 26105 923.625 0
100 1.56466 -50.0 26251 923.625 0
001 5.94571 -44.0 26871 923.625 0
100 1.58307 -50.0 27033 923.625 0
001 1.90214 -42.5 27626 920.625 0
001 1.79783 -42.5 28376 920.625 0
100 3.72451 -48.5 28580 920.625 0
001 1.12901 -42.5 29127 921.625 0
001 1.14742 -42.5 29891 921.625 0
001 0.41111 -43.5 40054 922.625 0
100 2.50346 -50.5 40059 922.625 0
001 0.33748 -43.5 40813 922.625 0
100 2.37460 -51.0 40832 922.625 0
001 0.41111 -43.5 41557 922.625 0
100 2.31938 -50.5 41605 922.625 0
001 5.94571 -44.0 42312 923.625 0
100 1.52784 -51.5 42381 923.625 0
001 5.90276 -44.0 43073 923.625 0
100 1.50944 -51.5 43163 923.625 0
001 1.95736 -42.5 43832 920.625 0
100 3.74905 -50.0 43944 920.625 0
001 1.81010 -42.5 44601 920.625 0
100 3.65087 -49.5 44718 920.625 0
001 2.14144 -42.5 45352 920.625 0
001 1.11060 -43.0 46110 921.625 0
100 2.95138 -50.0 46273 921.625 0
001 1.20264 -42.5 46870 921.625 0
100 2.93297 -50.5 47052 921.625 0
001 0.38043 -43.5 47638 922.625 0
100 2.35006 -50.5 47830 922.625 0
001 0.39270 -43.5 48393 922.625 0
100 2.54027 -51.0 48606 922.625 0
001 5.87821 -44.0 49161 923.625 0
100 1.48489 -52.0 49406 923.625 0
001 6.01320 -44.5 49925 923.625 0
