001 2.77344 -41.0 0 920.625 0
100 4.34423 -48.0 5 920.625 0
001 2.69981 -41.0 749 920.625 0
100 4.55285 -48.0 776 920.625 0
001 2.61390 -41.0 1492 920.625 0
100 4.64489 -47.5 1541 920.625 0
001 1.60761 -41.0 2259 921.625 0
100 3.60179 -48.0 2300 921.625 0
001 1.57080 -41.5 3009 921.625 0
100 3.66315 -47.5 3067 921.625 0
001 1.05538 -41.0 3769 922.625 0
100 2.97592 -49.0 3824 922.625 0
001 1.13515 -41.0 4519 922.625 0
001 1.15355 -41.0 5264 922.625 0
100 2.31324 -49.5 5388 923.625 0
001 0.37429 -41.5 6018 923.625 0
100 2.25188 -49.0 6164 923.625 0
001 0.31907 -42.0 6769 923.625 0
100 2.30711 -49.5 6924 923.625 0
001 2.62618 -41.0 7518 920.625 0
100 4.58967 -47.5 7686 920.625 0
001 2.56482 -41.0 8261 920.625 0
100 4.39946 -48.0 8447 920.625 0
001 1.58920 -41.0 9010 921.625 0
100 3.62019 -48.0 9206 921.625 0
001 1.61375 -41.0 9771 921.625 0
100 3.58338 -48.0 9962 921.625 0
001 1.15355 -41.5 20040 922.625 0
100 2.87161 -49.5 20045 922.625 0
001 1.01856 -41.0 20799 922.625 0
100 2.90229 -49.5 20809 922.625 0
001 1.08606 -41.0 21554 922.625 0
100 2.81639 -49.5 21568 922.625 0
001 0.23317 -41.5 22293 923.625 0
100 2.15984 -49.5 22342 923.625 0
001 0.23317 -41.5 23038 923.625 0
100 2.11689 -49.5 23113 923.625 0
001 2.55868 -41.0 23791 920.625 0
100 4.36264 -48.0 23866 920.625 0
001 2.41755 -41.0 24524 920.625 0
100 4.39332 -48.5 24640 920.625 0
001 2.60777 -41.0 25279 920.625 0
100 4.44854 -48.5 25407 920.625 0
001 1.62602 -41.0 26039 921.625 0
100 3.54656 -49.0 26172 921.625 0
001 1.61375 -41.0 26792 921.625 0
100 3.59565 -49.0 26933 921.625 0
001 1.34377 -41.0 27539 922.625 0
100 2.87161 -49.5 27693 922.625 0
001 1.41126 -41.0 28282 922.625 0
100 2.85934 -49.5 28447 922.625 0
001 0.28225 -41.5 29028 923.625 0
100 2.12917 -50.0 29205 923.625 0
001 0.24544 -41.5 29776 923.625 0
100 2.10462 -50.0 29957 923.625 0
100 4.33810 -48.0 40064 920.625 0
001 2.66913 -41.0 40069 920.625 0
001 2.79185 -41.0 40812 920.625 0
100 4.46695 -48.0 40839 920.625 0
001 2.63231 -41.0 41553 920.625 0
100 4.50377 -48.0 41599 920.625 0
001 1.58920 -41.0 42296 921.625 0
100 3.55270 -49.0 42349 921.625 0
001 1.62602 -41.0 43038 921.625 0
100 3.60179 -49.0 43106 921.625 0
001 1.23946 -41.0 43786 922.625 0
100 2.83480 -49.5 43861 922.625 0
001 1.21491 -41.0 44537 922.625 0
100 2.83480 -49.5 44624 922.625 0
001 1.11674 -41.0 45276 922.625 0
100 2.81025 -50.0 45383 922.625 0
001 0.19635 -41.5 46020 923.625 0
100 2.04940 -50.0 46146 923.625 0
001 0.38043 -41.5 46774 923.625 0
100 2.08008 -50.0 46911 923.625 0
001 2.73662 -40.5 47514 920.625 0
100 4.31355 -48.5 47669 920.625 0
001 2.73662 -41.0 48261 920.625 0
100 4.43627 -48.5 48434 920.625 0
001 2.65072 -41.0 49012 920.625 0
100 3.56497 -49.0 49202 921.625 0
001 1.60148 -41.0 49763 921.625 0
100 3.52816 -49.5 49957 921.625 0
