001 5.19099 -47.0 0 922.625 0
001 5.20940 -47.0 691 922.625 0
001 5.73709 -47.0 1385 922.625 0
001 4.52831 -47.5 2071 923.625 0
001 4.50990 -47.5 2764 923.625 0
001 4.53445 -47.5 3456 923.625 0
001 0.34361 -46.5 4148 920.625 0
001 0.44792 -46.5 4829 920.625 0
001 5.84753 -47.0 5513 921.625 0
001 5.85981 -47.0 6200 921.625 0
001 6.09297 -46.5 6887 921.625 0
001 5.20326 -47.0 7574 922.625 0
001 5.19713 -47.0 8259 922.625 0
001 5.17872 -46.5 8948 922.625 0
001 4.53445 -47.0 9636 923.625 0
001 1.02470 -49.0 20037 920.625 0
001 0.99402 -49.0 20719 920.625 0
001 1.12901 -48.0 21411 920.625 0
001 1.03084 -42.5 22104 921.625 0
001 1.05538 -42.0 22778 921.625 0
001 1.16583 -41.5 23463 921.625 0
001 0.44179 -41.5 24141 922.625 0
001 0.40497 -41.0 24821 922.625 0
001 5.93957 -41.0 25494 923.625 0
001 6.05616 -41.0 26184 923.625 0
001 5.90276 -41.0 26854 923.625 0
001 1.55239 -42.0 27535 920.625 0
001 1.56466 -42.0 28220 920.625 0
001 1.49103 -41.5 28902 920.625 0
001 1.38672 -41.5 29592 921.625 0
001 0.34361 -41.0 40066 922.625 0
001 0.33134 -41.0 40748 922.625 0
001 0.36202 -41.0 41425 922.625 0
001 5.89049 -40.5 42107 923.625 0
001 6.26478 -41.0 42789 923.625 0
001 5.93344 -40.5 43472 923.625 0
001 1.55239 -41.5 44149 920.625 0
001 1.54625 -42.0 44836 920.625 0
001 0.98788 -41.0 45507 921.625 0
001 1.08606 -41.0 46190 921.625 0
001 1.05538 -41.0 46869 921.625 0
001 0.41724 -41.0 47549 922.625 0
001 0.49701 -41.0 48228 922.625 0
001 0.53996 -41.0 48910 922.625 0
001 5.89049 -41.0 49590 923.625 0
