001 1.31309 -42.5 0 922.625 0
101 4.38719 -43.5 5 922.625 0
100 3.01274 -48.5 17 922.625 0
001 1.43581 -42.5 646 922.625 0
101 4.31355 -43.5 657 922.625 0
100 3.19068 -50.0 676 922.625 0
001 1.38058 -42.5 1286 922.625 0
101 4.31355 -43.5 1305 922.625 0
100 3.13546 -48.5 1333 922.625 0
001 0.94493 -43.0 1939 923.625 0
101 3.59565 -43.5 1958 923.625 0
100 2.80412 -49.0 1994 923.625 0
001 0.88357 -43.0 2584 923.625 0
101 3.56497 -44.0 2602 923.625 0
100 2.58322 -49.0 2654 923.625 0
001 1.11674 -43.0 3235 923.625 0
101 3.58952 -44.0 3265 923.625 0
100 2.76730 -49.0 3325 923.625 0
001 2.68140 -42.0 3872 920.625 0
101 5.79231 -43.5 3909 920.625 0
100 4.37491 -47.5 3993 920.625 0
001 2.68140 -42.0 4516 920.625 0
101 5.66959 -43.5 4565 920.625 0
100 4.30128 -47.5 4654 920.625 0
001 2.57095 -41.5 5159 920.625 0
101 5.57142 -43.5 5219 920.625 0
100 4.17243 -47.0 5321 920.625 0
001 2.00031 -42.0 5819 921.625 0
101 4.91487 -43.5 5875 921.625 0
100 3.70610 -47.5 5993 921.625 0
001 1.99418 -42.0 6473 921.625 0
101 4.89033 -43.5 6535 921.625 0
100 3.84722 -49.0 6659 921.625 0
001 2.01258 -41.5 7109 921.625 0
101 4.31969 -43.5 7189 922.625 0
100 3.03728 -47.0 7319 922.625 0
001 1.68738 -41.5 7764 922.625 0
101 4.24606 -43.5 7839 922.625 0
001 1.33763 -42.5 8408 922.625 0
101 4.68785 -43.5 8490 922.625 0
100 2.93297 -46.5 8650 922.625 0
001 0.96948 -42.5 9051 923.625 0
101 3.62633 -44.0 9144 923.625 0
100 2.73049 -48.0 9320 923.625 0
001 0.84062 -43.0 9695 923.625 0
101 3.54656 -44.0 9792 923.625 0
100 2.57709 -48.5 9983 923.625 0
101 5.80458 -44.0 20028 920.625 0
001 2.79798 -42.5 20033 920.625 0
100 4.39946 -45.5 20038 920.625 0
001 2.72435 -42.0 20681 920.625 0
101 5.60210 -44.0 20691 920.625 0
100 4.33810 -46.5 20709 920.625 0
001 2.81639 -42.0 21316 920.625 0
101 5.59596 -44.0 21350 920.625 0
100 4.07425 -46.0 21368 920.625 0
001 2.46051 -42.5 21970 921.625 0
101 4.94555 -44.0 22008 921.625 0
100 3.89631 -46.5 22035 921.625 0
001 2.71821 -42.5 22614 921.625 0
101 5.06214 -44.0 22670 921.625 0
100 3.68155 -45.5 22693 921.625 0
001 2.27643 -42.5 23262 921.625 0
101 4.94555 -44.0 23329 921.625 0
100 3.64474 -45.5 23362 921.625 0
001 1.49717 -43.0 23917 922.625 0
101 4.38105 -44.0 23993 922.625 0
100 2.94524 -46.0 24034 922.625 0
001 1.51557 -42.5 24556 922.625 0
101 4.30742 -44.0 24648 922.625 0
100 2.93297 -46.0 24701 922.625 0
001 1.54625 -42.5 25220 922.625 0
101 4.36264 -44.0 25300 922.625 0
100 2.94524 -46.5 25369 922.625 0
001 1.04924 -43.0 25867 923.625 0
101 3.60792 -44.5 25948 923.625 0
100 2.31938 -47.5 26040 923.625 0
001 0.93880 -43.0 26517 923.625 0
101 3.55884 -44.5 26610 923.625 0
100 2.77344 -48.0 26707 923.625 0
001 0.93266 -42.5 27161 923.625 0
101 5.65119 -44.0 27272 920.625 0
100 4.09880 -45.0 27370 920.625 0
001 2.90229 -42.0 27816 920.625 0
101 5.54687 -44.0 27928 920.625 0
100 4.16629 -45.5 28041 920.625 0
001 2.84093 -41.5 28461 920.625 0
101 5.61437 -44.0 28582 920.625 0
100 4.05585 -45.0 28695 920.625 0
001 2.12303 -41.5 29102 921.625 0
101 5.06214 -44.0 29250 921.625 0
100 3.52202 -45.5 29358 921.625 0
001 2.27643 -42.0 29748 921.625 0
101 4.88419 -44.0 29906 921.625 0
101 4.33196 -48.0 40046 922.625 0
001 1.52171 -41.5 40051 922.625 0
100 2.95751 -47.5 40056 922.625 0
101 4.41173 -48.0 40705 922.625 0
001 1.51557 -41.0 40710 922.625 0
100 3.11705 -47.5 40721 922.625 0
101 4.44854 -48.0 41357 922.625 0
001 1.51557 -41.0 41367 922.625 0
100 3.22136 -47.0 41392 922.625 0
001 1.17810 -41.0 42014 923.625 0
101 3.54043 -48.5 42024 923.625 0
100 2.76117 -47.0 42051 923.625 0
001 1.00629 -41.5 42667 923.625 0
101 3.56497 -48.5 42690 923.625 0
100 2.87775 -46.5 42717 923.625 0
001 1.20878 -41.0 43316 923.625 0
101 3.59565 -48.5 43352 923.625 0
100 3.05569 -47.0 43379 923.625 0
001 3.00660 -40.0 43968 920.625 0
101 5.57755 -48.5 44008 920.625 0
100 4.52218 -44.5 44048 920.625 0
001 2.98819 -40.0 44609 920.625 0
101 5.58369 -49.0 44668 920.625 0
100 4.85352 -44.5 44718 920.625 0
001 2.95138 -40.5 45250 920.625 0
101 5.49779 -48.5 45334 920.625 0
100 4.71852 -45.0 45383 920.625 0
001 2.18439 -40.5 45896 921.625 0
101 4.80443 -48.5 45996 921.625 0
100 4.06198 -45.5 46050 921.625 0
001 2.28870 -41.0 46555 921.625 0
101 4.78602 -48.5 46657 921.625 0
100 4.47922 -45.5 46720 921.625 0
001 2.36233 -40.5 47202 921.625 0
101 4.21538 -48.5 47322 922.625 0
100 3.22136 -45.0 47386 922.625 0
001 1.54012 -41.0 47854 922.625 0
101 4.16016 -48.5 47987 922.625 0
100 3.30726 -45.5 48038 922.625 0
001 1.52784 -41.0 48494 922.625 0
101 4.32583 -48.5 48649 922.625 0
100 3.30726 -45.5 48710 922.625 0
001 1.04311 -41.0 49133 923.625 0
101 3.24590 -48.0 49310 923.625 0
100 2.85320 -45.5 49386 923.625 0
001 1.15355 -41.0 49787 923.625 0
101 3.32567 -49.0 49973 923.625 0
