100 4.58967 -44.5 0 920.625 0
001 1.43581 -36.5 16 920.625 0
001 1.25173 -37.5 630 920.625 0
100 4.76761 -44.0 640 920.625 0
001 1.25786 -37.5 1257 920.625 0
100 4.77375 -43.5 1275 920.625 0
001 1.10447 -37.5 1898 921.625 0
100 4.41786 -43.0 1907 921.625 0
001 0.71177 -37.5 2512 921.625 0
100 4.39946 -43.0 2542 921.625 0
001 1.06151 -38.0 3123 921.625 0
100 4.27060 -43.0 3178 921.625 0
001 6.27705 -37.5 3750 922.625 0
100 3.52816 -43.0 3814 922.625 0
001 6.27091 -37.5 4363 922.625 0
100 3.46680 -43.0 4443 922.625 0
001 6.25864 -38.0 4996 922.625 0
100 3.73064 -43.0 5079 922.625 0
001 5.65119 -38.0 5608 923.625 0
100 2.75503 -42.5 5711 923.625 0
001 5.81072 -38.0 6244 923.625 0
100 2.77957 -42.5 6340 923.625 0
001 5.79231 -38.5 6877 923.625 0
100 3.22136 -42.5 6979 923.625 0
001 1.36831 -37.5 7496 920.625 0
100 4.73693 -43.5 7620 920.625 0
001 1.30695 -37.5 8122 920.625 0
100 4.70012 -44.0 8251 920.625 0
001 1.28241 -37.5 8748 920.625 0
100 4.66944 -44.0 8880 920.625 0
001 0.74858 -37.5 9371 921.625 0
100 4.38719 -43.5 9511 921.625 0
001 0.86517 -38.0 9983 921.625 0
100 3.51588 -43.5 20052 922.625 0
001 0.00000 -38.5 20057 922.625 0
001 0.09204 -38.0 20685 922.625 0
100 3.49748 -43.0 20691 922.625 0
001 0.00000 -38.5 21303 922.625 0
100 3.46066 -43.5 21328 922.625 0
001 5.66959 -38.5 21935 923.625 0
100 2.76730 -43.0 21969 923.625 0
001 5.66959 -38.0 22567 923.625 0
100 2.80412 -43.0 22603 923.625 0
001 5.70027 -38.0 23202 923.625 0
100 2.81025 -43.0 23234 923.625 0
001 1.23946 -38.0 23824 920.625 0
100 4.68171 -44.0 23873 920.625 0
001 1.36831 -38.0 24444 920.625 0
100 4.71239 -44.0 24520 920.625 0
001 1.20878 -38.0 25086 920.625 0
100 4.68171 -44.0 25159 920.625 0
001 0.93880 -38.0 25704 921.625 0
100 4.22765 -43.5 25787 921.625 0
001 0.71177 -38.0 26326 921.625 0
100 4.26447 -43.5 26421 921.625 0
001 0.54610 -38.0 26937 921.625 0
100 4.35651 -43.5 27061 921.625 0
001 0.21476 -38.5 27569 922.625 0
100 3.47293 -43.5 27704 922.625 0
001 0.39270 -38.0 28185 922.625 0
100 3.41157 -43.5 28342 922.625 0
001 0.11045 -38.0 28814 922.625 0
100 3.44839 -43.5 28984 922.625 0
001 5.49165 -38.0 29428 923.625 0
100 2.76117 -43.0 29616 923.625 0
001 5.63891 -38.0 30032 923.625 0
001 1.39899 -38.0 40081 920.625 0
100 4.85352 -44.0 40086 920.625 0
001 1.24559 -38.0 40700 920.625 0
100 5.17872 -44.5 40723 920.625 0
001 1.33150 -38.0 41311 920.625 0
100 4.87806 -44.0 41362 920.625 0
001 0.54610 -38.0 41947 921.625 0
100 4.30128 -43.5 42005 921.625 0
001 0.71177 -38.0 42566 921.625 0
100 4.33810 -43.5 42633 921.625 0
001 0.53383 -38.0 43200 921.625 0
100 4.22765 -43.5 43262 921.625 0
001 6.25864 -38.5 43814 922.625 0
100 3.62633 -43.5 43908 922.625 0
001 0.01841 -37.0 44439 922.625 0
100 3.39317 -44.0 44547 922.625 0
001 6.11752 -37.0 45068 922.625 0
100 3.53429 -44.5 45187 922.625 0
001 5.67573 -37.0 45703 923.625 0
100 2.78571 -44.0 45828 923.625 0
001 5.69414 -37.0 46314 923.625 0
100 2.60777 -44.0 46470 923.625 0
001 5.70027 -37.5 46937 923.625 0
100 2.75503 -44.0 47103 923.625 0
001 1.38672 -36.5 47553 920.625 0
100 4.58353 -44.5 47746 920.625 0
001 1.43581 -37.0 48176 920.625 0
001 1.34990 -37.0 48796 920.625 0
001 0.58291 -36.5 49426 921.625 0
100 4.67557 -44.5 49669 921.625 0
001 0.70563 -37.0 50056 921.625 0
