001 1.47876 -31.0 0 920.625 0
100 1.61375 -38.5 5 920.625 0
101 2.60163 -41.5 10 920.625 0
001 1.39285 -31.0 382 920.625 0
100 1.54625 -39.0 401 920.625 0
101 2.87161 -41.5 411 920.625 0
001 1.42353 -31.0 778 920.625 0
100 1.55852 -38.0 796 920.625 0
101 2.77344 -41.0 810 920.625 0
001 1.39285 -31.0 1163 920.625 0
100 1.63829 -38.0 1190 920.625 0
101 2.55254 -41.0 1217 920.625 0
001 1.46035 -31.0 1554 920.625 0
100 1.52784 -38.0 1581 920.625 0
101 2.55868 -41.0 1621 920.625 0
001 1.15355 -32.0 1937 921.625 0
100 1.01243 -39.0 1973 921.625 0
101 1.64443 -41.5 2027 921.625 0
001 0.98788 -32.0 2320 921.625 0
100 1.28854 -40.0 2369 921.625 0
101 1.67511 -42.0 2433 921.625 0
001 0.91425 -31.5 2717 921.625 0
100 1.22718 -38.0 2757 921.625 0
101 1.67511 -41.5 2842 921.625 0
001 0.89584 -31.0 3108 921.625 0
100 1.18423 -38.0 3149 921.625 0
101 1.65056 -41.5 3246 921.625 0
001 1.17810 -31.5 3494 921.625 0
100 1.06765 -37.5 3538 921.625 0
101 1.09219 -42.0 3658 922.625 0
001 0.11658 -31.5 3880 922.625 0
100 0.36816 -39.5 3929 922.625 0
101 1.02470 -42.0 4063 922.625 0
001 0.10431 -31.5 4270 922.625 0
100 0.36816 -38.5 4328 922.625 0
101 1.04311 -42.0 4470 922.625 0
001 0.09817 -31.5 4656 922.625 0
100 0.32520 -39.5 4729 922.625 0
101 1.02470 -42.0 4868 922.625 0
001 0.13499 -31.5 5042 922.625 0
100 0.36816 -38.5 5129 922.625 0
101 0.92039 -42.0 5276 922.625 0
001 5.63278 -31.5 5424 923.625 0
100 5.89049 -40.5 5532 923.625 0
101 0.19021 -43.5 5679 923.625 0
001 5.69414 -31.5 5816 923.625 0
100 5.98866 -39.5 5927 923.625 0
101 0.36202 -43.0 6095 923.625 0
001 5.66959 -32.0 6206 923.625 0
100 5.93344 -40.0 6312 923.625 0
101 0.17181 -43.5 6508 923.625 0
001 5.63278 -31.5 6588 923.625 0
100 5.89049 -40.0 6699 923.625 0
101 0.07363 -43.0 6921 923.625 0
001 5.66959 -31.5 6975 923.625 0
100 5.97639 -40.0 7096 923.625 0
101 2.79185 -40.5 7335 920.625 0
001 1.51557 -31.5 7359 920.625 0
100 1.66897 -37.5 7488 920.625 0
101 2.63845 -40.5 7735 920.625 0
001 1.51557 -31.5 7740 920.625 0
100 1.57080 -37.5 7886 920.625 0
001 1.52171 -31.5 8120 920.625 0
101 2.79798 -40.5 8148 920.625 0
100 1.73033 -37.5 8276 920.625 0
001 1.53398 -31.5 8502 920.625 0
101 2.60163 -40.5 8551 920.625 0
100 1.70579 -37.5 8671 920.625 0
001 1.54625 -31.5 8889 920.625 0
101 2.85934 -40.5 8956 920.625 0
100 1.31309 -38.0 9066 921.625 0
001 1.31922 -31.5 9272 921.625 0
101 1.58920 -41.5 9358 921.625 0
100 1.04924 -38.0 9464 921.625 0
001 0.96334 -31.5 9656 921.625 0
101 1.60761 -41.0 9763 921.625 0
100 1.15969 -38.0 9869 921.625 0
001 0.18408 -32.0 20037 922.625 0
100 0.40497 -40.5 20042 922.625 0
101 0.76085 -42.5 20047 922.625 0
001 0.12885 -32.0 20430 922.625 0
101 0.87744 -42.0 20448 922.625 0
100 0.38043 -39.5 20453 922.625 0
001 0.12885 -32.0 20814 922.625 0
100 0.38656 -40.5 20846 922.625 0
101 0.79767 -42.5 20855 922.625 0
001 0.11658 -32.0 21201 922.625 0
100 0.41724 -39.5 21246 922.625 0
101 0.60132 -42.0 21264 922.625 0
001 0.11658 -32.0 21592 922.625 0
100 0.39270 -40.5 21645 922.625 0
101 0.71177 -42.5 21673 922.625 0
001 5.66346 -32.0 21979 923.625 0
100 6.09911 -40.5 22046 923.625 0
101 6.22183 -43.0 22082 923.625 0
001 5.62051 -32.0 22383 923.625 0
100 6.01934 -40.5 22441 923.625 0
101 6.08070 -43.0 22483 923.625 0
001 5.68800 -32.0 22776 923.625 0
100 5.93344 -41.0 22839 923.625 0
101 6.08684 -43.0 22892 923.625 0
001 5.70641 -32.0 23162 923.625 0
100 5.94571 -40.5 23246 923.625 0
101 6.09297 -43.0 23300 923.625 0
001 5.67573 -32.0 23558 923.625 0
100 1.65670 -38.0 23641 920.625 0
101 2.71821 -40.5 23716 920.625 0
001 1.52784 -32.0 23959 920.625 0
100 1.77328 -37.5 24048 920.625 0
101 2.67526 -41.0 24133 920.625 0
001 1.55852 -32.0 24344 920.625 0
100 1.82237 -38.0 24442 920.625 0
101 2.37460 -40.5 24531 920.625 0
001 1.54625 -32.0 24735 920.625 0
100 1.72419 -38.0 24838 920.625 0
101 2.60777 -40.5 24942 920.625 0
001 1.55852 -32.0 25123 920.625 0
100 1.76715 -37.5 25234 920.625 0
101 2.42369 -40.5 25346 920.625 0
001 1.06765 -31.5 25506 921.625 0
100 1.27014 -38.5 25629 921.625 0
101 1.39899 -41.5 25759 921.625 0
001 0.90812 -31.5 25901 921.625 0
100 1.36217 -38.5 26029 921.625 0
101 1.36831 -41.5 26172 921.625 0
001 1.29468 -31.5 26288 921.625 0
100 1.15355 -39.0 26422 921.625 0
101 1.42967 -41.5 26573 921.625 0
001 1.29468 -31.5 26675 921.625 0
100 1.29468 -38.5 26826 921.625 0
101 1.38058 -41.5 26982 921.625 0
001 1.42967 -31.5 27062 921.625 0
100 0.54610 -40.5 27230 922.625 0
101 0.57678 -42.5 27382 922.625 0
001 0.07977 -31.5 27456 922.625 0
100 0.47860 -39.5 27625 922.625 0
101 0.57678 -42.5 27790 922.625 0
001 0.02454 -31.5 27841 922.625 0
100 0.46633 -40.5 28026 922.625 0
101 0.59518 -42.5 28203 922.625 0
001 0.06136 -33.0 28232 922.625 0
100 0.44179 -39.5 28429 922.625 0
101 0.54610 -42.5 28610 922.625 0
001 0.19021 -31.5 28620 922.625 0
100 0.47860 -40.5 28829 922.625 0
001 5.87821 -32.0 29018 923.625 0
101 5.99480 -43.5 29023 923.625 0
100 5.98253 -41.0 29230 923.625 0
001 5.64505 -32.0 29414 923.625 0
101 6.07456 -43.5 29438 923.625 0
100 6.03161 -41.0 29637 923.625 0
001 5.68186 -31.5 29806 923.625 0
101 5.98253 -43.5 29851 923.625 0
001 1.52784 -32.0 40064 920.625 0
101 2.06781 -41.5 40070 920.625 0
100 1.78555 -39.0 40076 920.625 0
001 1.57080 -32.0 40461 920.625 0
100 1.88986 -38.0 40475 920.625 0
101 2.03713 -41.5 40486 920.625 0
001 1.54625 -32.0 40853 920.625 0
100 1.81010 -38.0 40873 920.625 0
101 2.03099 -41.0 40896 920.625 0
001 1.54625 -32.0 41254 920.625 0
100 1.93282 -38.5 41276 920.625 0
101 2.04940 -41.5 41309 920.625 0
001 1.57080 -32.0 41649 920.625 0
100 1.84691 -38.0 41681 920.625 0
101 2.03713 -41.5 41712 920.625 0
001 0.97561 -31.5 42043 921.625 0
100 1.39285 -39.0 42079 921.625 0
101 1.20878 -42.0 42133 921.625 0
001 1.00629 -31.5 42435 921.625 0
100 1.23332 -39.0 42484 921.625 0
101 1.31309 -42.5 42551 921.625 0
001 1.02470 -31.5 42824 921.625 0
100 1.38058 -39.0 42888 921.625 0
101 1.26400 -42.5 42971 921.625 0
001 1.06765 -31.5 43215 921.625 0
100 1.41126 -39.0 43290 921.625 0
101 1.22718 -42.5 43389 921.625 0
001 0.93266 -31.5 43606 921.625 0
100 0.52769 -40.0 43697 922.625 0
101 0.46019 -43.5 43800 922.625 0
001 0.24544 -31.5 43992 922.625 0
100 0.46633 -40.0 44099 922.625 0
101 0.39270 -43.5 44209 922.625 0
001 0.15340 -31.5 44390 922.625 0
100 0.51542 -40.0 44501 922.625 0
101 0.42338 -43.5 44612 922.625 0
001 0.31293 -31.5 44780 922.625 0
100 0.48474 -40.5 44908 922.625 0
101 0.42338 -43.5 45032 922.625 0
001 0.20862 -31.5 45171 922.625 0
100 0.54610 -40.0 45303 922.625 0
101 5.97025 -44.5 45451 923.625 0
001 5.79231 -31.5 45565 923.625 0
100 0.38656 -41.5 45708 923.625 0
101 5.89662 -44.5 45862 923.625 0
001 5.89049 -31.5 45960 923.625 0
100 0.00000 -41.0 46107 923.625 0
101 5.56528 -45.0 46272 923.625 0
001 5.82299 -31.5 46361 923.625 0
100 0.01227 -41.5 46505 923.625 0
101 5.88435 -44.5 46681 923.625 0
001 5.90889 -31.5 46764 923.625 0
100 6.09911 -41.0 46906 923.625 0
101 5.92117 -44.5 47087 923.625 0
001 5.87821 -31.5 47154 923.625 0
100 1.91441 -38.0 47306 920.625 0
101 2.06167 -41.5 47512 920.625 0
001 1.58307 -32.0 47552 920.625 0
100 1.97577 -39.0 47704 920.625 0
101 2.00645 -41.5 47923 920.625 0
001 1.55852 -32.0 47946 920.625 0
100 2.00031 -38.0 48106 920.625 0
101 1.99418 -41.5 48339 920.625 0
001 1.55852 -32.0 48344 920.625 0
100 1.79783 -39.0 48499 920.625 0
001 1.54625 -32.0 48730 920.625 0
101 2.04940 -42.0 48753 920.625 0
100 1.95736 -38.0 48904 920.625 0
001 0.96948 -31.5 49120 921.625 0
101 1.17810 -42.5 49165 921.625 0
100 1.21491 -39.5 49298 921.625 0
001 1.09219 -32.0 49512 921.625 0
101 1.25173 -42.5 49583 921.625 0
100 1.19651 -39.0 49694 921.625 0
001 0.98788 -31.5 49903 921.625 0
101 1.18423 -42.5 49996 921.625 0
