101 0.44179 -40.0 0 921.625 0
011 3.60792 -50.0 5 921.625 0
001 1.49103 -37.0 10 921.625 0
100 5.93344 -39.5 14 921.625 0
101 0.38656 -40.0 763 921.625 0
001 1.49103 -37.0 777 921.625 0
100 5.93344 -39.5 814 921.625 0
011 3.69996 -50.0 823 921.625 0
101 0.38043 -40.0 1525 921.625 0
001 1.54012 -37.0 1535 921.625 0
100 5.93344 -39.5 1602 921.625 0
011 3.78586 -50.0 1643 921.625 0
101 6.17274 -39.5 2302 922.625 0
001 0.96948 -37.0 2308 922.625 0
100 5.93344 -39.5 2413 921.625 0
011 2.92070 -50.0 2461 922.625 0
101 5.93344 -40.0 3067 922.625 0
001 0.97561 -37.0 3072 922.625 0
100 5.93344 -39.5 3208 921.625 0
011 2.92684 -50.0 3288 922.625 0
101 5.32598 -39.5 3833 923.625 0
001 0.07977 -37.0 3847 923.625 0
100 5.93344 -39.5 4033 921.625 0
011 2.54641 -50.5 4108 923.625 0
001 0.04295 -37.0 4608 923.625 0
101 5.16645 -39.5 4613 923.625 0
100 5.93344 -39.5 4825 921.625 0
011 2.45437 -49.5 4932 923.625 0
101 1.16583 -40.0 5388 920.625 0
001 2.19666 -37.0 5393 920.625 0
100 5.93344 -39.5 5616 921.625 0
011 4.24606 -50.5 5759 920.625 0
001 2.15984 -37.0 6155 920.625 0
101 0.89584 -40.0 6165 920.625 0
100 5.93344 -39.5 6430 921.625 0
011 4.08039 -51.0 6584 920.625 0
001 2.18439 -37.0 6920 920.625 0
101 0.97561 -40.0 6944 920.625 0
100 5.93344 -39.5 7218 921.625 0
011 3.62019 -50.5 7413 921.625 0
001 1.51557 -37.0 7681 921.625 0
101 0.50315 -40.0 7713 921.625 0
100 5.93344 -39.5 8034 921.625 0
011 3.69996 -50.5 8236 921.625 0
001 1.54012 -37.0 8438 921.625 0
101 0.44179 -40.0 8475 921.625 0
100 5.93344 -39.5 8827 921.625 0
011 3.23977 -50.0 9047 922.625 0
001 0.74245 -37.5 9197 922.625 0
101 5.99480 -39.5 9251 922.625 0
100 5.93344 -39.5 9654 921.625 0
011 3.35635 -50.0 9867 922.625 0
001 0.77313 -37.5 9949 922.625 0
001 0.03682 -37.5 20049 923.625 0
101 5.25235 -39.5 20054 923.625 0
011 2.47278 -50.5 20059 923.625 0
001 0.00000 -37.5 20819 923.625 0
101 5.25235 -39.5 20828 923.625 0
011 2.50346 -50.0 20886 923.625 0
001 0.03068 -37.5 21578 923.625 0
101 5.66959 -39.5 21605 923.625 0
011 2.50346 -50.5 21712 923.625 0
001 2.20893 -37.0 22349 920.625 0
101 1.34990 -40.0 22363 920.625 0
011 3.96994 -51.0 22540 920.625 0
001 2.22120 -37.0 23112 920.625 0
101 0.87130 -40.0 23121 920.625 0
011 4.09880 -51.0 23356 920.625 0
101 0.42951 -40.0 23878 921.625 0
001 1.52171 -37.0 23887 921.625 0
011 3.84722 -50.5 24177 921.625 0
101 0.34361 -40.0 24632 921.625 0
011 3.77359 -50.5 25000 921.625 0
101 5.96412 -39.5 25434 922.625 0
011 2.93297 -50.5 25820 922.625 0
001 0.76085 -37.5 26181 922.625 0
101 6.00093 -39.5 26191 922.625 0
011 3.35021 -50.5 26634 922.625 0
001 0.77313 -37.5 26952 922.625 0
101 6.05002 -39.5 26972 922.625 0
011 2.62004 -50.5 27458 923.625 0
001 0.02454 -37.5 27720 923.625 0
101 5.43029 -39.5 27743 923.625 0
011 2.57095 -50.5 28277 923.625 0
001 0.03068 -37.5 28484 923.625 0
101 5.16645 -39.5 28524 923.625 0
011 4.23992 -51.0 29101 920.625 0
001 2.14757 -36.5 29250 920.625 0
101 0.93880 -40.0 29282 920.625 0
011 4.28287 -51.0 29927 920.625 0
001 2.15984 -36.5 30015 920.625 0
101 0.92652 -40.0 30043 920.625 0
101 0.32520 -39.5 40088 921.625 0
011 3.61406 -50.5 40096 921.625 0
001 1.52171 -37.0 40113 921.625 0
101 0.06136 -39.5 40845 921.625 0
001 1.53398 -37.0 40873 921.625 0
011 3.63860 -50.5 40918 921.625 0
101 0.33748 -39.5 41607 921.625 0
001 1.52784 -37.0 41660 921.625 0
011 3.73064 -50.5 41749 921.625 0
101 5.93344 -39.0 42381 922.625 0
001 0.76085 -37.5 42417 922.625 0
011 2.92684 -50.5 42568 922.625 0
101 6.25864 -39.0 43146 922.625 0
001 0.77926 -37.5 43179 922.625 0
011 3.18454 -50.5 43384 922.625 0
101 5.41188 -39.5 43920 923.625 0
001 0.01227 -37.5 43948 923.625 0
011 2.47278 -50.5 44202 923.625 0
101 5.16031 -39.5 44680 923.625 0
001 6.26478 -37.5 44699 923.625 0
011 2.41755 -50.0 45025 923.625 0
101 5.27689 -39.5 45447 923.625 0
001 2.27643 -37.0 45481 920.625 0
011 4.23992 -51.0 45840 920.625 0
101 0.96948 -39.5 46206 920.625 0
001 2.15371 -37.0 46233 920.625 0
011 4.26447 -51.0 46664 920.625 0
101 0.96948 -39.5 46983 920.625 0
001 2.19052 -36.5 46998 920.625 0
011 3.57724 -51.0 47494 921.625 0
101 0.36816 -39.5 47756 921.625 0
001 1.51557 -37.0 47776 921.625 0
011 3.55884 -50.5 48317 921.625 0
101 0.06136 -39.5 48522 921.625 0
001 1.42353 -37.0 48554 921.625 0
011 2.87775 -50.5 49141 922.625 0
101 5.94571 -39.0 49308 922.625 0
001 1.05538 -37.0 49334 922.625 0
011 2.93911 -50.5 49965 922.625 0
101 5.83526 -39.5 50074 922.625 0
001 0.98175 -37.0 50097 922.625 0
