101 4.71852 -48.5 0 921.625 0
011 5.16645 -51.0 5 921.625 0
100 2.27643 -55.0 8 923.625 0
101 4.44241 -48.0 651 921.625 0
100 2.27643 -55.0 664 923.625 0
011 5.34439 -51.0 695 921.625 0
101 4.25833 -48.0 1297 921.625 0
100 2.27643 -55.0 1346 923.625 0
011 4.96396 -51.0 1388 921.625 0
101 3.35635 -47.0 1969 922.625 0
100 2.27643 -55.0 1996 923.625 0
011 4.54058 -50.5 2077 922.625 0
101 3.56497 -47.0 2625 922.625 0
100 2.27643 -55.0 2679 923.625 0
011 4.33196 -50.0 2769 922.625 0
101 3.46680 -47.0 3292 922.625 0
100 2.27643 -55.0 3325 923.625 0
011 4.46695 -50.5 3452 922.625 0
101 2.84093 -46.5 3949 923.625 0
100 2.27643 -55.0 4005 923.625 0
011 3.76132 -50.0 4135 923.625 0
101 2.50959 -45.5 4610 923.625 0
100 2.27643 -55.0 4643 923.625 0
011 3.57111 -50.0 4823 923.625 0
101 2.76730 -46.0 5262 923.625 0
100 2.27643 -55.0 5327 923.625 0
011 5.93344 -51.5 5507 920.625 0
100 2.27643 -55.0 5983 923.625 0
101 4.79829 -49.0 5922 920.625 0
011 5.93344 -51.5 6192 920.625 0
101 4.85352 -49.5 6575 920.625 0
011 5.97025 -51.5 6877 920.625 0
101 4.33196 -48.0 7230 921.625 0
011 5.19099 -51.0 7570 921.625 0
101 4.32583 -48.0 7878 921.625 0
011 5.06214 -51.0 8255 921.625 0
101 4.56513 -48.0 8537 921.625 0
011 5.04986 -51.0 8950 921.625 0
101 3.49134 -47.0 9209 922.625 0
011 4.39332 -50.5 9645 922.625 0
101 3.54656 -47.0 9866 922.625 0
011 3.64474 -50.5 20029 923.625 0
101 2.79185 -46.0 20034 923.625 0
100 2.40528 -55.0 20515 923.625 0
101 2.77344 -46.0 20681 923.625 0
011 3.69996 -50.0 20716 923.625 0
100 2.38074 -55.5 21135 923.625 0
101 2.72435 -46.0 21342 923.625 0
011 3.44839 -50.5 21404 923.625 0
100 2.32551 -55.0 21741 923.625 0
101 5.13577 -49.0 22008 920.625 0
011 5.95798 -51.5 22097 920.625 0
101 5.01305 -49.0 22660 920.625 0
011 6.18501 -51.0 22787 920.625 0
101 4.90874 -49.0 23313 920.625 0
011 5.86594 -51.5 23478 920.625 0
101 4.31355 -47.5 23968 921.625 0
011 5.17872 -50.5 24164 921.625 0
101 4.48536 -47.5 24628 921.625 0
011 4.94555 -51.0 24847 921.625 0
101 4.48536 -47.5 25285 921.625 0
011 4.63262 -50.5 25538 922.625 0
101 3.34408 -46.5 25945 922.625 0
011 4.82897 -50.5 26229 922.625 0
101 3.63247 -46.5 26597 922.625 0
011 4.35651 -50.5 26916 922.625 0
100 2.55254 -55.0 27214 923.625 0
101 2.57095 -46.0 27246 923.625 0
011 3.62633 -50.5 27605 923.625 0
100 2.32551 -55.0 27890 923.625 0
101 2.41755 -45.5 27899 923.625 0
011 3.82882 -50.5 28290 923.625 0
101 2.71821 -46.0 28552 923.625 0
100 2.32551 -54.5 28610 923.625 0
011 3.79200 -50.0 28974 923.625 0
101 4.82284 -49.0 29202 920.625 0
011 5.89049 -51.5 29661 920.625 0
101 4.88419 -49.0 29873 920.625 0
101 4.36878 -47.5 40072 921.625 0
011 4.82284 -50.5 40077 921.625 0
101 4.34423 -47.5 40728 921.625 0
011 5.05600 -51.0 40766 921.625 0
101 4.50377 -47.5 41398 921.625 0
011 5.17872 -51.0 41461 921.625 0
101 3.54043 -46.5 42050 922.625 0
011 4.62035 -50.5 42148 922.625 0
101 3.47907 -46.5 42701 922.625 0
011 4.50377 -50.0 42835 922.625 0
101 3.17841 -46.5 43354 922.625 0
011 4.27674 -50.0 43529 922.625 0
100 2.33779 -54.5 43677 923.625 0
101 2.48505 -46.0 44005 923.625 0
011 3.77973 -50.0 44215 923.625 0
100 2.29484 -54.0 44339 923.625 0
101 2.79185 -46.0 44650 923.625 0
011 3.47293 -50.5 44906 923.625 0
100 2.33165 -53.5 45005 923.625 0
101 2.52186 -45.5 45297 923.625 0
011 5.81686 -51.5 45598 920.625 0
101 4.86579 -49.0 45942 920.625 0
011 5.99480 -51.0 46286 920.625 0
101 4.84124 -49.0 46606 920.625 0
011 5.86594 -51.0 46977 920.625 0
101 4.34423 -47.0 47267 921.625 0
011 5.02532 -50.5 47667 921.625 0
101 4.52218 -47.5 47922 921.625 0
100 3.31340 -57.0 48080 921.625 0
011 4.96396 -50.5 48360 921.625 0
101 4.41173 -47.0 48570 921.625 0
100 3.31340 -58.0 48580 921.625 0
011 4.50990 -50.5 49055 922.625 0
101 3.49748 -46.5 49218 922.625 0
100 2.91456 -55.0 49650 922.625 0
011 4.35037 -50.0 49751 922.625 0
101 3.45452 -46.5 49871 922.625 0
