101 3.96381 -49.0 0 922.625 0
101 2.83480 -49.0 1423 923.625 0
101 2.96365 -47.5 2158 923.625 0
101 4.57126 -51.0 37428 920.625 0
100 2.55254 -49.0 37468 920.625 0
100 3.81654 -54.5 38453 921.625 0
001 3.31340 -45.5 38559 921.625 0
100 4.09880 -49.5 39251 921.625 0
001 3.73064 -44.0 39335 921.625 0
100 3.69383 -48.5 40042 922.625 0
001 2.57709 -44.5 40115 922.625 0
100 3.82268 -47.5 40824 922.625 0
100 3.02501 -47.5 41613 923.625 0
100 2.98819 -47.5 42399 923.625 0
100 2.98819 -47.5 43177 923.625 0
001 4.09266 -45.5 43297 920.625 0
101 3.44225 -54.0 43519 920.625 0
100 5.15418 -45.5 43954 920.625 0
001 3.97608 -45.5 44075 920.625 0
101 3.32567 -54.0 44299 920.625 0
100 5.16031 -45.5 44738 920.625 0
001 4.16016 -45.0 44867 920.625 0
001 3.65701 -46.5 45486 921.625 0
100 4.55285 -48.5 45535 921.625 0
101 1.57080 -53.5 45741 921.625 0
