100 2.82866 -49.5 0 920.625 0
001 3.20909 -39.0 5 920.625 0
101 4.14788 -50.5 11 920.625 0
101 4.08039 -50.0 587 920.625 0
001 3.12932 -38.5 596 920.625 0
100 2.81639 -49.0 606 920.625 0
101 4.08039 -52.0 1167 920.625 0
001 3.21522 -38.0 1194 920.625 0
100 3.05569 -50.0 1208 920.625 0
101 4.31969 -51.5 1747 920.625 0
001 3.23977 -38.5 1770 920.625 0
100 2.03713 -49.5 1817 921.625 0
101 3.17841 -51.0 2337 921.625 0
001 2.81639 -38.5 2355 921.625 0
100 2.06167 -49.5 2415 921.625 0
101 3.22136 -51.0 2926 921.625 0
001 2.82866 -39.0 2937 921.625 0
100 1.98804 -49.5 3021 921.625 0
101 3.42385 -51.5 3515 921.625 0
001 2.69367 -38.5 3524 921.625 0
100 1.46649 -49.5 3627 922.625 0
101 2.66913 -50.5 4100 922.625 0
001 1.69965 -39.5 4114 922.625 0
100 1.26400 -49.5 4236 922.625 0
101 2.76117 -51.0 4682 922.625 0
001 1.70579 -39.5 4705 922.625 0
100 1.19037 -49.5 4843 922.625 0
101 2.60777 -51.0 5263 922.625 0
001 1.69965 -39.5 5295 922.625 0
100 0.79767 -49.5 5446 923.625 0
101 1.63216 -51.0 5840 923.625 0
001 1.23332 -40.0 5893 923.625 0
100 0.65654 -49.5 6044 923.625 0
101 1.70579 -50.5 6432 923.625 0
001 1.01243 -40.0 6477 923.625 0
100 0.74245 -50.0 6646 923.625 0
101 1.66284 -50.5 7011 923.625 0
001 1.24559 -40.5 7061 923.625 0
100 3.08023 -49.0 7253 920.625 0
001 3.28885 -38.0 7650 920.625 0
100 2.89616 -49.0 7856 920.625 0
001 3.65087 -38.0 8226 920.625 0
100 2.87161 -49.5 8459 920.625 0
001 3.37476 -38.0 8825 920.625 0
100 2.04940 -49.0 9063 921.625 0
101 3.14773 -51.0 9332 921.625 0
001 2.60163 -38.5 9399 921.625 0
100 2.14757 -49.0 9663 921.625 0
100 1.29468 -49.5 20040 922.625 0
001 1.68124 -39.0 20045 922.625 0
101 2.75503 -50.5 20050 922.625 0
101 2.66913 -50.0 20632 922.625 0
100 1.30695 -50.0 20641 922.625 0
001 1.65670 -39.0 20651 922.625 0
101 2.44210 -50.5 21215 922.625 0
001 1.68124 -39.5 21229 922.625 0
100 1.53398 -50.0 21243 922.625 0
101 2.90843 -51.0 21792 922.625 0
001 1.70579 -39.5 21805 922.625 0
100 0.49701 -50.0 21848 923.625 0
101 1.58307 -49.0 22407 923.625 0
001 1.16583 -40.5 22417 923.625 0
100 0.51542 -50.0 22448 923.625 0
001 0.98788 -40.5 22995 923.625 0
100 0.49701 -49.5 23049 923.625 0
101 1.65670 -51.0 23575 923.625 0
001 1.21491 -40.5 23584 923.625 0
100 2.91456 -49.5 23649 920.625 0
101 4.27060 -51.0 24161 920.625 0
001 3.19682 -38.0 24170 920.625 0
100 2.84707 -49.0 24251 920.625 0
101 4.20311 -50.5 24749 920.625 0
001 3.17841 -38.0 24778 920.625 0
100 2.95751 -49.5 24854 920.625 0
101 4.21538 -50.5 25341 920.625 0
001 3.19068 -38.0 25382 920.625 0
100 2.05553 -49.0 25453 921.625 0
001 2.82866 -38.5 25975 921.625 0
100 2.33779 -49.5 26055 921.625 0
101 3.12932 -51.5 26494 921.625 0
001 2.49118 -39.0 26556 921.625 0
100 2.08008 -49.5 26654 921.625 0
101 3.03728 -50.0 27081 921.625 0
001 2.54641 -39.0 27156 921.625 0
100 1.30082 -50.0 27254 922.625 0
101 2.43596 -50.0 27670 922.625 0
001 1.67511 -39.5 27737 922.625 0
100 1.32536 -49.5 27855 922.625 0
101 2.52186 -51.0 28245 922.625 0
001 1.68738 -39.5 28329 922.625 0
100 1.27014 -49.5 28453 922.625 0
101 2.72435 -51.0 28828 922.625 0
001 1.62602 -39.5 28913 922.625 0
100 0.44792 -50.0 29052 923.625 0
001 1.06765 -40.5 29490 923.625 0
100 0.42338 -50.0 29660 923.625 0
101 1.57080 -50.5 29993 923.625 0
001 3.19068 -38.0 40082 920.625 0
101 3.73678 -49.5 40094 920.625 0
100 3.03115 -49.0 40099 920.625 0
001 3.24590 -38.0 40662 920.625 0
101 4.12948 -51.0 40689 920.625 0
100 2.95751 -49.5 40699 920.625 0
001 3.25818 -38.0 41236 920.625 0
101 3.85336 -50.0 41272 920.625 0
100 3.04955 -49.5 41301 920.625 0
001 3.17227 -38.0 41819 920.625 0
101 4.16629 -50.0 41847 920.625 0
100 2.17212 -49.0 41908 921.625 0
001 2.84093 -39.0 42410 921.625 0
100 2.09235 -49.0 42508 921.625 0
001 2.59550 -38.5 42987 921.625 0
101 3.13546 -51.0 43010 921.625 0
100 2.08621 -49.5 43108 921.625 0
001 2.55868 -38.5 43577 921.625 0
101 3.14773 -50.0 43596 921.625 0
100 1.27014 -49.0 43705 922.625 0
001 1.64443 -39.5 44160 922.625 0
101 2.40528 -50.0 44179 922.625 0
100 1.32536 -49.5 44304 922.625 0
001 1.68124 -39.5 44741 922.625 0
101 2.76117 -50.5 44755 922.625 0
100 1.20878 -49.5 44904 922.625 0
001 1.73647 -39.5 45330 922.625 0
101 2.54641 -51.0 45340 922.625 0
100 0.44792 -49.5 45509 923.625 0
001 1.22718 -40.0 45920 923.625 0
101 1.55239 -50.0 45934 923.625 0
100 0.51542 -50.0 46112 923.625 0
001 1.06151 -40.5 46506 923.625 0
101 1.53398 -50.5 46520 923.625 0
100 0.80994 -50.0 46706 923.625 0
001 1.12287 -40.0 47086 923.625 0
100 2.85320 -49.0 47309 920.625 0
001 3.21522 -38.0 47668 920.625 0
101 3.92085 -51.0 47696 920.625 0
100 2.98206 -49.0 47911 920.625 0
001 3.18454 -38.0 48245 920.625 0
101 3.68769 -50.0 48290 920.625 0
100 3.03115 -49.0 48515 920.625 0
001 3.23363 -38.5 48829 920.625 0
101 3.62633 -50.5 48874 920.625 0
100 2.39301 -49.5 49120 921.625 0
001 2.70594 -39.0 49422 921.625 0
100 2.04326 -49.5 49729 921.625 0
001 2.88388 -39.0 50012 921.625 0
