100 4.75534 -44.0 0 922.625 0
001 3.60792 -41.0 5 922.625 0
101 2.69981 -55.0 10 922.625 0
101 2.44210 -53.5 514 922.625 0
001 3.60792 -41.0 543 922.625 0
100 4.27674 -43.5 548 922.625 0
101 2.19666 -55.5 1029 922.625 0
001 3.60179 -41.0 1074 922.625 0
100 4.36878 -43.5 1088 922.625 0
101 2.32551 -55.5 1552 922.625 0
001 3.62019 -41.0 1619 922.625 0
100 4.31355 -44.0 1629 922.625 0
101 2.18439 -56.5 2067 923.625 0
001 2.93911 -40.5 2168 923.625 0
100 3.63860 -44.0 2178 923.625 0
101 2.23348 -57.5 2578 923.625 0
001 3.26431 -40.5 2700 923.625 0
100 3.52202 -44.0 2718 923.625 0
101 2.38074 -57.0 3087 923.625 0
001 3.20295 -40.5 3248 923.625 0
100 3.59565 -44.0 3262 923.625 0
101 3.12932 -53.5 3610 920.625 0
001 4.84124 -42.0 3780 920.625 0
100 0.01227 -44.5 3803 920.625 0
101 3.10478 -54.5 4123 920.625 0
001 4.85352 -41.5 4330 920.625 0
100 6.08684 -44.5 4349 920.625 0
101 3.07410 -56.5 4654 920.625 0
001 4.87806 -41.5 4874 920.625 0
100 6.16660 -44.5 4893 920.625 0
101 3.06183 -54.5 5163 920.625 0
001 4.55285 -41.0 5425 921.625 0
100 5.01305 -44.5 5439 921.625 0
101 2.99433 -62.5 5694 921.625 0
001 4.36264 -41.0 5972 921.625 0
100 4.86579 -44.0 5986 921.625 0
101 3.17841 -64.0 6219 921.625 0
001 4.66944 -41.0 6517 921.625 0
100 4.89033 -44.0 6526 921.625 0
101 3.28272 -64.0 6742 921.625 0
001 4.28287 -41.0 7064 921.625 0
100 4.89033 -44.5 7074 921.625 0
101 3.17227 -62.0 7251 922.625 0
001 3.78586 -41.0 7605 922.625 0
100 4.64489 -44.0 7619 922.625 0
101 3.23363 -61.0 7769 922.625 0
001 3.60179 -41.0 8134 922.625 0
100 4.31969 -44.0 8166 922.625 0
101 3.54043 -61.0 8286 922.625 0
001 3.62019 -41.0 8657 922.625 0
100 4.41173 -44.0 8711 922.625 0
101 3.89631 -59.5 8807 922.625 0
001 3.03115 -40.5 9204 923.625 0
100 3.86563 -44.0 9254 923.625 0
101 3.15386 -57.0 9316 923.625 0
001 2.82866 -40.5 9737 923.625 0
100 3.66928 -44.0 9805 923.625 0
101 3.23977 -56.5 9823 923.625 0
001 4.81670 -42.0 20027 920.625 0
100 5.85981 -44.5 20032 920.625 0
001 4.79216 -42.0 20564 920.625 0
100 6.02548 -45.0 20578 920.625 0
001 4.82284 -42.0 21111 920.625 0
100 5.82299 -44.5 21121 920.625 0
101 6.17274 -63.0 21199 920.625 0
001 4.81670 -42.0 21645 920.625 0
100 5.76777 -45.0 21663 920.625 0
101 4.77988 -62.0 21820 921.625 0
001 4.24606 -41.0 22192 921.625 0
100 4.87806 -44.5 22211 921.625 0
101 4.69398 -61.5 22335 921.625 0
001 4.25833 -41.0 22728 921.625 0
100 5.01305 -44.5 22755 921.625 0
101 4.73080 -61.0 22848 921.625 0
001 4.62649 -41.0 23256 921.625 0
100 4.90260 -44.5 23298 921.625 0
101 4.84738 -60.5 23373 921.625 0
001 3.63247 -40.5 23786 922.625 0
100 4.24606 -44.0 23844 922.625 0
101 4.22152 -55.5 23897 922.625 0
001 3.57111 -40.5 24339 922.625 0
100 4.45468 -44.0 24389 922.625 0
101 4.16629 -55.5 24426 922.625 0
001 3.56497 -41.0 24870 922.625 0
100 4.26447 -44.0 24933 922.625 0
101 4.17856 -55.0 24951 922.625 0
001 3.01274 -41.0 25417 923.625 0
100 3.51588 -44.0 25475 923.625 0
101 3.50975 -53.0 25484 923.625 0
001 2.85320 -40.5 25965 923.625 0
101 3.47907 -53.0 26010 923.625 0
100 3.61406 -44.5 26019 923.625 0
001 2.84707 -41.0 26500 923.625 0
101 3.51588 -52.5 26523 923.625 0
100 3.49748 -44.0 26554 923.625 0
101 3.50361 -52.5 27034 923.625 0
001 2.93297 -40.5 27048 923.625 0
100 3.47293 -44.5 27102 923.625 0
001 4.77375 -42.0 27595 920.625 0
101 6.02548 -60.5 27628 920.625 0
100 5.98253 -44.5 27655 920.625 0
001 4.82897 -42.0 28130 920.625 0
101 0.05522 -59.0 28149 920.625 0
100 5.78618 -45.0 28202 920.625 0
101 6.14819 -58.0 28665 920.625 0
001 4.82897 -42.0 28675 920.625 0
100 5.91503 -45.0 28754 920.625 0
101 4.95783 -56.5 29172 921.625 0
001 4.31355 -41.0 29209 921.625 0
100 4.79829 -44.5 29299 921.625 0
101 4.86579 -56.5 29691 921.625 0
001 4.25833 -41.0 29753 921.625 0
100 4.79216 -44.5 29846 921.625 0
101 4.47309 -49.0 40067 922.625 0
001 3.65701 -40.5 40072 922.625 0
100 4.25833 -44.0 40077 922.625 0
101 4.21538 -48.5 40579 922.625 0
100 4.33810 -44.0 40619 922.625 0
001 3.62633 -40.5 40629 922.625 0
101 4.30128 -50.0 41097 922.625 0
100 4.37491 -44.5 41161 922.625 0
001 3.57724 -40.5 41171 922.625 0
101 4.34423 -48.5 41606 922.625 0
100 4.38105 -44.5 41713 922.625 0
001 3.57111 -41.0 41723 922.625 0
101 3.54043 -48.0 42120 923.625 0
001 2.81639 -40.5 42259 923.625 0
100 3.41771 -44.5 42269 923.625 0
101 3.61406 -48.5 42644 923.625 0
001 2.85934 -40.5 42803 923.625 0
100 3.55884 -44.5 42822 923.625 0
101 3.60179 -47.5 43171 923.625 0
001 2.87161 -40.5 43336 923.625 0
100 3.55884 -44.5 43368 923.625 0
101 5.87821 -51.0 43683 920.625 0
001 4.84738 -41.5 43887 920.625 0
100 5.73709 -45.0 43919 920.625 0
101 6.01934 -53.0 44197 920.625 0
001 4.82284 -41.5 44443 920.625 0
100 6.01934 -45.0 44461 920.625 0
101 6.01934 -51.0 44714 920.625 0
001 4.77375 -42.0 44985 920.625 0
100 5.90889 -45.5 45004 920.625 0
101 5.94571 -50.5 45225 920.625 0
001 4.23992 -41.0 45515 921.625 0
100 4.85352 -44.5 45547 921.625 0
101 5.19099 -50.5 45746 921.625 0
001 4.28901 -41.0 46064 921.625 0
100 4.85352 -45.0 46096 921.625 0
101 5.15418 -49.0 46272 921.625 0
001 4.33196 -41.0 46605 921.625 0
100 4.84738 -45.0 46646 921.625 0
101 4.90874 -49.0 46788 921.625 0
001 4.33196 -41.0 47139 921.625 0
100 4.84124 -45.0 47189 921.625 0
101 4.27674 -49.0 47311 922.625 0
001 3.54656 -40.5 47682 922.625 0
100 4.12334 -44.5 47740 922.625 0
101 4.31969 -48.0 47824 922.625 0
001 3.60179 -40.5 48217 922.625 0
100 4.19697 -44.5 48294 922.625 0
101 4.31355 -47.5 48349 922.625 0
001 3.55270 -40.5 48750 922.625 0
100 4.20924 -44.5 48830 922.625 0
101 4.45468 -49.0 48862 922.625 0
001 2.93297 -40.5 49289 923.625 0
101 3.66928 -47.0 49375 923.625 0
100 3.41157 -44.5 49385 923.625 0
001 2.83480 -40.5 49829 923.625 0
101 3.57111 -47.0 49896 923.625 0
100 3.44225 -44.5 49937 923.625 0
