101 2.66913 -40.5 0 922.625 0
001 3.74291 -29.0 5 922.625 0
100 0.80994 -37.5 10 922.625 0
101 2.50959 -40.0 413 922.625 0
001 3.74905 -29.0 432 922.625 0
100 0.76085 -37.5 450 922.625 0
101 2.47278 -40.0 830 922.625 0
001 3.76132 -29.0 858 922.625 0
100 0.77313 -37.0 881 922.625 0
101 2.72435 -39.5 1247 922.625 0
001 3.87177 -29.0 1274 922.625 0
100 0.80381 -37.0 1315 922.625 0
101 2.51573 -39.5 1659 922.625 0
001 3.90858 -29.0 1695 922.625 0
100 0.79767 -37.5 1749 922.625 0
101 2.03099 -40.0 2088 923.625 0
001 3.07410 -29.0 2111 923.625 0
100 6.25864 -38.0 2191 923.625 0
101 1.73647 -40.0 2500 923.625 0
001 3.12932 -29.0 2540 923.625 0
100 6.27091 -38.5 2620 923.625 0
101 2.04940 -40.0 2916 923.625 0
001 2.96979 -29.0 2956 923.625 0
100 6.27705 -38.5 3053 923.625 0
101 1.85918 -40.0 3333 923.625 0
001 2.97592 -29.0 3373 923.625 0
100 0.00000 -38.0 3488 923.625 0
101 4.28901 -38.0 3739 920.625 0
001 5.22167 -28.5 3802 920.625 0
100 2.53414 -35.5 3921 920.625 0
101 4.19697 -38.0 4160 920.625 0
001 5.21553 -28.5 4223 920.625 0
100 2.49732 -35.5 4360 920.625 0
101 4.60808 -38.5 4573 920.625 0
001 5.28303 -28.5 4640 920.625 0
100 2.75503 -35.5 4792 920.625 0
101 4.26447 -38.5 4999 920.625 0
001 5.25235 -28.5 5062 920.625 0
100 2.49118 -35.5 5216 920.625 0
101 3.37476 -39.0 5420 921.625 0
001 4.47922 -29.0 5487 921.625 0
100 1.57693 -36.5 5647 921.625 0
101 3.37476 -39.0 5829 921.625 0
001 4.44241 -29.0 5913 921.625 0
100 1.60148 -36.5 6081 921.625 0
101 3.30113 -39.0 6246 921.625 0
001 4.44241 -29.0 6330 921.625 0
100 1.57693 -36.5 6507 921.625 0
101 3.31340 -39.0 6671 921.625 0
001 4.52831 -29.0 6751 921.625 0
100 1.59534 -36.5 6936 921.625 0
101 3.31340 -39.0 7101 921.625 0
001 4.50990 -29.0 7163 921.625 0
100 0.86517 -37.0 7365 922.625 0
101 2.57095 -39.5 7514 922.625 0
001 3.73064 -29.5 7582 922.625 0
100 0.81608 -37.0 7802 922.625 0
101 2.50346 -39.5 7941 922.625 0
001 3.72451 -29.5 7999 922.625 0
100 0.92652 -37.0 8241 922.625 0
101 2.46664 -39.5 8357 922.625 0
001 3.92085 -29.5 8419 922.625 0
100 0.77313 -37.5 8670 922.625 0
101 2.47891 -40.0 8781 922.625 0
001 3.79200 -29.5 8844 922.625 0
100 6.25864 -38.0 9106 923.625 0
101 1.73647 -40.5 9205 923.625 0
001 2.99433 -29.5 9276 923.625 0
100 6.26478 -38.0 9537 923.625 0
101 1.77942 -40.5 9618 923.625 0
001 2.97592 -29.5 9694 923.625 0
100 6.27705 -38.0 9973 923.625 0
001 5.19099 -28.5 20044 920.625 0
100 2.77957 -36.0 20049 920.625 0
101 4.37491 -38.5 20054 920.625 0
001 5.20940 -28.5 20473 920.625 0
101 4.53445 -38.5 20487 920.625 0
100 2.65072 -35.5 20496 920.625 0
001 5.24621 -28.5 20898 920.625 0
101 4.18470 -38.0 20908 920.625 0
100 2.36847 -35.5 20930 920.625 0
001 5.22167 -28.5 21314 920.625 0
101 4.28287 -38.0 21333 920.625 0
100 2.46051 -35.5 21369 920.625 0
001 5.51006 -28.5 21730 920.625 0
101 4.43627 -38.0 21762 920.625 0
100 2.72435 -35.0 21816 920.625 0
001 4.73693 -28.5 22154 921.625 0
101 3.46680 -39.0 22176 921.625 0
100 1.66284 -35.5 22247 921.625 0
001 4.60808 -29.0 22580 921.625 0
101 3.49134 -39.0 22589 921.625 0
100 1.66284 -36.0 22683 921.625 0
001 4.49763 -28.5 22987 921.625 0
101 3.48520 -39.0 23010 921.625 0
100 1.90214 -36.0 23113 921.625 0
001 4.49150 -29.0 23409 921.625 0
101 3.47907 -39.0 23428 921.625 0
100 1.74260 -36.0 23544 921.625 0
001 3.93313 -29.0 23841 922.625 0
101 2.49732 -39.5 23854 922.625 0
100 0.73631 -37.0 23987 922.625 0
001 3.81041 -29.0 24266 922.625 0
101 2.53414 -39.5 24275 922.625 0
100 0.74245 -37.0 24426 922.625 0
001 3.70610 -29.0 24683 922.625 0
101 2.66913 -39.5 24706 922.625 0
100 0.73017 -37.0 24856 922.625 0
001 3.76746 -29.0 25103 922.625 0
101 2.47891 -39.5 25126 922.625 0
100 0.71790 -37.0 25290 922.625 0
001 2.98819 -29.0 25535 923.625 0
101 1.75487 -40.0 25544 923.625 0
001 3.06183 -29.0 25956 923.625 0
101 1.98804 -40.0 25965 923.625 0
100 0.02454 -38.0 26162 923.625 0
001 3.03115 -29.0 26370 923.625 0
101 2.01872 -40.0 26389 923.625 0
100 6.17887 -38.0 26604 923.625 0
001 2.98206 -29.5 26798 923.625 0
101 1.93895 -40.0 26808 923.625 0
100 6.16660 -38.0 27039 923.625 0
101 4.38105 -38.0 27237 920.625 0
001 5.30144 -28.5 27242 920.625 0
100 2.50959 -35.0 27471 920.625 0
101 4.27674 -38.0 27663 920.625 0
001 5.21553 -28.5 27668 920.625 0
100 2.53414 -35.0 27901 920.625 0
101 4.23379 -38.0 28087 920.625 0
001 5.32598 -28.5 28101 920.625 0
100 2.36233 -35.0 28341 920.625 0
101 4.37491 -34.5 28504 920.625 0
001 5.20940 -28.0 28527 920.625 0
100 2.61390 -35.0 28781 920.625 0
101 4.51604 -38.0 28931 920.625 0
001 5.25235 -28.5 28958 920.625 0
101 3.46066 -39.0 29365 921.625 0
001 4.44854 -28.5 29379 921.625 0
101 3.31953 -39.0 29783 921.625 0
001 4.50377 -28.5 29793 921.625 0
001 3.71223 -29.0 40081 922.625 0
100 0.66882 -37.5 40086 922.625 0
101 2.45437 -40.0 40091 922.625 0
001 3.72451 -29.0 40507 922.625 0
101 2.49732 -40.0 40517 922.625 0
100 0.66882 -37.0 40540 922.625 0
001 3.67542 -29.0 40941 922.625 0
101 2.50346 -40.0 40951 922.625 0
100 0.65041 -37.0 40982 922.625 0
001 3.71837 -29.0 41370 922.625 0
101 2.49732 -40.0 41388 922.625 0
100 0.63200 -37.5 41424 922.625 0
001 3.71837 -29.0 41791 922.625 0
101 2.46051 -40.0 41813 922.625 0
100 6.27091 -38.0 41873 923.625 0
001 2.98819 -29.0 42218 923.625 0
101 1.71806 -41.0 42245 923.625 0
100 6.03161 -38.0 42308 923.625 0
001 2.97592 -29.0 42647 923.625 0
101 1.69965 -41.0 42679 923.625 0
100 6.06843 -38.5 42741 923.625 0
001 3.02501 -29.0 43073 923.625 0
101 1.64443 -41.0 43096 923.625 0
100 6.14206 -38.0 43176 923.625 0
001 2.92070 -29.0 43499 923.625 0
101 1.70579 -41.0 43513 923.625 0
100 6.05002 -37.5 43619 923.625 0
001 5.19713 -28.0 43924 920.625 0
101 4.39332 -38.5 43938 920.625 0
100 2.25802 -35.5 44063 920.625 0
001 5.19099 -28.5 44346 920.625 0
101 4.17856 -38.5 44369 920.625 0
100 2.67526 -35.5 44498 920.625 0
001 5.19099 -29.0 44782 920.625 0
101 4.27060 -39.0 44792 920.625 0
100 2.72435 -35.0 44931 920.625 0
001 5.21553 -28.5 45209 920.625 0
101 4.52218 -38.5 45218 920.625 0
100 2.50959 -35.0 45364 920.625 0
001 4.49763 -28.5 45638 921.625 0
101 3.25818 -39.5 45643 921.625 0
100 1.49103 -36.0 45802 921.625 0
101 3.31340 -39.5 46068 921.625 0
001 4.62035 -28.5 46087 921.625 0
100 1.47262 -36.0 46244 921.625 0
101 3.28885 -39.0 46491 921.625 0
001 4.48536 -28.5 46509 921.625 0
100 1.47262 -36.0 46686 921.625 0
101 3.25818 -39.0 46915 921.625 0
001 4.63262 -28.5 46938 921.625 0
100 1.60148 -36.5 47131 921.625 0
101 2.52800 -40.0 47333 922.625 0
001 3.71837 -29.0 47369 922.625 0
100 0.74245 -37.0 47565 922.625 0
101 2.48505 -39.5 47757 922.625 0
001 3.76132 -29.0 47802 922.625 0
100 0.68109 -37.0 48002 922.625 0
101 2.52800 -39.5 48180 922.625 0
001 3.73064 -29.0 48236 922.625 0
100 0.72404 -37.0 48443 922.625 0
101 2.52800 -39.5 48602 922.625 0
001 3.72451 -29.0 48669 922.625 0
100 0.80994 -37.5 48902 922.625 0
101 2.66913 -39.5 49030 922.625 0
001 2.95751 -29.0 49099 923.625 0
100 6.14819 -37.5 49342 923.625 0
101 2.04940 -40.0 49462 923.625 0
001 3.14773 -29.0 49525 923.625 0
100 6.08070 -37.5 49786 923.625 0
101 1.87759 -40.0 49889 923.625 0
001 2.96979 -29.0 49961 923.625 0
