001 5.60210 -30.0 0 920.625 0
101 4.32583 -49.0 5 920.625 0
100 2.85320 -34.5 10 920.625 0
001 5.64505 -30.0 393 920.625 0
101 4.35037 -50.0 403 920.625 0
100 2.79185 -34.0 417 920.625 0
001 5.72482 -30.0 784 920.625 0
101 4.44241 -50.0 799 920.625 0
100 2.94524 -34.0 817 920.625 0
001 5.84753 -30.0 1185 920.625 0
101 4.27674 -50.0 1195 920.625 0
100 2.98819 -34.0 1217 920.625 0
001 5.46711 -30.0 1585 920.625 0
101 4.37491 -50.0 1595 920.625 0
100 2.79185 -34.0 1626 920.625 0
001 4.69398 -30.5 1980 921.625 0
101 3.69383 -51.5 1989 921.625 0
100 2.04326 -35.0 2025 921.625 0
001 4.69398 -30.5 2369 921.625 0
101 3.64474 -51.0 2383 921.625 0
100 2.00645 -35.0 2428 921.625 0
001 4.69398 -30.5 2765 921.625 0
100 2.04326 -35.0 2828 921.625 0
001 4.73693 -30.5 3155 921.625 0
101 3.67542 -51.5 3165 921.625 0
100 2.00031 -35.0 3232 921.625 0
101 3.69383 -51.5 3554 921.625 0
001 4.68785 -30.5 3559 921.625 0
100 1.23332 -36.5 3625 922.625 0
101 3.43612 -52.0 3949 922.625 0
001 3.94540 -30.5 3959 922.625 0
100 1.18423 -36.0 4025 922.625 0
101 3.27658 -52.5 4338 922.625 0
001 3.93926 -30.5 4357 922.625 0
100 1.19037 -36.5 4419 922.625 0
101 3.53429 -53.0 4728 922.625 0
001 3.96381 -30.5 4755 922.625 0
100 1.22718 -36.0 4822 922.625 0
101 3.38703 -52.5 5118 922.625 0
001 3.91472 -31.0 5149 922.625 0
100 1.23332 -36.5 5220 922.625 0
101 2.50346 -53.0 5515 923.625 0
001 3.55270 -30.5 5538 923.625 0
100 0.39884 -37.0 5618 923.625 0
101 2.50346 -52.5 5911 923.625 0
001 3.42998 -30.5 5933 923.625 0
100 0.38656 -37.0 6022 923.625 0
101 2.55868 -52.5 6304 923.625 0
001 3.32567 -30.5 6331 923.625 0
100 0.43565 -37.0 6426 923.625 0
101 2.51573 -52.0 6695 923.625 0
001 3.63247 -30.5 6722 923.625 0
100 0.42338 -37.0 6828 923.625 0
101 2.48505 -52.5 7093 923.625 0
001 3.46680 -30.5 7116 923.625 0
100 2.73662 -34.5 7226 920.625 0
101 4.36264 -50.0 7486 920.625 0
001 5.55301 -30.0 7505 920.625 0
100 2.77344 -34.0 7624 920.625 0
101 4.34423 -50.0 7881 920.625 0
001 5.84753 -30.0 7899 920.625 0
100 2.83480 -34.5 8025 920.625 0
101 4.30128 -50.0 8270 920.625 0
001 5.47324 -30.0 8293 920.625 0
100 2.82866 -34.0 8422 920.625 0
101 4.33810 -50.0 8665 920.625 0
001 5.66346 -30.0 8679 920.625 0
100 2.72435 -34.5 8834 920.625 0
101 3.87790 -51.0 9054 921.625 0
001 4.68785 -30.5 9077 921.625 0
100 1.96963 -35.0 9236 921.625 0
101 3.63860 -51.0 9439 921.625 0
001 4.68171 -30.5 9480 921.625 0
100 1.84691 -35.0 9632 921.625 0
101 3.82882 -50.5 9838 921.625 0
001 4.71852 -30.5 9878 921.625 0
001 3.95153 -30.5 20041 922.625 0
101 3.41157 -51.5 20046 922.625 0
100 1.17810 -36.5 20051 922.625 0
001 3.92699 -30.5 20435 922.625 0
101 3.20909 -52.0 20445 922.625 0
100 1.15969 -36.0 20454 922.625 0
001 3.92699 -30.5 20830 922.625 0
101 3.04342 -52.0 20839 922.625 0
100 1.17810 -36.0 20858 922.625 0
101 3.47293 -52.0 21240 922.625 0
001 3.95153 -30.5 21250 922.625 0
100 1.25786 -36.0 21260 922.625 0
101 3.11705 -51.5 21638 922.625 0
001 3.95767 -30.5 21648 922.625 0
100 1.15969 -36.0 21666 922.625 0
101 2.44823 -52.5 22041 923.625 0
001 3.81041 -30.5 22055 923.625 0
100 0.34975 -37.0 22073 923.625 0
101 2.40528 -52.0 22439 923.625 0
001 3.64474 -30.5 22466 923.625 0
100 0.36816 -37.0 22480 923.625 0
101 2.47278 -52.0 22838 923.625 0
001 3.30113 -30.5 22865 923.625 0
100 0.71790 -37.5 22887 923.625 0
101 2.42983 -52.0 23237 923.625 0
001 3.55270 -30.5 23260 923.625 0
100 0.41724 -37.0 23292 923.625 0
101 4.52218 -49.5 23636 920.625 0
001 5.49165 -30.0 23650 920.625 0
100 2.72435 -34.5 23695 920.625 0
101 4.22152 -49.5 24031 920.625 0
001 5.47938 -30.0 24045 920.625 0
100 2.71208 -34.5 24095 920.625 0
101 4.52831 -49.0 24431 920.625 0
001 5.51006 -30.0 24449 920.625 0
100 2.72435 -34.5 24495 920.625 0
101 4.23379 -49.5 24831 920.625 0
001 5.53460 -30.0 24845 920.625 0
100 2.84707 -34.5 24899 920.625 0
101 4.42400 -49.5 25228 920.625 0
001 5.84753 -30.0 25242 920.625 0
100 2.84707 -34.5 25304 920.625 0
101 3.54656 -50.0 25620 921.625 0
001 4.69398 -30.0 25634 921.625 0
100 1.84078 -35.5 25705 921.625 0
101 3.58338 -50.0 26014 921.625 0
001 4.63262 -30.0 26033 921.625 0
100 2.03099 -35.0 26113 921.625 0
101 3.59565 -50.5 26405 921.625 0
001 4.68171 -30.0 26423 921.625 0
100 1.82237 -35.5 26525 921.625 0
101 3.66315 -50.5 26794 921.625 0
001 4.69398 -30.0 26826 921.625 0
100 1.98190 -35.0 26933 921.625 0
101 3.50975 -50.5 27185 921.625 0
001 3.90858 -30.5 27232 922.625 0
100 1.22105 -36.5 27335 922.625 0
101 2.83480 -50.5 27588 922.625 0
001 3.93313 -30.0 27624 922.625 0
100 1.16583 -36.5 27741 922.625 0
101 2.89002 -50.5 27984 922.625 0
001 3.93926 -30.0 28033 922.625 0
100 1.17196 -36.5 28148 922.625 0
101 2.79798 -50.5 28388 922.625 0
001 3.93926 -30.0 28433 922.625 0
100 1.19037 -36.5 28553 922.625 0
101 2.79185 -50.5 28791 922.625 0
001 3.89631 -30.0 28827 922.625 0
100 1.17810 -36.0 28950 922.625 0
101 2.17212 -51.5 29189 923.625 0
001 3.27658 -30.0 29229 923.625 0
100 0.58905 -37.0 29354 923.625 0
101 2.35006 -52.5 29585 923.625 0
001 3.43612 -30.5 29631 923.625 0
100 0.33748 -37.0 29759 923.625 0
101 2.21507 -52.0 29987 923.625 0
001 3.28885 -30.5 30024 923.625 0
100 2.67526 -35.0 40096 920.625 0
001 5.60210 -30.0 40101 920.625 0
101 4.35037 -49.0 40106 920.625 0
001 5.51006 -30.0 40500 920.625 0
101 4.42400 -49.0 40511 920.625 0
100 2.66913 -34.5 40520 920.625 0
001 5.60823 -30.0 40906 920.625 0
101 4.31969 -49.5 40915 920.625 0
100 2.73662 -34.5 40934 920.625 0
001 5.89049 -30.0 41306 920.625 0
101 4.33810 -49.0 41320 920.625 0
100 2.73049 -35.0 41334 920.625 0
001 5.55915 -30.0 41711 920.625 0
101 4.16016 -49.0 41724 920.625 0
100 2.78571 -34.5 41738 920.625 0
001 4.68171 -30.0 42113 921.625 0
101 3.49748 -50.5 42127 921.625 0
100 2.00031 -35.5 42154 921.625 0
001 4.67557 -30.0 42516 921.625 0
101 3.68769 -50.0 42526 921.625 0
100 1.66284 -35.5 42553 921.625 0
001 4.68171 -30.0 42909 921.625 0
101 3.62633 -50.0 42924 921.625 0
100 1.87759 -36.0 42960 921.625 0
001 4.67557 -30.5 43315 921.625 0
101 3.57111 -50.0 43324 921.625 0
100 1.66897 -35.5 43369 921.625 0
001 3.93926 -30.5 43720 922.625 0
101 3.59565 -51.0 43730 922.625 0
100 0.92652 -37.0 43772 922.625 0
101 3.03115 -51.0 44125 922.625 0
001 3.92085 -30.5 44134 922.625 0
100 0.92039 -36.5 44166 922.625 0
101 3.06796 -51.0 44526 922.625 0
001 3.91472 -30.5 44545 922.625 0
100 0.94493 -36.5 44577 922.625 0
101 3.16614 -51.0 44922 922.625 0
001 3.92699 -30.5 44941 922.625 0
100 1.06151 -36.5 44982 922.625 0
101 2.96365 -51.0 45319 922.625 0
001 3.93313 -30.5 45341 922.625 0
100 0.93266 -36.5 45386 922.625 0
101 2.33779 -52.0 45717 923.625 0
001 3.46680 -30.5 45736 923.625 0
100 0.55837 -37.5 45794 923.625 0
101 2.30097 -52.0 46111 923.625 0
001 3.62019 -30.5 46143 923.625 0
100 0.52155 -37.5 46201 923.625 0
101 2.27029 -52.0 46506 923.625 0
001 3.33181 -30.5 46538 923.625 0
100 0.35588 -38.0 46613 923.625 0
101 2.17212 -52.0 46904 923.625 0
001 3.14773 -30.5 46962 923.625 0
100 0.33748 -38.0 47029 923.625 0
101 4.30128 -49.0 47299 920.625 0
001 5.44256 -30.0 47374 920.625 0
100 2.63845 -35.0 47445 920.625 0
101 4.15402 -49.0 47697 920.625 0
001 5.70641 -30.0 47772 920.625 0
100 2.69981 -35.0 47853 920.625 0
101 4.22765 -49.5 48097 920.625 0
001 5.54074 -30.0 48172 920.625 0
100 2.74276 -35.0 48256 920.625 0
101 4.31969 -49.0 48490 920.625 0
001 5.89049 -30.0 48574 920.625 0
100 2.60777 -34.5 48661 920.625 0
101 4.52218 -49.5 48889 920.625 0
001 5.52847 -30.0 48982 920.625 0
100 1.73033 -35.5 49078 921.625 0
101 3.60792 -50.5 49291 921.625 0
001 4.62035 -30.5 49371 921.625 0
100 1.90214 -35.5 49496 921.625 0
101 3.61406 -51.5 49700 921.625 0
001 4.62649 -30.0 49772 921.625 0
100 1.95736 -35.5 49904 921.625 0
101 3.35021 -51.5 50100 921.625 0
