100 2.69981 -47.0 0 922.625 0
101 1.69965 -43.0 5 922.625 0
001 3.96994 -48.0 10 922.625 0
100 2.77957 -47.0 719 922.625 0
001 3.82882 -48.0 798 922.625 0
101 1.96350 -42.5 820 922.625 0
100 2.87161 -46.5 1442 922.625 0
001 3.98835 -48.5 1574 922.625 0
101 1.75487 -42.5 1635 922.625 0
100 1.70579 -47.0 2175 923.625 0
001 3.25818 -47.5 2355 923.625 0
101 1.23332 -42.5 2469 923.625 0
100 1.82851 -46.5 2901 923.625 0
001 2.98206 -48.0 3131 923.625 0
101 1.25173 -43.0 3301 923.625 0
100 4.24606 -47.0 3620 920.625 0
001 5.62664 -49.5 3918 920.625 0
101 3.34408 -42.5 4137 920.625 0
100 4.25833 -47.0 4333 920.625 0
001 5.12963 -48.5 4698 920.625 0
101 3.26431 -42.5 4960 920.625 0
100 4.16629 -46.5 5054 920.625 0
001 4.46082 -49.0 5482 921.625 0
101 2.73662 -42.5 5773 921.625 0
100 3.25818 -47.0 5787 921.625 0
001 4.54058 -48.5 6271 921.625 0
100 3.30726 -47.0 6514 921.625 0
101 2.72435 -42.5 6593 921.625 0
001 4.46695 -48.5 7058 921.625 0
100 2.60777 -47.0 7243 922.625 0
101 1.69351 -42.5 7423 922.625 0
001 3.69996 -48.5 7840 922.625 0
100 2.74889 -47.0 7963 922.625 0
101 1.67511 -43.0 8241 922.625 0
001 3.67542 -47.5 8620 922.625 0
100 2.56482 -47.0 8686 922.625 0
101 1.20264 -42.5 9066 923.625 0
001 2.90843 -48.0 9408 923.625 0
100 1.67511 -47.0 9418 923.625 0
101 3.17227 -42.5 20052 920.625 0
100 4.17243 -47.0 20057 920.625 0
001 5.68800 -49.0 20062 920.625 0
100 4.33196 -47.0 20788 920.625 0
001 5.28303 -49.5 20848 920.625 0
101 3.25204 -42.5 20879 920.625 0
100 4.04971 -46.5 21509 920.625 0
001 5.18486 -49.0 21632 920.625 0
101 3.25204 -42.5 21702 920.625 0
100 3.12932 -47.0 22226 921.625 0
001 4.41173 -49.0 22416 921.625 0
101 2.69367 -42.5 22539 921.625 0
100 3.17841 -47.0 22957 921.625 0
001 4.45468 -49.0 23200 921.625 0
101 2.90843 -43.0 23353 921.625 0
100 2.57095 -47.5 23683 922.625 0
001 3.85336 -49.0 23986 922.625 0
101 1.98804 -43.0 24176 922.625 0
100 2.76730 -47.0 24400 922.625 0
001 4.16629 -47.5 24769 922.625 0
101 1.68124 -42.5 25007 922.625 0
100 2.50346 -47.0 25120 922.625 0
001 2.89002 -47.5 25553 923.625 0
101 1.23332 -43.0 25833 923.625 0
100 1.85918 -47.0 25847 923.625 0
001 2.92684 -47.5 26338 923.625 0
100 1.74874 -47.0 26579 923.625 0
101 1.41740 -42.5 26660 923.625 0
001 3.06183 -48.0 27121 923.625 0
100 4.23379 -46.5 27312 920.625 0
101 3.33181 -42.5 27486 920.625 0
001 5.06827 -49.5 27903 920.625 0
100 4.05585 -47.0 28028 920.625 0
101 3.28272 -43.0 28315 920.625 0
001 5.14190 -49.5 28688 920.625 0
100 4.26447 -47.0 28750 920.625 0
101 2.78571 -42.5 29154 921.625 0
001 4.42400 -49.0 29467 921.625 0
100 3.26431 -47.0 29472 921.625 0
101 2.60777 -42.5 29992 921.625 0
101 1.87146 -42.5 40086 922.625 0
001 3.76746 -48.5 40091 922.625 0
100 2.60163 -46.5 40096 922.625 0
100 2.77344 -47.0 40814 922.625 0
001 3.55884 -48.0 40873 922.625 0
101 1.96350 -42.5 40910 922.625 0
100 2.73049 -47.0 41539 922.625 0
001 4.01903 -48.5 41662 922.625 0
101 1.81623 -42.5 41741 922.625 0
100 1.74874 -46.5 42253 923.625 0
001 2.92684 -48.0 42447 923.625 0
101 1.19651 -43.0 42569 923.625 0
100 1.67511 -47.0 42977 923.625 0
001 2.88388 -48.0 43228 923.625 0
100 4.09880 -47.0 43702 920.625 0
001 5.51006 -49.0 44018 920.625 0
101 3.30113 -42.0 44208 920.625 0
100 4.45468 -47.0 44426 920.625 0
001 5.12963 -48.5 44801 920.625 0
101 3.34408 -42.5 45030 920.625 0
100 3.89018 -46.5 45160 920.625 0
001 4.48536 -49.0 45589 921.625 0
101 2.53414 -42.5 45850 921.625 0
100 3.17841 -47.0 45884 921.625 0
001 4.47309 -48.5 46371 921.625 0
100 3.24590 -47.0 46608 921.625 0
101 2.73662 -42.5 46671 921.625 0
001 4.39946 -48.5 47155 921.625 0
100 2.80412 -47.0 47323 922.625 0
101 1.96350 -42.5 47486 922.625 0
001 3.76132 -49.0 47934 922.625 0
100 2.71208 -47.0 48051 922.625 0
101 1.96963 -42.5 48311 922.625 0
001 3.77973 -48.0 48721 922.625 0
100 2.78571 -47.0 48776 922.625 0
101 1.20878 -42.5 49128 923.625 0
100 1.86532 -47.0 49499 923.625 0
001 2.86548 -47.0 49504 923.625 0
101 1.07379 -42.5 49965 923.625 0
