101 2.27029 -41.5 0 922.625 0
001 4.56513 -49.0 6 922.625 0
001 4.43627 -48.5 755 922.625 0
101 2.16598 -42.0 783 922.625 0
100 3.09251 -45.0 1415 922.625 0
001 4.38719 -48.5 1516 922.625 0
101 2.51573 -42.0 1578 922.625 0
100 2.39915 -45.0 2104 923.625 0
001 3.54656 -49.5 2271 923.625 0
101 1.36831 -42.0 2359 923.625 0
100 2.63231 -45.0 2805 923.625 0
001 3.52202 -49.0 3026 923.625 0
101 1.39285 -42.0 3147 923.625 0
100 2.60163 -45.0 3504 923.625 0
001 5.95185 -50.0 3781 920.625 0
101 3.59565 -42.0 3931 920.625 0
100 4.55899 -45.0 4215 920.625 0
001 5.89049 -50.5 4532 920.625 0
101 3.81654 -42.0 4709 920.625 0
100 4.56513 -44.5 4910 920.625 0
001 5.90889 -50.5 5285 920.625 0
101 2.85320 -42.0 5503 921.625 0
100 4.16629 -45.0 5603 921.625 0
001 4.98851 -51.0 6044 921.625 0
101 2.84707 -42.0 6283 921.625 0
100 4.15402 -45.0 6299 921.625 0
001 4.92101 -49.5 6802 921.625 0
100 4.01289 -45.0 6991 921.625 0
101 2.81025 -42.0 7073 921.625 0
001 4.41786 -49.5 7559 922.625 0
101 2.12917 -41.5 7858 922.625 0
001 4.33196 -49.5 8313 922.625 0
101 2.06781 -42.0 8649 922.625 0
001 3.52816 -49.5 9062 923.625 0
100 2.55868 -45.0 9081 923.625 0
101 1.37445 -42.0 9432 923.625 0
100 2.64458 -44.5 9786 923.625 0
001 3.30113 -49.5 9807 923.625 0
101 3.46680 -42.5 20036 920.625 0
001 5.79231 -50.5 20043 920.625 0
100 4.53445 -45.5 20048 920.625 0
001 5.60823 -50.0 20800 920.625 0
101 3.73064 -42.5 20824 920.625 0
001 5.87208 -50.5 21557 920.625 0
101 3.68155 -43.0 21613 920.625 0
100 4.14175 -45.5 22172 921.625 0
001 4.71852 -50.0 22320 921.625 0
101 2.82252 -42.5 22402 921.625 0
100 4.27674 -45.5 22869 921.625 0
001 4.62035 -49.5 23077 921.625 0
101 2.88388 -42.5 23189 921.625 0
100 4.09880 -45.5 23574 921.625 0
001 4.38105 -49.5 23832 922.625 0
101 2.25802 -42.0 23971 922.625 0
001 4.16016 -49.5 24588 922.625 0
101 2.36847 -42.5 24760 922.625 0
100 3.06796 -45.5 24984 922.625 0
001 4.23379 -49.5 25344 922.625 0
101 1.25786 -42.5 25547 923.625 0
100 2.50959 -45.5 25686 923.625 0
001 3.14159 -49.5 26101 923.625 0
101 1.32536 -42.5 26322 923.625 0
100 2.57095 -45.5 26376 923.625 0
001 3.19068 -50.0 26860 923.625 0
100 2.56482 -45.5 27069 923.625 0
101 1.31309 -42.0 27105 923.625 0
001 5.95185 -50.0 27621 920.625 0
101 3.55884 -42.0 27893 920.625 0
001 5.61437 -50.5 28375 920.625 0
101 3.58952 -42.5 28690 920.625 0
001 4.71852 -51.0 29131 921.625 0
100 4.06198 -45.5 29164 921.625 0
101 2.68753 -42.5 29488 921.625 0
100 3.95767 -45.0 29856 921.625 0
001 4.71239 -50.5 29889 921.625 0
001 4.35651 -49.5 40072 922.625 0
101 2.00031 -42.5 40076 922.625 0
001 4.20311 -49.0 40824 922.625 0
101 2.01258 -42.5 40874 922.625 0
001 4.14788 -49.5 41579 922.625 0
101 2.14144 -42.0 41656 922.625 0
100 2.71208 -45.5 42186 923.625 0
001 3.39317 -49.5 42333 923.625 0
101 1.34377 -42.5 42444 923.625 0
100 2.38074 -45.5 42887 923.625 0
001 3.14773 -49.5 43092 923.625 0
101 1.30695 -42.0 43239 923.625 0
100 2.46051 -45.5 43592 923.625 0
001 5.69414 -50.5 43852 920.625 0
101 3.23977 -42.5 44029 920.625 0
100 4.55285 -45.5 44293 920.625 0
001 5.62051 -50.5 44615 920.625 0
101 3.40544 -42.5 44811 920.625 0
100 4.52831 -46.0 44989 920.625 0
001 5.61437 -50.5 45374 920.625 0
101 2.87775 -42.0 45596 921.625 0
100 3.89018 -46.0 45690 921.625 0
001 4.68785 -50.5 46127 921.625 0
100 4.07425 -46.0 46379 921.625 0
101 2.68753 -42.5 46389 921.625 0
001 4.78602 -51.0 46885 921.625 0
100 3.95767 -46.0 47076 921.625 0
101 2.90229 -42.5 47169 921.625 0
001 4.31355 -50.5 47641 922.625 0
101 1.95122 -42.0 47953 922.625 0
001 4.25833 -49.5 48400 922.625 0
101 1.73033 -42.5 48754 922.625 0
001 3.29499 -49.5 49157 923.625 0
100 2.38687 -46.0 49162 923.625 0
101 1.23332 -42.5 49540 923.625 0
100 2.73049 -45.5 49858 923.625 0
001 3.27658 -49.5 49913 923.625 0
