101 4.36878 -45.0 0 922.625 0
100 2.90843 -55.5 7 922.625 0
011 3.12932 -52.5 19 922.625 0
100 2.25188 -56.0 397 922.625 0
101 4.27060 -45.5 410 922.625 0
011 3.22750 -52.5 421 922.625 0
100 2.62004 -55.0 790 922.625 0
101 4.29515 -45.5 818 922.625 0
011 3.18454 -54.0 823 922.625 0
100 2.47278 -55.5 1178 922.625 0
011 3.35635 -52.5 1226 922.625 0
101 4.62649 -46.0 1242 922.625 0
100 2.46664 -56.0 1564 922.625 0
011 3.46680 -53.0 1629 922.625 0
101 4.38719 -45.0 1654 922.625 0
011 2.87161 -53.5 2029 923.625 0
101 3.55270 -45.5 2070 923.625 0
011 2.61390 -54.0 2428 923.625 0
101 3.52202 -46.0 2479 923.625 0
100 1.55852 -58.0 2773 923.625 0
011 2.79185 -53.5 2827 923.625 0
101 3.60179 -45.5 2897 923.625 0
100 1.13515 -57.5 3165 923.625 0
011 2.62618 -53.0 3226 923.625 0
101 3.56497 -45.5 3316 923.625 0
100 1.24559 -57.5 3565 923.625 0
011 4.78602 -53.5 3628 920.625 0
101 5.77390 -45.0 3734 920.625 0
100 4.14788 -54.5 3952 920.625 0
011 4.70012 -53.5 4030 920.625 0
101 6.03161 -45.0 4144 920.625 0
100 4.30128 -54.0 4346 920.625 0
011 4.76761 -53.0 4443 920.625 0
101 5.84753 -45.5 4552 920.625 0
100 4.20311 -54.0 4738 920.625 0
011 4.70012 -53.0 4843 920.625 0
101 6.07456 -45.0 4964 920.625 0
100 4.38105 -53.5 5130 920.625 0
011 4.82284 -52.5 5240 920.625 0
101 5.76163 -45.5 5370 920.625 0
100 3.06183 -55.0 5521 921.625 0
011 4.46695 -53.0 5646 921.625 0
101 4.87192 -45.0 5791 921.625 0
100 2.78571 -55.0 5924 921.625 0
011 4.19697 -53.0 6043 921.625 0
101 4.76148 -45.0 6208 921.625 0
100 3.17841 -55.0 6314 921.625 0
011 4.28901 -52.5 6446 921.625 0
101 4.88419 -45.0 6622 921.625 0
100 2.82866 -55.5 6699 921.625 0
011 4.23379 -52.5 6851 921.625 0
101 4.84738 -45.0 7039 921.625 0
100 3.28885 -55.0 7086 921.625 0
011 3.24590 -53.5 7250 922.625 0
101 4.31969 -45.0 7455 922.625 0
100 2.50346 -55.5 7483 922.625 0
011 3.23363 -54.0 7649 922.625 0
101 4.14175 -45.0 7864 922.625 0
100 2.46051 -55.0 7888 922.625 0
011 3.31340 -54.5 8050 922.625 0
101 4.31969 -45.5 8274 922.625 0
100 2.45437 -56.0 8284 922.625 0
011 3.27658 -52.5 8451 922.625 0
100 2.40528 -56.0 8678 922.625 0
101 4.57126 -46.0 8692 922.625 0
011 3.27045 -53.0 8849 922.625 0
100 1.16583 -57.0 9066 923.625 0
101 3.49748 -45.5 9099 923.625 0
011 2.75503 -53.0 9257 923.625 0
100 1.34990 -58.0 9456 923.625 0
101 3.55884 -46.0 9512 923.625 0
011 2.73049 -54.5 9658 923.625 0
101 3.51588 -46.0 9923 923.625 0
011 4.72466 -53.0 20039 920.625 0
101 5.95798 -45.0 20044 920.625 0
100 4.27060 -54.0 20049 920.625 0
100 4.03744 -54.0 20453 920.625 0
101 5.72482 -45.5 20465 920.625 0
011 4.79829 -54.0 20494 920.625 0
100 4.43014 -54.0 20842 920.625 0
101 6.24637 -45.5 20879 920.625 0
011 4.67557 -52.5 20899 920.625 0
100 4.00676 -55.0 21245 920.625 0
101 5.82913 -45.0 21302 920.625 0
011 4.73693 -53.5 21307 920.625 0
100 4.16016 -54.5 21648 920.625 0
011 4.72466 -53.0 21710 920.625 0
101 5.98253 -45.0 21721 920.625 0
100 3.11705 -54.5 22040 921.625 0
011 4.43014 -53.0 22111 921.625 0
101 4.84124 -45.0 22146 921.625 0
100 3.33181 -56.0 22452 921.625 0
011 4.28901 -53.0 22515 921.625 0
101 4.81056 -46.0 22564 921.625 0
100 3.31340 -55.0 22851 921.625 0
011 4.33196 -53.5 22923 921.625 0
101 4.89033 -45.5 22983 921.625 0
100 3.01274 -56.0 23244 921.625 0
011 4.27060 -51.5 23328 921.625 0
101 4.92101 -44.5 23405 921.625 0
100 2.95138 -56.0 23630 922.625 0
011 3.35021 -53.5 23734 922.625 0
101 4.38719 -45.5 23823 922.625 0
100 2.98819 -55.5 24024 922.625 0
011 3.30113 -54.5 24143 922.625 0
101 4.28287 -45.5 24238 922.625 0
100 2.54641 -56.0 24422 922.625 0
011 3.22136 -53.0 24560 922.625 0
101 4.64489 -45.0 24649 922.625 0
100 2.39915 -56.0 24814 922.625 0
011 3.35021 -54.5 24961 922.625 0
101 4.25833 -45.5 25070 922.625 0
100 2.53414 -55.0 25214 922.625 0
011 3.23363 -53.0 25370 922.625 0
101 3.43612 -45.5 25489 923.625 0
100 1.66284 -57.0 25621 923.625 0
011 2.89002 -54.0 25775 923.625 0
101 3.35021 -46.0 25905 923.625 0
011 2.35619 -53.5 26186 923.625 0
101 3.25204 -45.5 26323 923.625 0
011 2.90229 -52.5 26593 923.625 0
101 3.50975 -46.0 26747 923.625 0
100 1.55852 -57.0 26807 923.625 0
011 2.71208 -54.0 26995 923.625 0
101 3.52202 -45.5 27168 923.625 0
100 4.12334 -54.0 27221 920.625 0
011 4.69398 -52.5 27403 920.625 0
101 5.76163 -45.5 27590 920.625 0
100 4.06812 -54.5 27624 920.625 0
011 4.53445 -54.0 27859 920.625 0
101 6.04388 -45.0 28011 920.625 0
100 3.96381 -54.5 28023 920.625 0
011 4.87806 -53.5 28299 920.625 0
100 4.03744 -54.5 28423 920.625 0
101 5.72482 -45.0 28429 920.625 0
011 4.75534 -53.0 28710 920.625 0
100 4.06198 -54.0 28818 920.625 0
101 5.86594 -45.0 28840 920.625 0
011 4.50377 -52.0 29113 921.625 0
100 3.04955 -55.0 29217 921.625 0
101 4.84738 -45.0 29263 921.625 0
011 3.93926 -54.0 29517 921.625 0
100 2.85320 -56.0 29617 921.625 0
101 4.89647 -45.0 29683 921.625 0
011 3.98221 -53.5 29919 921.625 0
100 2.99433 -56.0 30026 921.625 0
101 4.45468 -45.0 40089 922.625 0
011 3.38089 -53.0 40094 922.625 0
100 2.38074 -56.5 40100 922.625 0
100 2.30711 -56.5 40496 922.625 0
011 3.25818 -54.0 40507 922.625 0
101 4.43014 -45.5 40517 922.625 0
100 2.68140 -57.0 40892 922.625 0
011 3.11705 -55.0 40912 922.625 0
100 2.11689 -56.5 41290 922.625 0
011 3.14159 -54.0 41340 922.625 0
101 4.25219 -45.5 41363 922.625 0
100 2.41755 -56.5 41692 922.625 0
011 3.77973 -54.5 41748 922.625 0
101 4.43014 -45.0 41793 922.625 0
100 1.39285 -58.0 42087 923.625 0
011 2.42983 -54.0 42155 923.625 0
101 3.54043 -45.5 42221 923.625 0
100 1.30695 -57.5 42489 923.625 0
011 2.68753 -53.0 42562 923.625 0
101 3.50975 -45.0 42645 923.625 0
100 1.42353 -58.0 42893 923.625 0
011 2.98206 -52.5 42968 923.625 0
101 3.40544 -45.0 43063 923.625 0
100 1.20264 -58.5 43294 923.625 0
011 2.72435 -53.5 43375 923.625 0
101 3.42998 -45.0 43482 923.625 0
100 4.39332 -54.5 43697 920.625 0
101 5.84140 -45.5 43904 920.625 0
100 4.23992 -54.5 44088 920.625 0
011 4.79829 -54.0 44288 920.625 0
101 5.79845 -45.0 44323 920.625 0
100 4.25833 -54.5 44491 920.625 0
011 4.60808 -54.0 44697 920.625 0
101 5.82913 -45.0 44745 920.625 0
100 4.12948 -55.0 44895 920.625 0
011 4.69398 -53.5 45138 920.625 0
101 5.69414 -45.5 45167 920.625 0
100 4.44854 -54.5 45288 920.625 0
011 4.30742 -52.5 45545 921.625 0
101 4.77375 -46.0 45587 921.625 0
011 4.21538 -53.0 45957 921.625 0
101 4.77375 -45.0 46013 921.625 0
100 2.80412 -56.0 46087 921.625 0
011 4.16016 -53.5 46366 921.625 0
101 4.81056 -45.5 46429 921.625 0
100 3.10478 -56.0 46490 921.625 0
011 4.28287 -53.0 46772 921.625 0
101 4.84738 -45.0 46851 921.625 0
011 4.11107 -53.0 47182 921.625 0
101 4.14175 -45.5 47274 922.625 0
100 2.31938 -57.0 47292 922.625 0
011 3.13546 -54.0 47596 922.625 0
100 2.13530 -57.5 47691 922.625 0
101 4.48536 -45.0 47701 922.625 0
011 3.28885 -54.0 48004 922.625 0
100 2.00031 -56.5 48091 922.625 0
101 4.22152 -45.0 48119 922.625 0
011 3.11091 -53.5 48411 922.625 0
100 2.47278 -57.0 48494 922.625 0
101 4.36878 -45.0 48539 922.625 0
011 3.11091 -55.0 48859 922.625 0
100 1.92054 -57.5 48891 922.625 0
101 4.35651 -45.0 48959 922.625 0
011 2.83480 -54.0 49269 923.625 0
100 1.39285 -59.0 49304 923.625 0
101 3.36249 -45.5 49386 923.625 0
011 2.69367 -53.5 49684 923.625 0
100 1.11674 -58.5 49709 923.625 0
101 3.53429 -45.5 49817 923.625 0
