101 5.96412 -44.5 0 920.625 0
011 4.90260 -52.5 5 920.625 0
100 4.49763 -52.0 11 920.625 0
011 4.92715 -52.5 385 920.625 0
100 4.20924 -52.0 394 920.625 0
101 5.97639 -45.0 404 920.625 0
011 5.08668 -52.5 769 920.625 0
100 4.44241 -52.0 774 920.625 0
101 6.09297 -44.5 803 920.625 0
100 4.22152 -51.5 1148 920.625 0
001 5.60210 -52.0 1161 920.625 0
011 4.89647 -52.0 1166 920.625 0
100 4.13561 -52.0 1520 920.625 0
011 4.93328 -53.0 1549 920.625 0
101 6.00093 -45.0 1577 920.625 0
100 3.17841 -53.5 1890 921.625 0
011 4.34423 -52.0 1931 921.625 0
101 4.87806 -45.0 1971 921.625 0
100 3.49134 -52.5 2263 921.625 0
011 4.37491 -51.0 2307 921.625 0
101 5.33212 -44.5 2362 921.625 0
100 2.43596 -53.0 2641 921.625 0
011 4.16016 -53.0 2690 921.625 0
101 5.14804 -45.5 2752 921.625 0
100 2.85934 -53.0 3019 921.625 0
011 4.33196 -53.0 3079 921.625 0
101 5.10509 -45.0 3145 921.625 0
100 3.10478 -53.0 3394 921.625 0
011 4.50990 -52.5 3459 921.625 0
101 4.96396 -45.0 3540 921.625 0
100 2.67526 -54.0 3768 922.625 0
011 3.48520 -53.0 3842 922.625 0
101 4.37491 -44.5 3937 922.625 0
100 2.55254 -54.0 4148 922.625 0
011 3.52816 -52.5 4223 922.625 0
101 4.30128 -45.0 4329 922.625 0
100 2.58936 -53.5 4518 922.625 0
011 3.54043 -53.0 4603 922.625 0
101 4.52831 -45.0 4723 922.625 0
100 2.93297 -53.0 4896 922.625 0
011 3.33181 -52.0 4983 922.625 0
101 4.29515 -45.5 5121 922.625 0
100 2.73049 -53.5 5275 922.625 0
011 3.65701 -53.0 5367 922.625 0
101 3.64474 -45.0 5521 923.625 0
100 1.35604 -55.5 5651 923.625 0
011 2.82866 -53.5 5749 923.625 0
101 3.60179 -45.0 5922 923.625 0
100 1.82237 -54.0 6029 923.625 0
011 2.87775 -52.5 6133 923.625 0
101 3.67542 -46.0 6311 923.625 0
011 2.77957 -53.0 6524 923.625 0
101 3.60792 -45.5 6709 923.625 0
011 2.84707 -53.0 6918 923.625 0
101 3.54656 -45.5 7106 923.625 0
100 1.84078 -55.0 7158 923.625 0
011 4.81670 -52.5 7299 920.625 0
101 5.70027 -44.5 7502 920.625 0
001 5.41188 -52.0 7513 920.625 0
100 4.23379 -52.0 7529 920.625 0
011 5.08054 -51.0 7680 920.625 0
001 5.25235 -52.5 7898 920.625 0
101 5.86594 -45.0 7907 920.625 0
100 4.19697 -52.0 7913 920.625 0
011 4.89033 -52.5 8060 920.625 0
001 5.37507 -51.0 8283 920.625 0
101 6.04388 -45.0 8298 920.625 0
100 4.42400 -51.5 8303 920.625 0
011 4.89647 -52.0 8439 920.625 0
100 4.09266 -52.5 8683 920.625 0
101 5.97639 -45.0 8696 920.625 0
011 4.93942 -53.5 8818 920.625 0
100 3.14773 -52.5 9058 921.625 0
101 5.04373 -45.0 9092 921.625 0
011 4.42400 -52.0 9197 921.625 0
100 3.00047 -53.0 9432 921.625 0
101 4.82897 -45.5 9486 921.625 0
011 4.37491 -51.5 9577 921.625 0
100 3.10478 -53.0 9805 921.625 0
101 4.75534 -45.0 9878 921.625 0
011 4.36878 -53.0 9963 921.625 0
100 2.74889 -53.5 20049 922.625 0
101 4.27060 -45.0 20054 922.625 0
011 3.41157 -51.5 20059 922.625 0
100 3.05569 -54.0 20428 922.625 0
011 3.26431 -52.0 20447 922.625 0
101 4.33810 -45.0 20457 922.625 0
100 2.59550 -54.0 20804 922.625 0
011 3.52816 -52.5 20835 922.625 0
101 4.41173 -45.5 20855 922.625 0
100 2.74889 -54.5 21184 922.625 0
011 3.42998 -54.0 21224 922.625 0
101 4.28287 -45.0 21253 922.625 0
100 3.10478 -54.0 21554 922.625 0
011 3.47293 -54.0 21613 922.625 0
101 4.31969 -45.5 21654 922.625 0
100 0.98788 -55.5 21928 923.625 0
011 2.63231 -53.0 22005 923.625 0
101 3.52816 -45.0 22051 923.625 0
100 1.41126 -55.5 22308 923.625 0
011 3.12932 -51.5 22402 923.625 0
101 3.53429 -46.0 22446 923.625 0
100 1.55852 -56.0 22693 923.625 0
011 2.78571 -52.5 22791 923.625 0
101 3.55270 -45.5 22842 923.625 0
100 1.49717 -55.5 23082 923.625 0
011 2.81639 -52.0 23179 923.625 0
101 3.55270 -46.0 23240 923.625 0
100 1.39285 -55.0 23465 923.625 0
011 2.84093 -52.0 23564 923.625 0
101 5.86594 -45.0 23644 920.625 0
100 4.26447 -52.5 23840 920.625 0
011 4.94555 -52.5 23950 920.625 0
101 5.80458 -45.0 24042 920.625 0
100 4.19084 -52.5 24223 920.625 0
011 4.95783 -52.0 24333 920.625 0
101 5.75550 -45.5 24432 920.625 0
100 4.49150 -53.0 24598 920.625 0
011 5.14190 -53.5 24713 920.625 0
100 4.22152 -53.0 24971 920.625 0
011 4.88419 -52.5 25095 920.625 0
101 0.00000 -46.0 25225 920.625 0
100 3.92085 -53.0 25350 920.625 0
011 4.60808 -54.0 25484 921.625 0
101 4.74920 -45.5 25621 921.625 0
100 3.54656 -53.0 25739 921.625 0
011 4.57740 -52.5 25872 921.625 0
101 4.97010 -45.0 26014 921.625 0
100 2.52186 -54.0 26114 921.625 0
011 4.43014 -53.5 26261 921.625 0
101 4.74307 -45.0 26415 921.625 0
100 3.14159 -53.5 26496 921.625 0
011 4.47922 -52.5 26654 921.625 0
101 4.84738 -45.0 26808 921.625 0
011 4.24606 -51.5 27040 921.625 0
101 4.81056 -45.0 27208 921.625 0
100 2.17212 -54.0 27246 922.625 0
101 4.62035 -45.5 27605 922.625 0
100 2.53414 -53.5 27624 922.625 0
011 3.33794 -54.0 27812 922.625 0
101 4.19084 -45.0 28003 922.625 0
100 2.66299 -52.5 28008 922.625 0
011 3.44839 -54.0 28203 922.625 0
100 2.65685 -53.0 28386 922.625 0
101 4.68171 -45.0 28395 922.625 0
011 3.44839 -53.0 28589 922.625 0
100 2.51573 -53.5 28769 922.625 0
101 4.54672 -45.5 28788 922.625 0
011 3.31340 -53.0 28977 922.625 0
101 3.63247 -45.5 29188 923.625 0
011 2.88388 -52.5 29368 923.625 0
101 3.57111 -46.0 29586 923.625 0
011 2.80412 -54.0 29760 923.625 0
100 1.57080 -54.5 29908 923.625 0
101 3.67542 -46.0 29983 923.625 0
101 6.12979 -45.0 40095 920.625 0
011 4.76761 -52.5 40101 920.625 0
100 4.28287 -53.5 40106 920.625 0
100 4.23992 -52.0 40486 920.625 0
101 6.02548 -45.0 40496 920.625 0
011 4.71852 -52.5 40501 920.625 0
100 4.08652 -53.0 40865 920.625 0
011 4.77988 -52.0 40888 920.625 0
101 5.92117 -45.0 40899 920.625 0
100 4.17856 -52.0 41252 920.625 0
011 4.95783 -52.0 41276 920.625 0
101 5.78618 -45.5 41300 920.625 0
100 4.20311 -52.5 41628 920.625 0
011 4.86579 -52.0 41666 920.625 0
101 5.70027 -45.0 41698 920.625 0
100 3.58952 -52.5 42013 921.625 0
011 4.07425 -52.5 42057 921.625 0
101 4.87192 -45.0 42094 921.625 0
100 3.31340 -53.5 42396 921.625 0
011 4.27674 -52.0 42445 921.625 0
101 5.08054 -45.0 42500 921.625 0
100 3.20909 -53.0 42786 921.625 0
011 4.25833 -53.0 42838 921.625 0
101 4.76148 -45.0 42898 921.625 0
100 3.09864 -53.5 43167 921.625 0
011 4.29515 -53.0 43230 921.625 0
101 4.79216 -45.0 43301 921.625 0
100 3.16614 -53.0 43559 921.625 0
011 4.48536 -54.0 43623 921.625 0
101 4.39946 -45.5 43705 922.625 0
100 2.52800 -55.0 43942 922.625 0
011 3.25204 -52.5 44016 922.625 0
101 4.34423 -45.5 44102 922.625 0
100 2.78571 -53.5 44324 922.625 0
011 3.39317 -53.0 44408 922.625 0
101 4.35651 -46.0 44501 922.625 0
100 2.61390 -54.0 44705 922.625 0
011 3.30113 -54.0 44797 922.625 0
101 4.44241 -45.5 44903 922.625 0
100 2.76117 -54.0 45090 922.625 0
011 3.28885 -52.5 45193 922.625 0
101 4.35651 -45.5 45305 922.625 0
100 1.69965 -54.5 45488 923.625 0
011 2.74276 -53.5 45585 923.625 0
101 3.67542 -46.0 45707 923.625 0
100 1.66897 -54.0 45873 923.625 0
011 2.81639 -53.5 45973 923.625 0
101 3.65701 -45.5 46109 923.625 0
011 3.07410 -54.0 46365 923.625 0
101 3.52816 -46.0 46507 923.625 0
011 3.06796 -53.5 46755 923.625 0
101 3.53429 -45.5 46915 923.625 0
100 1.97577 -55.0 47029 923.625 0
011 2.41142 -53.0 47147 923.625 0
101 5.85367 -45.0 47321 920.625 0
100 4.19084 -52.5 47414 920.625 0
011 4.95783 -52.0 47536 920.625 0
101 5.69414 -45.0 47726 920.625 0
100 3.92085 -53.0 47797 920.625 0
011 4.95169 -52.5 47928 920.625 0
101 5.82299 -45.0 48127 920.625 0
100 3.98835 -53.0 48179 920.625 0
011 4.78602 -52.5 48317 920.625 0
101 5.75550 -45.0 48523 920.625 0
100 4.20311 -52.5 48556 920.625 0
011 4.94555 -53.5 48704 920.625 0
101 5.90276 -45.0 48921 920.625 0
100 4.25219 -53.0 48937 920.625 0
011 4.49150 -53.0 49099 921.625 0
100 3.02501 -54.0 49316 921.625 0
101 4.89647 -45.0 49325 921.625 0
011 4.47309 -52.0 49491 921.625 0
100 3.19068 -53.5 49705 921.625 0
101 4.92715 -45.0 49726 921.625 0
011 4.17243 -53.0 49877 921.625 0
