011 3.98835 -43.0 0 923.625 0
100 4.86579 -38.0 5 923.625 0
101 0.95720 -37.5 11 923.625 0
100 4.79216 -38.0 750 923.625 0
101 1.04924 -37.0 764 923.625 0
011 4.29515 -42.5 778 923.625 0
101 1.05538 -37.0 1495 923.625 0
100 4.74307 -38.0 1504 923.625 0
011 4.04971 -43.0 1560 923.625 0
101 2.95751 -36.5 2235 920.625 0
100 0.93266 -37.0 2257 920.625 0
011 6.03775 -43.0 2334 920.625 0
101 2.95138 -36.5 2987 920.625 0
100 1.05538 -37.0 3000 920.625 0
011 5.98253 -43.0 3107 920.625 0
101 2.56482 -36.5 3733 921.625 0
100 6.25251 -38.0 3747 921.625 0
011 5.09282 -42.5 3880 921.625 0
101 2.31324 -36.5 4466 921.625 0
100 6.24637 -38.0 4490 921.625 0
011 5.05600 -42.5 4661 921.625 0
101 2.34392 -36.5 5194 921.625 0
100 6.25251 -37.5 5237 921.625 0
011 4.42400 -42.5 5456 922.625 0
100 5.81686 -37.5 5980 922.625 0
100 5.90276 -37.5 6724 922.625 0
011 4.34423 -42.5 7026 922.625 0
101 1.04924 -37.0 7433 923.625 0
100 4.74920 -37.5 7460 923.625 0
011 3.72451 -42.5 7806 923.625 0
101 0.98788 -37.0 8163 923.625 0
100 4.77988 -37.5 8206 923.625 0
011 3.92085 -42.5 8580 923.625 0
101 0.88971 -37.0 8903 923.625 0
100 4.78602 -37.0 8957 923.625 0
011 6.02548 -43.0 9362 920.625 0
101 2.93911 -36.5 9638 920.625 0
100 1.04311 -36.0 9711 920.625 0
101 2.29484 -35.5 20037 921.625 0
100 1.31922 -34.5 20042 921.625 0
101 1.95122 -35.0 20782 921.625 0
100 1.11060 -34.5 20787 921.625 0
011 6.14819 -43.5 20828 921.625 0
101 2.04940 -35.0 21523 921.625 0
100 1.18423 -34.5 21550 921.625 0
011 6.12365 -43.5 21599 921.625 0
101 1.27627 -35.0 22246 922.625 0
100 0.13499 -34.5 22287 922.625 0
011 5.57142 -43.0 22377 922.625 0
101 1.39899 -35.0 23004 922.625 0
100 0.09204 -34.5 23052 922.625 0
011 5.82299 -43.0 23151 922.625 0
101 0.53996 -35.5 23744 923.625 0
100 5.94571 -34.5 23799 923.625 0
011 4.65717 -42.5 23920 923.625 0
101 0.47860 -35.5 24487 923.625 0
100 5.80458 -34.5 24542 923.625 0
011 4.66330 -42.5 24689 923.625 0
101 0.50315 -35.5 25222 923.625 0
100 6.19728 -34.5 25304 923.625 0
011 0.87130 -44.0 25463 920.625 0
101 2.94524 -35.5 25967 920.625 0
100 1.61988 -35.0 26058 920.625 0
011 0.53383 -44.0 26242 920.625 0
101 2.70594 -35.5 26722 920.625 0
100 1.67511 -35.0 26795 920.625 0
011 0.50315 -44.0 27038 920.625 0
101 2.03713 -35.5 27471 921.625 0
100 1.28241 -34.5 27558 921.625 0
011 6.07456 -43.5 27827 921.625 0
101 2.01258 -35.5 28227 921.625 0
100 1.49103 -34.5 28301 921.625 0
011 6.08684 -43.5 28595 921.625 0
101 2.00645 -35.5 28960 921.625 0
100 0.12885 -34.5 29049 922.625 0
011 5.55301 -43.0 29369 922.625 0
101 1.49103 -35.5 29701 922.625 0
100 0.09817 -34.5 29806 922.625 0
100 5.67573 -34.5 40065 923.625 0
101 0.63814 -35.5 40070 923.625 0
011 4.56513 -42.5 40075 923.625 0
101 0.44179 -35.5 40802 923.625 0
100 5.78004 -34.5 40824 923.625 0
011 4.55285 -42.0 40843 923.625 0
101 0.47860 -35.5 41554 923.625 0
100 5.93957 -34.5 41573 923.625 0
101 2.91456 -35.5 42286 920.625 0
100 1.59534 -35.0 42326 920.625 0
011 0.93266 -43.5 42414 920.625 0
101 2.66913 -35.5 43048 920.625 0
100 1.60761 -34.5 43097 920.625 0
011 0.87744 -43.0 43183 920.625 0
101 1.88986 -35.0 43797 921.625 0
100 0.92652 -34.5 43837 921.625 0
011 6.05002 -43.0 43961 921.625 0
101 1.92668 -35.5 44528 921.625 0
100 0.90812 -34.5 44580 921.625 0
011 5.99480 -43.0 44746 921.625 0
101 1.92668 -35.0 45281 921.625 0
100 1.04311 -34.5 45336 921.625 0
011 5.48552 -42.5 45530 922.625 0
101 1.20264 -35.0 46018 922.625 0
100 0.09204 -34.5 46089 922.625 0
011 5.63891 -42.5 46309 922.625 0
101 1.38058 -35.0 46756 922.625 0
100 0.03068 -34.5 46833 922.625 0
011 5.72482 -42.5 47088 922.625 0
101 0.42951 -35.5 47501 923.625 0
100 5.85981 -34.5 47584 923.625 0
101 0.43565 -35.5 48239 923.625 0
100 5.82299 -34.5 48331 923.625 0
011 4.50990 -42.0 48650 923.625 0
101 0.49701 -35.5 48975 923.625 0
100 1.55239 -34.5 49085 920.625 0
011 0.68722 -43.0 49438 920.625 0
101 2.91456 -35.5 49723 920.625 0
100 1.54012 -34.5 49831 920.625 0
