100 0.43565 -32.0 0 921.625 0
001 1.59534 -40.0 5 921.625 0
100 0.46633 -32.0 687 921.625 0
001 1.58307 -39.5 698 921.625 0
100 0.24544 -32.0 1380 921.625 0
001 1.70579 -39.5 1386 921.625 0
100 5.59596 -32.0 2068 922.625 0
001 0.70563 -40.0 2077 922.625 0
100 5.72482 -32.0 2758 922.625 0
001 0.61973 -40.0 2768 922.625 0
100 5.70641 -32.0 3446 922.625 0
001 0.70563 -40.0 3467 922.625 0
100 5.43029 -32.0 4135 923.625 0
001 0.40497 -40.0 4154 923.625 0
100 5.22781 -32.0 4832 923.625 0
001 0.20862 -39.5 4837 923.625 0
001 2.33165 -39.5 5527 920.625 0
100 1.01856 -32.0 5536 920.625 0
001 2.58322 -39.5 6202 920.625 0
100 0.90812 -32.0 6225 920.625 0
001 2.14144 -39.5 6902 920.625 0
100 0.87130 -32.0 6925 920.625 0
001 1.82851 -39.5 7597 921.625 0
100 0.29452 -32.0 7622 921.625 0
001 1.47262 -39.5 8287 921.625 0
100 0.19635 -32.0 8318 921.625 0
001 0.71790 -40.0 8996 922.625 0
100 5.59596 -32.0 9017 922.625 0
001 0.63200 -39.5 9687 922.625 0
100 5.55915 -32.0 9716 922.625 0
100 5.41802 -32.0 20043 923.625 0
001 0.25771 -40.0 20048 923.625 0
001 0.03682 -39.5 20739 923.625 0
100 5.09895 -32.0 20749 923.625 0
001 0.23317 -40.0 21432 923.625 0
100 5.08054 -32.0 21455 923.625 0
001 2.50959 -39.5 22117 920.625 0
100 1.17196 -32.0 22150 920.625 0
001 2.44210 -39.5 22812 920.625 0
100 1.01856 -32.0 22844 920.625 0
001 2.38074 -39.5 23494 920.625 0
100 1.18423 -32.0 23522 920.625 0
001 1.55239 -39.5 24187 921.625 0
100 0.30066 -32.0 24227 921.625 0
001 1.64443 -39.5 24882 921.625 0
100 0.40497 -32.0 24912 921.625 0
001 0.61973 -39.5 25575 922.625 0
100 5.52847 -32.0 25598 922.625 0
001 0.61359 -40.0 26266 922.625 0
100 5.53460 -32.0 26285 922.625 0
001 0.63814 -39.5 26958 922.625 0
100 5.57755 -32.0 26972 922.625 0
001 0.32520 -40.0 27641 923.625 0
100 5.45484 -32.0 27660 923.625 0
001 0.14113 -40.0 28329 923.625 0
100 5.11122 -32.0 28339 923.625 0
100 0.75472 -32.5 29021 920.625 0
001 2.19052 -39.5 29035 920.625 0
100 0.75472 -32.5 29710 920.625 0
001 2.20280 -39.5 29728 920.625 0
100 0.56450 -32.0 40086 921.625 0
001 1.99418 -39.5 40091 921.625 0
100 0.25771 -32.0 40775 921.625 0
001 1.46649 -39.5 40780 921.625 0
001 1.43581 -39.5 41466 921.625 0
100 0.42338 -32.5 41476 921.625 0
001 0.59518 -40.0 42164 922.625 0
100 5.54074 -32.0 42173 922.625 0
001 0.69336 -40.0 42850 922.625 0
100 5.54687 -32.0 42864 922.625 0
001 0.59518 -39.5 43540 922.625 0
100 5.58369 -32.0 43559 922.625 0
001 0.26384 -39.5 44227 923.625 0
100 5.00691 -32.0 44260 923.625 0
001 0.26998 -39.5 44917 923.625 0
100 5.04986 -32.0 44959 923.625 0
001 2.42983 -39.5 45617 920.625 0
100 0.77313 -32.5 45669 920.625 0
001 2.23961 -39.5 46322 920.625 0
100 0.76699 -32.5 46367 920.625 0
001 2.06781 -39.5 47011 920.625 0
100 0.74858 -32.5 47047 920.625 0
001 1.59534 -39.5 47697 921.625 0
100 0.14113 -32.0 47730 921.625 0
001 1.55239 -39.5 48380 921.625 0
100 0.17794 -32.0 48411 921.625 0
001 0.57064 -40.0 49065 922.625 0
100 5.57755 -32.0 49101 922.625 0
001 0.59518 -39.5 49754 922.625 0
100 5.54074 -32.0 49795 922.625 0
