001 3.57724 -47.5 0 921.625 0
011 4.76761 -48.0 5 921.625 0
100 1.77328 -45.5 11 921.625 0
001 3.59565 -47.5 607 921.625 0
100 1.63216 -45.5 627 921.625 0
011 4.85965 -48.0 641 921.625 0
001 3.54656 -47.5 1223 921.625 0
100 1.50944 -45.5 1238 921.625 0
011 4.90260 -48.0 1269 921.625 0
101 1.55239 -50.0 1795 922.625 0
001 2.89616 -48.5 1833 922.625 0
100 1.03084 -46.0 1843 922.625 0
011 4.14788 -48.5 1907 922.625 0
101 1.57693 -50.0 2410 922.625 0
100 0.57678 -46.0 2443 922.625 0
001 2.74889 -48.0 2448 922.625 0
011 4.46695 -48.5 2537 922.625 0
101 1.62602 -49.5 3032 922.625 0
100 0.76085 -46.0 3042 922.625 0
001 3.04342 -48.0 3060 922.625 0
011 4.21538 -48.5 3178 922.625 0
100 6.16660 -46.0 3642 923.625 0
101 1.33763 -49.5 3653 923.625 0
001 1.91441 -49.0 3673 923.625 0
011 3.14773 -48.5 3815 923.625 0
100 0.19635 -46.5 4251 923.625 0
101 1.23332 -49.5 4276 923.625 0
001 1.90214 -48.5 4291 923.625 0
011 3.11705 -48.5 4451 923.625 0
101 1.07379 -49.5 4894 923.625 0
001 1.92054 -49.0 4904 923.625 0
011 3.11705 -48.5 5088 923.625 0
100 2.58322 -45.5 5458 920.625 0
001 4.37491 -47.0 5511 920.625 0
011 5.38734 -48.0 5726 920.625 0
100 2.17825 -45.0 6069 920.625 0
001 4.48536 -47.0 6115 920.625 0
011 5.75550 -48.0 6359 920.625 0
100 2.47891 -45.0 6682 920.625 0
001 4.84738 -46.5 6719 920.625 0
011 5.68186 -48.0 6991 920.625 0
100 1.63829 -45.5 7281 921.625 0
001 3.65701 -47.5 7335 921.625 0
011 4.76761 -48.0 7621 921.625 0
100 1.80396 -45.5 7896 921.625 0
001 3.67542 -47.5 7948 921.625 0
011 4.99464 -48.0 8245 921.625 0
100 1.77328 -45.5 8501 921.625 0
001 3.59565 -47.5 8562 921.625 0
011 5.04373 -48.5 8881 921.625 0
101 1.65056 -49.5 8981 922.625 0
100 0.81608 -46.0 9113 922.625 0
001 3.19068 -48.0 9169 922.625 0
011 4.03130 -48.0 9521 922.625 0
101 1.64443 -50.0 9602 922.625 0
100 0.57678 -46.0 9719 922.625 0
001 3.03728 -48.5 9788 922.625 0
100 6.09297 -46.0 20036 923.625 0
011 3.09251 -48.5 20042 923.625 0
101 1.15969 -49.5 20048 923.625 0
001 1.75487 -49.0 20053 923.625 0
001 1.86532 -49.0 20662 923.625 0
101 1.35604 -49.5 20672 923.625 0
011 3.08637 -48.5 20683 923.625 0
100 6.26478 -46.0 21249 923.625 0
001 1.74874 -48.5 21268 923.625 0
101 1.55239 -49.5 21291 923.625 0
011 3.11705 -48.5 21315 923.625 0
100 2.13530 -45.5 21853 920.625 0
001 4.36878 -47.0 21890 920.625 0
011 5.43029 -48.0 21950 920.625 0
100 2.19666 -45.5 22475 920.625 0
001 4.41173 -47.0 22493 920.625 0
011 5.64505 -48.0 22589 920.625 0
100 2.00645 -45.5 23088 920.625 0
001 4.37491 -47.0 23108 920.625 0
011 5.76777 -48.0 23219 920.625 0
100 1.76715 -45.5 23691 921.625 0
001 3.55270 -47.5 23729 921.625 0
011 4.76148 -48.0 23854 921.625 0
100 1.44194 -45.5 24300 921.625 0
101 2.33165 -49.5 24310 921.625 0
001 3.54656 -47.5 24342 921.625 0
011 4.90260 -48.0 24497 921.625 0
100 1.47262 -45.5 24920 921.625 0
001 3.71223 -47.5 24947 921.625 0
011 4.72466 -48.0 25128 921.625 0
101 1.60148 -50.0 25424 922.625 0
100 0.81608 -46.0 25528 922.625 0
001 2.92684 -48.5 25564 922.625 0
011 4.19084 -48.0 25766 922.625 0
101 1.65056 -49.5 26043 922.625 0
100 0.63200 -46.0 26134 922.625 0
001 2.74889 -48.0 26171 922.625 0
011 4.14175 -48.5 26404 922.625 0
101 1.69351 -49.5 26662 922.625 0
100 0.57064 -46.0 26751 922.625 0
001 3.11705 -48.5 26781 922.625 0
011 3.92699 -48.5 27032 922.625 0
101 1.16583 -49.5 27280 923.625 0
100 6.04388 -46.0 27360 923.625 0
001 1.76715 -49.5 27403 923.625 0
011 3.10478 -48.5 27666 923.625 0
101 1.21491 -50.0 27894 923.625 0
100 6.06229 -46.0 27983 923.625 0
001 1.75487 -49.0 28024 923.625 0
011 3.01887 -48.5 28298 923.625 0
101 1.27014 -50.0 28517 923.625 0
100 6.03161 -46.5 28586 923.625 0
001 1.69351 -49.0 28634 923.625 0
011 3.10478 -48.5 28930 923.625 0
100 2.11076 -45.5 29195 920.625 0
001 4.73693 -46.5 29252 920.625 0
011 5.35666 -48.0 29559 920.625 0
100 2.02485 -45.5 29811 920.625 0
001 4.40559 -47.0 29854 920.625 0
100 1.54625 -46.0 40075 921.625 0
001 3.50361 -48.0 40081 921.625 0
011 4.70012 -48.0 40086 921.625 0
101 2.32551 -50.0 40091 921.625 0
100 1.44808 -45.5 40689 921.625 0
001 3.93926 -48.0 40698 921.625 0
011 4.66944 -48.0 40714 921.625 0
101 2.33779 -50.0 40720 921.625 0
100 1.74874 -46.0 41305 921.625 0
001 3.46066 -48.0 41314 921.625 0
011 4.94555 -48.0 41343 921.625 0
101 1.55852 -49.5 41867 922.625 0
100 0.71177 -46.0 41909 922.625 0
001 2.90229 -49.0 41925 922.625 0
011 4.27674 -48.0 41974 922.625 0
101 1.68738 -50.0 42489 922.625 0
100 0.88971 -46.0 42522 922.625 0
001 2.76117 -48.5 42541 922.625 0
011 4.06812 -48.5 42610 922.625 0
101 1.63216 -49.5 43110 922.625 0
100 0.75472 -46.0 43129 922.625 0
001 2.73662 -48.5 43148 922.625 0
011 4.06198 -48.0 43246 922.625 0
101 1.14128 -50.0 43735 923.625 0
100 0.19635 -46.0 43749 923.625 0
001 1.68738 -49.0 43760 923.625 0
011 3.01274 -48.5 43887 923.625 0
100 0.10431 -46.5 44355 923.625 0
101 1.09219 -50.0 44360 923.625 0
001 1.75487 -49.0 44370 923.625 0
011 3.04342 -48.5 44517 923.625 0
100 6.10524 -46.5 44963 923.625 0
101 1.27014 -49.5 44983 923.625 0
001 1.73033 -49.5 44988 923.625 0
100 2.01258 -45.5 45570 920.625 0
001 4.35651 -47.5 45611 920.625 0
011 5.58369 -48.0 45796 920.625 0
100 2.14144 -45.5 46182 920.625 0
001 4.35037 -47.5 46227 920.625 0
011 5.57142 -48.0 46424 920.625 0
100 2.21507 -45.5 46798 920.625 0
001 4.38105 -47.5 46848 920.625 0
011 5.58983 -48.0 47052 920.625 0
100 1.49717 -46.0 47409 921.625 0
001 3.68769 -48.0 47469 921.625 0
101 2.30711 -50.0 47681 921.625 0
011 4.72466 -48.0 47696 921.625 0
100 1.27014 -46.0 48016 921.625 0
001 3.69383 -48.0 48074 921.625 0
011 4.78602 -48.0 48334 921.625 0
100 1.25786 -46.0 48627 921.625 0
001 3.78586 -48.0 48685 921.625 0
011 4.64489 -48.0 48973 921.625 0
101 1.58307 -50.0 49060 922.625 0
100 1.01856 -46.0 49239 922.625 0
001 2.67526 -48.5 49304 922.625 0
011 4.46082 -48.5 49611 922.625 0
101 1.67511 -50.0 49677 922.625 0
100 0.76699 -46.0 49851 922.625 0
001 2.74889 -49.0 49911 922.625 0
