001 3.32567 -41.0 0 923.625 0
100 0.79767 -39.5 5 923.625 0
101 1.83464 -44.0 11 923.625 0
100 0.76085 -39.5 505 923.625 0
001 3.56497 -41.0 520 923.625 0
101 1.61375 -43.5 530 923.625 0
100 0.77926 -39.5 999 923.625 0
001 3.68155 -41.0 1027 923.625 0
101 1.90827 -44.0 1037 923.625 0
100 0.75472 -39.5 1497 923.625 0
001 3.48520 -41.0 1530 923.625 0
101 1.80396 -43.5 1540 923.625 0
011 3.90245 -44.5 1573 923.625 0
100 3.08637 -38.5 1997 920.625 0
001 5.57142 -38.5 2033 920.625 0
101 3.70610 -43.0 2044 920.625 0
011 6.02548 -44.0 2112 920.625 0
001 5.71254 -38.5 2551 920.625 0
101 3.84109 -43.0 2561 920.625 0
011 6.17887 -44.0 2642 920.625 0
001 5.46097 -38.5 3055 920.625 0
101 4.00062 -43.0 3064 920.625 0
011 6.05616 -44.0 3159 920.625 0
001 5.62664 -38.5 3561 920.625 0
101 3.72451 -43.0 3579 920.625 0
011 5.60823 -44.0 3687 921.625 0
100 2.73662 -38.5 3986 921.625 0
101 2.90843 -43.5 4090 921.625 0
011 5.57142 -44.0 4207 921.625 0
100 2.49732 -38.5 4483 921.625 0
001 4.65103 -39.5 4580 921.625 0
101 3.04342 -43.0 4599 921.625 0
011 5.71868 -44.0 4729 921.625 0
100 2.49732 -38.5 4989 921.625 0
101 3.26431 -43.5 5101 921.625 0
011 5.68186 -44.0 5263 921.625 0
100 1.94509 -39.0 5479 922.625 0
001 3.90858 -40.5 5601 922.625 0
101 2.18439 -43.5 5617 922.625 0
011 5.06214 -44.5 5782 922.625 0
100 1.79169 -39.0 5982 922.625 0
001 3.87790 -40.5 6111 922.625 0
101 2.36233 -43.5 6125 922.625 0
011 4.67557 -44.5 6312 922.625 0
100 1.95736 -39.0 6485 922.625 0
001 3.88404 -40.5 6630 922.625 0
101 2.25188 -43.5 6642 922.625 0
011 5.04373 -44.5 6835 922.625 0
100 1.84691 -39.0 6982 922.625 0
001 3.90245 -40.5 7141 922.625 0
100 0.77926 -39.5 7486 923.625 0
001 3.56497 -41.0 7648 923.625 0
101 1.58307 -44.0 7658 923.625 0
100 0.76699 -40.0 7994 923.625 0
001 3.51588 -41.0 8157 923.625 0
101 1.97577 -44.0 8167 923.625 0
100 0.76085 -40.0 8499 923.625 0
001 3.34408 -41.0 8660 923.625 0
101 1.47262 -44.0 8675 923.625 0
001 5.85367 -38.5 9171 920.625 0
101 3.68155 -43.0 9190 920.625 0
011 6.24637 -44.0 9454 920.625 0
001 5.45484 -38.5 9675 920.625 0
101 3.72451 -43.0 9695 920.625 0
011 6.20955 -44.0 9980 920.625 0
101 3.12932 -43.5 20034 921.625 0
100 2.30711 -39.0 20039 921.625 0
001 4.85965 -39.5 20045 921.625 0
011 5.28917 -44.5 20050 921.625 0
100 2.31938 -39.0 20542 921.625 0
001 4.74307 -39.5 20551 921.625 0
101 3.03115 -43.5 20561 921.625 0
011 5.28303 -44.0 20581 921.625 0
001 5.09282 -39.5 21059 921.625 0
101 3.13546 -43.5 21068 921.625 0
011 5.32598 -44.5 21117 921.625 0
001 4.81670 -39.5 21563 921.625 0
101 3.11705 -43.5 21588 921.625 0
011 5.28917 -44.0 21655 921.625 0
100 1.56466 -39.0 22058 922.625 0
001 3.89631 -40.5 22068 922.625 0
101 2.19666 -43.5 22111 922.625 0
011 4.82897 -44.5 22192 922.625 0
100 1.71806 -39.0 22565 922.625 0
001 3.86563 -40.5 22578 922.625 0
011 4.74920 -44.5 22724 922.625 0
100 1.72419 -39.0 23072 922.625 0
001 3.87177 -40.5 23088 922.625 0
101 2.21507 -43.5 23130 922.625 0
011 4.65103 -44.5 23247 922.625 0
100 1.71806 -39.0 23570 922.625 0
001 3.88404 -40.5 23593 922.625 0
101 1.75487 -44.0 23640 923.625 0
100 0.75472 -40.0 24074 923.625 0
001 3.22750 -41.5 24108 923.625 0
101 1.50944 -44.0 24151 923.625 0
100 0.75472 -40.0 24579 923.625 0
001 3.37476 -41.0 24631 923.625 0
101 1.65056 -44.0 24662 923.625 0
100 0.77926 -40.0 25093 923.625 0
001 3.34408 -41.5 25140 923.625 0
101 1.60761 -44.0 25169 923.625 0
011 3.75518 -45.0 25348 923.625 0
100 2.96979 -38.5 25597 920.625 0
001 5.76163 -39.0 25656 920.625 0
101 4.01289 -43.0 25684 920.625 0
011 0.09204 -44.5 25871 920.625 0
001 5.49165 -39.0 26166 920.625 0
101 3.88404 -43.0 26204 920.625 0
001 5.72482 -39.0 26682 920.625 0
101 3.77359 -43.0 26726 920.625 0
011 6.03161 -44.0 26929 920.625 0
100 3.01887 -38.5 27112 920.625 0
001 5.82913 -39.0 27191 920.625 0
101 2.98819 -43.5 27238 921.625 0
011 5.38120 -44.5 27458 921.625 0
100 2.23348 -38.5 27624 921.625 0
001 4.99464 -40.0 27700 921.625 0
101 2.93297 -43.5 27743 921.625 0
011 5.30144 -44.5 27993 921.625 0
100 2.27643 -39.0 28129 921.625 0
001 4.95169 -39.5 28205 921.625 0
101 2.90229 -43.5 28254 921.625 0
011 5.38120 -44.5 28529 921.625 0
001 4.82284 -39.5 28725 921.625 0
101 2.87775 -43.0 28766 921.625 0
011 4.95783 -44.5 29070 922.625 0
100 1.66897 -39.5 29152 922.625 0
001 3.84722 -40.5 29240 922.625 0
101 2.33779 -43.5 29283 922.625 0
011 4.97623 -44.5 29602 922.625 0
100 1.71192 -39.0 29656 922.625 0
001 3.88404 -41.0 29761 922.625 0
101 2.13530 -43.5 29795 922.625 0
100 0.76085 -40.5 40074 923.625 0
001 3.25204 -41.5 40079 923.625 0
101 1.65670 -44.0 40086 923.625 0
011 3.79814 -45.0 40097 923.625 0
100 0.74245 -40.0 40575 923.625 0
001 3.38089 -41.5 40596 923.625 0
101 1.85305 -44.0 40606 923.625 0
011 3.76746 -45.0 40621 923.625 0
100 0.76085 -40.0 41082 923.625 0
001 3.60792 -41.5 41119 923.625 0
101 1.47262 -44.0 41128 923.625 0
011 3.79200 -45.0 41147 923.625 0
100 0.76085 -40.0 41590 923.625 0
001 3.60792 -41.5 41637 923.625 0
101 1.32536 -44.0 41653 923.625 0
011 3.77973 -45.0 41672 923.625 0
100 3.07410 -38.5 42110 920.625 0
001 5.72482 -39.0 42143 920.625 0
101 3.56497 -43.0 42176 920.625 0
011 6.01934 -44.5 42199 920.625 0
100 2.95138 -38.5 42611 920.625 0
001 5.27689 -39.0 42652 920.625 0
101 3.63247 -43.0 42699 920.625 0
011 6.06229 -44.5 42732 920.625 0
100 2.95751 -38.5 43120 920.625 0
001 5.74936 -39.0 43163 920.625 0
101 3.58338 -43.5 43209 920.625 0
011 6.00707 -44.5 43257 920.625 0
100 2.98819 -38.5 43627 920.625 0
001 4.83511 -40.0 43680 921.625 0
101 2.87161 -43.5 43728 921.625 0
100 2.17825 -39.0 44133 921.625 0
001 4.81670 -40.0 44189 921.625 0
101 2.90843 -43.5 44247 921.625 0
011 5.32598 -44.5 44324 921.625 0
001 5.14190 -40.0 44702 921.625 0
101 3.30726 -43.5 44769 921.625 0
011 5.43029 -44.5 44869 921.625 0
001 4.84738 -40.0 45219 921.625 0
101 2.94524 -43.5 45278 921.625 0
011 5.25235 -44.5 45408 921.625 0
100 1.76101 -39.5 45664 922.625 0
001 3.90245 -41.0 45737 922.625 0
101 2.12917 -44.0 45801 922.625 0
011 4.95783 -44.5 45935 922.625 0
100 1.70579 -39.5 46170 922.625 0
001 3.89018 -41.0 46275 922.625 0
101 2.10462 -43.5 46321 922.625 0
011 5.01919 -45.0 46466 922.625 0
100 2.03099 -39.5 46669 922.625 0
001 3.83495 -41.0 46785 922.625 0
101 2.46051 -44.0 46830 922.625 0
011 4.81670 -44.5 47003 922.625 0
100 1.69965 -39.5 47168 922.625 0
001 3.38703 -41.5 47300 923.625 0
101 1.65670 -44.0 47346 923.625 0
011 3.78586 -45.0 47531 923.625 0
001 3.34408 -41.5 47828 923.625 0
101 1.73647 -44.0 47863 923.625 0
100 0.73631 -40.0 48172 923.625 0
001 3.28272 -41.5 48342 923.625 0
101 1.34377 -44.0 48377 923.625 0
100 0.74858 -40.0 48689 923.625 0
001 3.26431 -41.5 48871 923.625 0
101 1.61375 -44.0 48898 923.625 0
011 6.18501 -44.5 49112 920.625 0
100 2.99433 -38.5 49205 920.625 0
001 5.65119 -39.5 49398 920.625 0
101 3.53429 -43.5 49421 920.625 0
011 5.97025 -44.5 49650 920.625 0
100 2.92684 -38.5 49714 920.625 0
001 5.43029 -39.5 49909 920.625 0
101 3.63860 -43.5 49946 920.625 0
