011 4.60808 -30.0 0 923.625 0
001 1.22718 -40.0 7 923.625 0
101 1.60148 -42.0 12 923.625 0
100 4.40559 -45.0 18 923.625 0
001 1.23946 -40.0 784 923.625 0
101 1.57080 -42.0 798 923.625 0
011 4.50377 -30.0 816 923.625 0
100 4.25833 -45.0 822 923.625 0
001 1.30695 -40.0 1561 923.625 0
101 1.61988 -42.0 1584 923.625 0
100 4.25833 -45.0 1628 923.625 0
001 3.23363 -40.0 2341 920.625 0
101 4.49150 -41.5 2359 920.625 0
100 6.00093 -46.0 2426 920.625 0
011 0.56450 -30.0 2468 920.625 0
001 3.19682 -40.0 3113 920.625 0
101 4.16016 -41.5 3135 920.625 0
100 6.00093 -46.0 3217 920.625 0
011 0.39270 -30.0 3298 920.625 0
001 2.54027 -40.0 3895 921.625 0
101 3.31340 -42.0 3917 921.625 0
100 5.35052 -45.5 4011 921.625 0
011 6.11752 -30.0 4119 921.625 0
001 2.52186 -40.0 4676 921.625 0
101 3.46680 -41.5 4695 921.625 0
100 5.31371 -45.0 4796 921.625 0
011 6.02548 -30.0 4938 921.625 0
001 1.71806 -40.0 5449 922.625 0
101 2.66299 -42.0 5467 922.625 0
011 5.46711 -30.0 5759 922.625 0
001 1.73033 -40.0 6237 922.625 0
101 2.73662 -42.0 6251 922.625 0
100 4.68171 -45.0 6385 922.625 0
011 5.24621 -30.0 6582 922.625 0
001 1.92054 -40.0 7007 922.625 0
101 2.77344 -42.0 7026 922.625 0
100 4.14175 -44.5 7191 923.625 0
011 4.50377 -30.5 7423 923.625 0
001 1.22718 -40.0 7789 923.625 0
101 1.60148 -42.0 7816 923.625 0
100 4.56513 -45.0 7980 923.625 0
011 4.62649 -30.0 8237 923.625 0
001 1.09219 -40.0 8569 923.625 0
101 1.55239 -42.0 8587 923.625 0
100 4.43014 -44.5 8772 923.625 0
011 0.48474 -29.5 9058 920.625 0
001 3.19068 -40.0 9350 920.625 0
101 4.09266 -41.0 9368 920.625 0
100 5.93957 -45.5 9563 920.625 0
011 0.41111 -29.5 9872 920.625 0
011 0.14113 -30.0 20042 921.625 0
101 3.46066 -42.0 20048 921.625 0
001 2.44823 -40.0 20053 921.625 0
101 3.38089 -42.0 20822 921.625 0
001 2.69367 -40.0 20836 921.625 0
011 0.15953 -30.0 20864 921.625 0
101 3.55884 -42.0 21606 921.625 0
001 2.52800 -40.0 21630 921.625 0
011 6.00707 -30.0 21679 921.625 0
101 2.76117 -42.0 22380 922.625 0
001 1.91441 -40.0 22412 922.625 0
100 4.68171 -45.0 22431 922.625 0
011 5.31371 -30.0 22517 922.625 0
101 2.61390 -42.0 23162 922.625 0
001 1.89600 -40.0 23189 922.625 0
100 4.70012 -45.0 23221 922.625 0
011 5.34439 -30.0 23337 922.625 0
101 1.59534 -42.5 23951 923.625 0
001 1.36217 -40.0 23969 923.625 0
100 4.24606 -44.0 24014 923.625 0
011 4.60194 -30.0 24164 923.625 0
101 1.56466 -42.0 24727 923.625 0
001 1.36831 -40.0 24754 923.625 0
100 4.30128 -44.5 24805 923.625 0
011 4.43627 -30.5 24979 923.625 0
101 4.37491 -41.5 25501 920.625 0
001 3.18454 -40.0 25528 920.625 0
100 6.04388 -45.0 25595 920.625 0
011 0.44179 -30.0 25801 920.625 0
101 4.28287 -41.5 26288 920.625 0
001 3.24590 -40.0 26307 920.625 0
100 6.05616 -45.5 26391 920.625 0
011 0.44179 -29.5 26617 920.625 0
101 4.09880 -41.0 27064 920.625 0
001 3.22136 -40.5 27091 920.625 0
100 6.10524 -45.0 27180 920.625 0
011 6.16047 -30.0 27442 921.625 0
101 3.11705 -42.0 27842 921.625 0
001 2.83480 -40.0 27873 921.625 0
100 5.49779 -45.0 27977 921.625 0
011 5.92730 -30.0 28266 921.625 0
101 3.11091 -42.0 28624 921.625 0
001 2.58322 -40.0 28651 921.625 0
100 5.67573 -44.5 28764 921.625 0
011 5.31985 -30.0 29094 922.625 0
101 2.79185 -42.5 29402 922.625 0
001 1.88373 -40.0 29434 922.625 0
011 5.45484 -30.0 29917 922.625 0
100 4.29515 -44.0 40080 923.625 0
011 4.50990 -30.0 40085 923.625 0
101 1.60761 -42.5 40091 923.625 0
001 1.48489 -40.0 40096 923.625 0
100 4.44241 -44.0 40874 923.625 0
101 1.65056 -42.5 40883 923.625 0
001 1.26400 -40.5 40893 923.625 0
011 4.43627 -30.5 40903 923.625 0
101 1.58307 -42.5 41652 923.625 0
100 4.22152 -44.0 41662 923.625 0
001 1.29468 -40.0 41675 923.625 0
011 4.46695 -30.0 41729 923.625 0
101 4.06812 -41.5 42441 920.625 0
001 3.17841 -40.5 42451 920.625 0
100 5.99480 -45.0 42460 920.625 0
011 0.37429 -29.5 42549 920.625 0
101 4.20924 -41.5 43219 920.625 0
001 3.17841 -40.5 43237 920.625 0
100 6.02548 -45.0 43269 920.625 0
011 0.55223 -29.5 43362 920.625 0
101 3.12318 -42.0 44000 921.625 0
001 2.79798 -40.0 44018 921.625 0
100 5.58369 -44.5 44058 921.625 0
011 6.16660 -30.0 44195 921.625 0
101 3.11705 -42.0 44774 921.625 0
001 2.55868 -40.0 44788 921.625 0
100 5.70641 -45.0 44843 921.625 0
011 5.98253 -30.0 45022 921.625 0
101 2.48505 -42.5 45553 922.625 0
001 1.93895 -40.0 45577 922.625 0
100 4.73080 -44.5 45635 922.625 0
011 5.24621 -30.0 45853 922.625 0
101 2.58936 -42.0 46328 922.625 0
001 1.63829 -40.0 46347 922.625 0
100 4.68785 -45.0 46432 922.625 0
011 5.72482 -30.0 46671 922.625 0
101 2.53414 -42.5 47119 922.625 0
001 1.88373 -40.0 47142 922.625 0
100 4.74307 -45.0 47226 922.625 0
011 4.56513 -30.0 47523 923.625 0
101 1.55852 -42.0 47898 923.625 0
001 1.25786 -40.0 47916 923.625 0
100 4.21538 -44.0 48019 923.625 0
011 4.49763 -30.0 48371 923.625 0
101 1.58307 -42.5 48677 923.625 0
001 1.28854 -40.0 48697 923.625 0
100 4.34423 -44.0 48820 923.625 0
011 0.39884 -30.0 49195 920.625 0
101 4.10493 -41.5 49467 920.625 0
001 3.16614 -40.5 49481 920.625 0
100 6.07456 -45.0 49609 920.625 0
011 0.48474 -30.0 50015 920.625 0
