001 0.94493 -39.5 0 921.625 0
101 5.89662 -45.5 6 921.625 0
011 3.25204 -52.5 11 921.625 0
001 1.17810 -39.0 776 921.625 0
101 5.91503 -45.5 791 921.625 0
011 3.17227 -52.5 847 921.625 0
001 0.93880 -39.5 1544 921.625 0
101 5.85981 -45.5 1559 921.625 0
011 3.23363 -52.0 1687 921.625 0
001 0.00000 -39.5 2317 922.625 0
101 5.08054 -46.0 2344 922.625 0
011 2.85934 -52.0 2531 922.625 0
001 0.02454 -40.0 3088 922.625 0
101 5.19713 -46.0 3120 922.625 0
011 2.75503 -52.5 3371 922.625 0
001 5.78618 -39.5 3857 923.625 0
101 4.48536 -46.0 3913 923.625 0
001 6.22796 -40.0 4627 923.625 0
011 1.93895 -52.5 4637 923.625 0
101 4.55899 -46.0 4699 923.625 0
001 1.38058 -39.0 5399 920.625 0
011 4.16016 -52.0 5470 920.625 0
101 0.15340 -45.5 5482 920.625 0
001 1.36831 -39.0 6175 920.625 0
101 0.05522 -45.5 6264 920.625 0
011 4.28287 -52.5 6308 920.625 0
001 1.40513 -39.0 6963 920.625 0
101 0.13499 -45.5 7040 920.625 0
011 4.21538 -52.0 7146 920.625 0
001 1.06765 -39.5 7735 921.625 0
101 5.91503 -45.5 7822 921.625 0
011 3.22750 -52.5 7989 921.625 0
001 1.01856 -39.5 8501 921.625 0
101 0.00000 -45.5 8601 921.625 0
011 3.21522 -52.5 8825 921.625 0
001 6.24637 -40.0 9277 922.625 0
101 5.10509 -45.5 9371 922.625 0
011 2.84707 -52.0 9669 922.625 0
001 5.86594 -40.0 20034 923.625 0
101 4.42400 -46.0 20040 923.625 0
011 1.92668 -52.0 20045 923.625 0
001 5.85981 -40.0 20809 923.625 0
101 4.36264 -46.0 20819 923.625 0
011 1.92668 -52.0 20884 923.625 0
001 5.84140 -39.5 21580 923.625 0
101 4.38105 -46.0 21611 923.625 0
011 1.93895 -52.0 21722 923.625 0
001 1.47876 -39.0 22339 920.625 0
101 0.55223 -45.5 22384 920.625 0
011 3.91472 -52.5 22563 920.625 0
001 1.65056 -39.0 23123 920.625 0
101 0.50315 -45.5 23156 920.625 0
011 3.92085 -52.0 23401 920.625 0
001 0.95720 -39.5 23913 921.625 0
101 6.22183 -45.5 23932 921.625 0
011 3.20909 -52.0 24245 921.625 0
001 0.89584 -39.5 24690 921.625 0
101 5.91503 -45.5 24713 921.625 0
011 3.22136 -52.0 25080 921.625 0
001 0.01227 -40.0 25459 922.625 0
101 5.06827 -46.0 25504 922.625 0
011 2.65072 -52.5 25919 922.625 0
001 6.26478 -40.0 26232 922.625 0
101 5.06214 -45.5 26289 922.625 0
011 2.76730 -52.5 26761 922.625 0
001 6.26478 -40.0 27020 922.625 0
101 5.16645 -46.0 27079 922.625 0
011 1.95736 -52.0 27596 923.625 0
001 5.57755 -39.5 27798 923.625 0
101 4.41786 -46.0 27860 923.625 0
011 2.03713 -52.0 28433 923.625 0
001 5.74936 -39.5 28575 923.625 0
101 4.42400 -46.0 28642 923.625 0
011 3.89631 -52.5 29272 920.625 0
001 1.72419 -39.0 29348 920.625 0
101 0.35588 -45.5 29419 920.625 0
001 1.51557 -39.5 40064 921.625 0
101 6.24023 -45.5 40069 921.625 0
011 3.19068 -52.5 40074 921.625 0
101 6.04388 -45.5 40841 921.625 0
001 0.96334 -39.5 40851 921.625 0
011 3.25204 -52.0 40913 921.625 0
001 0.94493 -39.5 41614 921.625 0
101 5.92117 -45.5 41623 921.625 0
011 3.25818 -52.0 41749 921.625 0
001 0.01227 -40.0 42380 922.625 0
101 5.19099 -46.0 42398 922.625 0
011 2.67526 -52.0 42591 922.625 0
001 6.25251 -40.0 43152 922.625 0
101 5.06827 -45.5 43184 922.625 0
011 2.71821 -52.5 43432 922.625 0
001 5.78618 -39.5 43942 923.625 0
101 4.43014 -46.0 43974 923.625 0
011 2.01258 -52.0 44276 923.625 0
001 5.67573 -39.5 44718 923.625 0
101 4.58353 -46.0 44754 923.625 0
011 1.92668 -52.0 45116 923.625 0
001 1.59534 -39.0 45497 920.625 0
101 0.36816 -45.5 45528 920.625 0
011 3.91472 -52.0 45967 920.625 0
001 1.79169 -39.0 46277 920.625 0
101 0.33134 -45.5 46313 920.625 0
011 3.91472 -52.5 46812 920.625 0
001 1.66284 -39.0 47049 920.625 0
101 0.69950 -46.0 47090 920.625 0
011 3.26431 -52.5 47650 921.625 0
001 1.07379 -39.5 47822 921.625 0
101 5.79845 -46.0 47876 921.625 0
011 3.20909 -52.0 48488 921.625 0
001 0.96948 -39.5 48591 921.625 0
101 5.92117 -46.0 48663 921.625 0
011 2.67526 -52.0 49324 922.625 0
001 6.25251 -40.0 49365 922.625 0
101 5.09895 -45.5 49439 922.625 0
