001 5.82913 -38.5 0 923.625 0
101 5.01919 -45.5 8 923.625 0
011 2.25188 -47.0 13 923.625 0
001 5.68800 -38.5 765 923.625 0
101 4.94555 -45.5 783 923.625 0
011 1.72419 -47.0 841 923.625 0
001 5.58983 -38.0 1539 923.625 0
101 4.80443 -45.5 1575 923.625 0
011 1.74260 -47.0 1665 923.625 0
001 1.87146 -39.0 2314 920.625 0
101 0.46633 -45.0 2353 920.625 0
011 3.67542 -45.5 2491 920.625 0
001 1.88373 -39.0 3100 920.625 0
101 0.55837 -45.5 3137 920.625 0
001 0.84676 -38.5 3875 921.625 0
101 0.17181 -45.0 3907 921.625 0
011 3.15386 -45.5 4130 921.625 0
001 0.88971 -39.0 4661 921.625 0
101 0.23317 -45.5 4694 921.625 0
011 3.11091 -45.5 4955 921.625 0
001 0.20249 -38.5 5426 922.625 0
101 5.46097 -45.5 5472 922.625 0
011 2.79798 -46.5 5782 922.625 0
001 0.11658 -38.5 6202 922.625 0
101 5.64505 -45.5 6248 922.625 0
011 2.75503 -46.0 6601 922.625 0
001 0.15340 -38.5 6971 922.625 0
101 5.47324 -45.5 7024 922.625 0
011 1.96350 -46.5 7427 923.625 0
001 5.82913 -38.5 7745 923.625 0
101 4.85965 -45.5 7804 923.625 0
011 1.81010 -46.5 8246 923.625 0
001 5.67573 -38.5 8520 923.625 0
101 4.87192 -45.5 8586 923.625 0
011 3.58952 -45.5 9066 920.625 0
001 1.87146 -38.5 9303 920.625 0
101 0.74858 -45.5 9365 920.625 0
011 3.90245 -45.5 9893 920.625 0
001 1.25173 -38.5 20033 921.625 0
101 6.09297 -45.0 20038 921.625 0
011 2.99433 -46.0 20044 921.625 0
101 6.14819 -45.0 20824 921.625 0
001 1.14742 -38.5 20835 921.625 0
101 6.25864 -45.0 21606 921.625 0
001 1.25173 -38.5 21619 921.625 0
011 2.94524 -46.5 21700 921.625 0
101 5.67573 -45.0 22384 922.625 0
001 0.18408 -38.5 22395 922.625 0
011 2.43596 -46.5 22519 922.625 0
101 5.44256 -45.0 23156 922.625 0
001 0.15953 -38.5 23178 922.625 0
011 2.58936 -46.5 23346 922.625 0
101 4.84738 -45.5 23935 923.625 0
001 5.60210 -38.5 23960 923.625 0
011 1.83464 -47.5 24177 923.625 0
101 4.95783 -45.0 24704 923.625 0
001 5.53460 -38.5 24719 923.625 0
011 2.20280 -47.5 25005 923.625 0
101 0.51542 -45.0 25498 920.625 0
001 1.81623 -38.5 25508 920.625 0
011 3.69383 -45.5 25828 920.625 0
101 0.62586 -45.0 26281 920.625 0
001 2.00645 -38.5 26291 920.625 0
011 3.64474 -45.5 26660 920.625 0
101 0.56450 -44.5 27052 920.625 0
001 1.66897 -38.5 27067 920.625 0
011 3.16614 -46.0 27481 921.625 0
101 0.06136 -44.5 27824 921.625 0
001 0.80994 -38.5 27838 921.625 0
011 2.90229 -46.0 28308 921.625 0
101 6.06229 -45.0 28599 921.625 0
001 0.82221 -39.0 28604 921.625 0
011 2.35006 -46.0 29127 922.625 0
101 5.61437 -45.0 29387 922.625 0
001 0.14113 -38.5 29397 922.625 0
011 2.72435 -46.5 29956 922.625 0
001 5.85981 -38.5 40072 923.625 0
101 4.98851 -45.5 40077 923.625 0
011 1.69351 -47.5 40082 923.625 0
101 4.93942 -45.5 40846 923.625 0
001 5.85367 -38.0 40860 923.625 0
011 1.78555 -47.5 40910 923.625 0
101 5.09895 -45.0 41617 923.625 0
001 5.60823 -38.5 41628 923.625 0
011 1.85305 -47.0 41735 923.625 0
101 1.00629 -44.0 42397 920.625 0
001 1.48489 -38.0 42407 920.625 0
011 3.58338 -45.0 42563 920.625 0
101 0.57678 -44.0 43166 920.625 0
001 1.52784 -38.0 43190 920.625 0
011 3.50975 -45.5 43386 920.625 0
101 6.26478 -46.0 43940 921.625 0
001 1.03084 -39.0 43953 921.625 0
011 2.89002 -46.0 44214 921.625 0
001 1.19037 -38.5 44728 921.625 0
011 2.92684 -45.5 45040 921.625 0
001 0.11658 -38.5 45499 922.625 0
101 5.55915 -45.0 45508 922.625 0
011 2.34392 -46.0 45868 922.625 0
001 0.09817 -38.0 46266 922.625 0
101 5.66959 -45.0 46294 922.625 0
011 2.75503 -46.0 46699 922.625 0
001 0.18408 -38.0 47034 922.625 0
101 5.58983 -45.0 47065 922.625 0
011 2.00031 -46.5 47530 923.625 0
001 5.87821 -38.0 47795 923.625 0
101 4.95169 -45.5 47831 923.625 0
011 1.73647 -46.5 48360 923.625 0
001 5.63891 -38.0 48558 923.625 0
101 4.84738 -45.5 48603 923.625 0
011 3.66315 -45.5 49191 920.625 0
001 1.55852 -38.5 49359 920.625 0
101 1.18423 -45.0 49386 920.625 0
011 3.54043 -45.0 50009 920.625 0
