001 0.73631 -38.0 0 923.625 0
101 5.41802 -38.5 5 923.625 0
011 1.32536 -42.5 11 923.625 0
001 0.87744 -38.0 751 923.625 0
101 5.51006 -38.5 761 923.625 0
011 1.22105 -43.0 807 923.625 0
001 0.74858 -38.0 1496 923.625 0
101 5.65732 -38.0 1505 923.625 0
011 1.30695 -42.5 1614 923.625 0
001 2.73049 -37.5 2253 920.625 0
101 1.08606 -37.5 2262 920.625 0
011 3.13546 -41.5 2412 920.625 0
001 2.75503 -37.5 3001 920.625 0
101 1.31309 -37.5 3028 920.625 0
011 3.11091 -41.5 3209 920.625 0
001 2.39915 -37.5 3768 921.625 0
101 0.43565 -38.0 3777 921.625 0
011 2.55254 -42.0 4006 921.625 0
001 2.16598 -37.5 4516 921.625 0
101 0.42951 -37.5 4543 921.625 0
011 2.38687 -42.0 4821 921.625 0
001 1.98190 -37.5 5260 921.625 0
011 2.20280 -42.5 5636 922.625 0
001 1.63829 -38.0 6013 922.625 0
101 0.00614 -38.5 6055 922.625 0
011 1.81010 -42.5 6463 922.625 0
001 1.46035 -38.0 6771 922.625 0
101 6.10524 -38.0 6816 922.625 0
011 1.31309 -43.0 7284 923.625 0
001 0.58291 -38.0 7532 923.625 0
101 5.47324 -38.5 7567 923.625 0
011 1.09219 -43.0 8102 923.625 0
001 0.66268 -38.0 8284 923.625 0
101 5.43029 -38.5 8312 923.625 0
011 1.14742 -43.0 8896 923.625 0
001 2.77957 -38.0 9029 920.625 0
101 1.22718 -38.0 9061 920.625 0
011 3.12932 -42.0 9722 920.625 0
001 2.58322 -38.0 9772 920.625 0
101 1.57080 -38.0 9814 920.625 0
011 2.44210 -42.0 20047 921.625 0
101 0.40497 -38.5 20052 921.625 0
001 2.06781 -38.0 20057 921.625 0
101 0.47247 -38.5 20803 921.625 0
001 1.93282 -38.0 20813 921.625 0
011 2.38687 -42.0 20845 921.625 0
101 0.46633 -38.5 21557 921.625 0
001 2.26416 -37.5 21571 921.625 0
011 2.35006 -42.0 21641 921.625 0
101 6.21569 -38.5 22312 922.625 0
001 1.48489 -38.0 22327 922.625 0
011 1.99418 -42.5 22438 922.625 0
101 0.36816 -38.5 23071 922.625 0
001 1.52171 -38.0 23080 922.625 0
011 1.92054 -42.5 23244 922.625 0
101 5.47938 -38.5 23825 923.625 0
001 0.59518 -38.0 23844 923.625 0
011 1.41740 -43.0 24047 923.625 0
101 5.65119 -38.5 24574 923.625 0
001 0.64427 -38.0 24589 923.625 0
011 1.25173 -43.0 24842 923.625 0
101 5.49779 -38.5 25327 923.625 0
001 0.73631 -38.0 25359 923.625 0
011 3.44225 -42.0 25653 920.625 0
101 1.36217 -38.5 26079 920.625 0
001 2.68753 -38.0 26099 920.625 0
011 3.27045 -41.5 26450 920.625 0
101 1.15355 -38.0 26831 920.625 0
001 2.50959 -37.5 26854 920.625 0
011 2.47278 -42.0 27254 921.625 0
101 0.40497 -38.0 27576 921.625 0
001 2.09235 -37.5 27612 921.625 0
011 2.39301 -41.5 28049 921.625 0
101 0.48474 -38.0 28328 921.625 0
001 1.97577 -37.5 28361 921.625 0
011 2.39915 -42.0 28841 921.625 0
101 6.02548 -38.0 29088 922.625 0
001 1.30695 -38.0 29119 922.625 0
011 1.79169 -42.0 29643 922.625 0
101 0.21476 -38.5 29847 922.625 0
001 1.57080 -37.5 29889 922.625 0
101 5.39961 -38.5 40080 923.625 0
001 0.87744 -38.5 40085 923.625 0
011 1.07992 -43.0 40090 923.625 0
101 5.38734 -38.5 40833 923.625 0
001 0.77313 -38.5 40843 923.625 0
011 1.15969 -43.0 40883 923.625 0
001 0.66882 -38.0 41590 923.625 0
101 5.27076 -39.0 41595 923.625 0
011 1.14742 -43.0 41680 923.625 0
101 1.41740 -37.5 42350 920.625 0
001 3.09251 -38.0 42364 920.625 0
011 3.11091 -41.5 42504 920.625 0
101 1.36831 -38.0 43099 920.625 0
001 2.72435 -38.0 43121 920.625 0
011 3.15386 -41.5 43308 920.625 0
101 0.82221 -38.5 43860 921.625 0
001 1.99418 -37.5 43876 921.625 0
011 2.39301 -42.0 44105 921.625 0
101 0.42338 -38.0 44613 921.625 0
001 1.97577 -37.5 44623 921.625 0
011 2.44210 -42.0 44900 921.625 0
001 2.06167 -38.0 45369 921.625 0
101 0.41111 -39.0 45374 921.625 0
011 1.94509 -43.0 45695 922.625 0
001 1.45421 -38.5 46128 922.625 0
101 0.10431 -39.0 46142 922.625 0
011 2.14757 -42.5 46509 922.625 0
001 1.25786 -38.0 46871 922.625 0
101 6.01320 -38.0 46898 922.625 0
011 1.14742 -43.0 47310 923.625 0
001 0.93266 -38.0 47634 923.625 0
101 5.38120 -38.5 47661 923.625 0
011 1.27014 -42.5 48113 923.625 0
001 0.68109 -37.5 48388 923.625 0
101 5.57142 -38.5 48415 923.625 0
011 1.27627 -42.5 48906 923.625 0
001 2.92070 -37.5 49136 920.625 0
101 1.35604 -38.0 49164 920.625 0
011 3.11705 -41.5 49695 920.625 0
001 2.77344 -37.5 49900 920.625 0
101 1.50944 -38.0 49928 920.625 0
