001 2.73662 -32.0 0 921.625 0
101 1.68124 -30.5 5 921.625 0
100 1.56466 -39.0 11 921.625 0
001 2.75503 -32.0 754 921.625 0
101 1.66897 -30.5 764 921.625 0
100 1.25786 -38.5 773 921.625 0
101 1.70579 -30.5 1505 921.625 0
001 2.86548 -32.0 1515 921.625 0
100 1.34377 -39.0 1531 921.625 0
101 1.12287 -30.0 2245 922.625 0
001 1.75487 -31.5 2255 922.625 0
100 1.11060 -39.5 2291 922.625 0
011 5.95185 -49.0 2380 922.625 0
101 1.31309 -28.5 2991 922.625 0
001 2.34392 -31.5 3005 922.625 0
100 0.82221 -40.5 3050 922.625 0
011 5.49779 -46.5 3187 922.625 0
101 0.91425 -29.0 3735 923.625 0
001 1.22105 -32.0 3758 923.625 0
011 4.45468 -47.5 3988 923.625 0
101 6.27091 -39.0 4494 923.625 0
001 1.55852 -39.0 4504 923.625 0
100 0.07363 -50.0 4571 923.625 0
001 1.27627 -35.0 5248 923.625 0
011 2.48505 -45.0 5575 920.625 0
100 5.92730 -55.0 5615 920.625 0
101 1.91441 -30.0 5995 920.625 0
001 3.13546 -28.0 6005 920.625 0
011 2.38074 -37.5 6358 920.625 0
100 0.49701 -42.0 6381 920.625 0
101 2.08621 -39.0 6744 920.625 0
001 1.82851 -40.5 6757 920.625 0
011 4.92715 -44.5 7089 920.625 0
101 0.04909 -44.0 7496 921.625 0
001 0.73631 -35.5 7505 921.625 0
100 3.11705 -49.0 7691 921.625 0
011 4.14175 -57.0 8015 921.625 0
001 0.01841 -36.5 8248 921.625 0
101 0.07977 -51.0 8257 921.625 0
100 3.92085 -44.0 8448 921.625 0
101 1.10447 -37.0 8976 922.625 0
001 2.41755 -37.0 8995 922.625 0
100 4.77375 -49.5 9022 922.625 0
011 3.90858 -40.0 9597 922.625 0
101 1.14742 -36.5 9717 922.625 0
001 2.46664 -36.5 9748 922.625 0
100 5.34439 -44.5 9762 922.625 0
101 0.03682 -34.0 20050 923.625 0
001 1.22105 -35.5 20055 923.625 0
100 3.90245 -45.5 20061 923.625 0
011 2.32551 -49.5 20067 923.625 0
101 0.23317 -33.5 20795 923.625 0
001 0.85903 -35.0 20804 923.625 0
100 3.89018 -45.0 20823 923.625 0
011 2.32551 -50.0 20865 923.625 0
001 1.00016 -36.0 21543 923.625 0
101 6.26478 -34.0 21553 923.625 0
100 3.90858 -45.5 21585 923.625 0
001 3.18454 -35.0 22306 920.625 0
101 2.30711 -34.5 22315 920.625 0
011 4.09266 -50.0 22459 920.625 0
101 2.01258 -33.5 23058 920.625 0
001 3.14159 -35.5 23063 920.625 0
100 6.19115 -46.5 23117 920.625 0
011 4.11720 -48.5 23254 920.625 0
101 1.61988 -34.0 23800 921.625 0
001 2.39915 -36.0 23818 921.625 0
011 3.57111 -49.5 24051 921.625 0
101 1.58307 -34.0 24544 921.625 0
001 2.45437 -35.5 24558 921.625 0
011 3.39930 -49.0 24857 921.625 0
101 1.42353 -34.0 25275 921.625 0
001 2.44823 -35.5 25302 921.625 0
011 2.72435 -49.0 25655 922.625 0
101 0.55837 -34.5 26016 922.625 0
001 1.79169 -35.5 26053 922.625 0
100 4.92715 -46.0 26177 922.625 0
011 2.69367 -49.0 26459 922.625 0
101 0.61973 -34.5 26769 922.625 0
001 1.95736 -35.5 26792 922.625 0
100 4.90874 -46.0 26948 922.625 0
101 6.16660 -34.0 27522 923.625 0
001 1.13515 -36.0 27532 923.625 0
011 1.94509 -49.0 28056 923.625 0
101 0.03682 -34.5 28280 923.625 0
001 1.12901 -35.5 28303 923.625 0
011 2.20893 -49.0 28860 923.625 0
101 2.04326 -34.5 29037 920.625 0
001 3.46680 -36.0 29055 920.625 0
100 0.05522 -47.0 29244 920.625 0
011 3.86563 -48.0 29659 920.625 0
101 2.29484 -34.5 29788 920.625 0
001 3.52816 -35.5 29802 920.625 0
100 0.09817 -47.0 30008 920.625 0
100 5.55301 -45.5 40091 921.625 0
001 2.47278 -36.0 40096 921.625 0
001 2.63231 -36.5 40850 921.625 0
101 1.36831 -35.0 40855 921.625 0
100 5.78618 -45.5 40865 921.625 0
011 3.01887 -48.5 40897 921.625 0
001 2.65685 -36.0 41594 921.625 0
101 1.30082 -35.0 41604 921.625 0
100 5.90889 -45.5 41637 921.625 0
101 0.62586 -35.0 42343 922.625 0
001 1.74260 -36.0 42361 922.625 0
011 2.52186 -49.0 42510 922.625 0
101 0.46019 -35.0 43083 922.625 0
001 1.74260 -36.0 43102 922.625 0
100 4.55899 -45.0 43171 922.625 0
011 2.55254 -49.0 43315 922.625 0
001 1.30082 -36.0 43864 923.625 0
100 4.03130 -45.0 43942 923.625 0
011 1.75487 -49.5 44109 923.625 0
001 1.47876 -36.0 44613 923.625 0
100 4.12948 -45.5 44712 923.625 0
011 1.78555 -50.0 44918 923.625 0
001 1.13515 -36.0 45363 923.625 0
100 0.14726 -46.0 45480 920.625 0
011 3.55270 -46.5 45716 920.625 0
101 1.96963 -35.0 46068 920.625 0
001 3.64474 -36.0 46109 920.625 0
100 0.01227 -46.0 46247 920.625 0
111 3.25204 -65.5 46278 920.625 0
011 3.84109 -47.0 46509 920.625 0
101 1.95736 -35.0 46800 920.625 0
001 3.28885 -36.0 46854 920.625 0
100 6.19115 -45.5 47010 920.625 0
111 3.31340 -63.5 47191 920.625 0
011 2.91456 -49.0 47306 921.625 0
101 1.21491 -34.5 47538 921.625 0
001 2.63845 -36.0 47613 921.625 0
100 5.27076 -45.0 47764 921.625 0
011 2.95751 -48.0 48123 921.625 0
101 1.42353 -35.0 48290 921.625 0
001 2.64458 -36.0 48353 921.625 0
100 5.41188 -44.5 48546 921.625 0
011 3.01274 -48.0 48925 921.625 0
101 1.22718 -35.0 49037 921.625 0
001 1.74260 -36.0 49095 922.625 0
100 4.49763 -44.5 49304 922.625 0
011 2.69367 -50.5 49723 922.625 0
101 0.73017 -35.0 49782 922.625 0
001 2.45437 -36.0 49844 922.625 0
100 4.50990 -44.5 50078 922.625 0
