011 5.76163 -38.0 0 921.625 0
001 1.22718 -37.5 6 921.625 0
101 3.31340 -41.0 11 921.625 0
101 3.26431 -41.0 748 921.625 0
001 0.87130 -37.5 753 921.625 0
011 5.63278 -38.0 762 921.625 0
101 3.31340 -41.0 1486 921.625 0
001 0.79153 -37.5 1495 921.625 0
011 5.51619 -38.0 1545 921.625 0
101 2.75503 -41.0 2222 922.625 0
001 0.00000 -37.5 2236 922.625 0
011 4.68785 -38.5 2317 922.625 0
001 6.07456 -37.5 2959 922.625 0
101 2.67526 -40.5 2973 922.625 0
011 4.66944 -38.5 3079 922.625 0
001 5.86594 -38.0 3684 923.625 0
101 1.87146 -40.5 3725 923.625 0
011 4.16016 -38.5 3842 923.625 0
001 5.49779 -38.0 4413 923.625 0
101 2.33165 -40.5 4462 923.625 0
011 4.00062 -38.5 4603 923.625 0
001 5.54687 -38.5 5143 923.625 0
101 1.77942 -40.0 5197 923.625 0
011 6.04388 -38.0 5391 920.625 0
100 2.41755 -51.0 5651 920.625 0
001 1.42967 -40.5 5902 920.625 0
101 4.78602 -47.5 5937 920.625 0
011 4.55899 -45.5 6176 920.625 0
100 3.04342 -47.5 6304 920.625 0
001 1.37445 -48.5 6649 920.625 0
101 4.36264 -44.5 6672 920.625 0
011 5.79845 -58.0 6957 920.625 0
100 5.63278 -45.5 7011 920.625 0
001 3.90858 -47.0 7393 921.625 0
101 4.36264 -48.5 7421 921.625 0
100 5.98866 -37.0 7762 921.625 0
101 1.92668 -51.5 8208 921.625 0
100 6.00707 -38.5 8509 921.625 0
101 4.57740 -47.5 8747 921.625 0
001 0.85903 -50.5 8819 921.625 0
011 4.19084 -52.0 8891 921.625 0
100 4.02517 -34.5 9250 922.625 0
001 3.36249 -47.0 9352 922.625 0
101 2.00645 -44.0 9507 922.625 0
011 6.11138 -48.5 9583 922.625 0
001 1.89600 -40.5 20035 923.625 0
101 2.01258 -37.0 20040 923.625 0
100 5.97639 -40.0 20048 923.625 0
011 3.48520 -40.0 20053 923.625 0
001 3.43612 -42.0 20774 923.625 0
101 0.70563 -35.0 20784 923.625 0
100 5.12350 -35.0 20802 923.625 0
011 5.04373 -38.5 20825 923.625 0
001 3.63247 -41.5 21495 923.625 0
100 4.96396 -35.0 21550 923.625 0
011 5.01919 -38.0 21595 923.625 0
001 5.82299 -43.0 22233 920.625 0
101 2.73049 -40.0 22275 920.625 0
100 1.20264 -34.0 22289 920.625 0
011 1.06151 -38.0 22356 920.625 0
001 5.87208 -43.0 22961 920.625 0
101 2.79185 -39.5 23001 920.625 0
100 1.12901 -34.5 23029 920.625 0
011 0.84676 -37.5 23126 920.625 0
001 4.89647 -42.5 23686 921.625 0
101 1.93895 -39.5 23753 921.625 0
100 0.03682 -35.0 23785 921.625 0
011 6.21569 -37.5 23897 921.625 0
001 4.62649 -45.0 24427 921.625 0
101 2.19052 -38.5 24507 921.625 0
100 0.04295 -37.5 24534 921.625 0
011 0.12272 -36.5 24676 921.625 0
001 3.06183 -46.0 25168 921.625 0
101 2.92684 -40.0 25256 921.625 0
100 5.98253 -45.0 25280 921.625 0
011 5.92117 -36.0 25442 922.625 0
001 2.38687 -45.0 25894 922.625 0
101 1.68124 -39.5 26005 922.625 0
100 5.75550 -45.0 26027 922.625 0
011 5.65732 -36.0 26214 922.625 0
001 2.57095 -45.0 26632 922.625 0
101 1.60761 -39.5 26753 922.625 0
100 5.63891 -45.5 26771 922.625 0
011 5.69414 -36.0 26988 922.625 0
001 1.39899 -44.5 27361 923.625 0
101 0.97561 -39.5 27490 923.625 0
100 4.60194 -45.5 27521 923.625 0
001 1.34990 -44.5 28090 923.625 0
101 1.19037 -39.5 28225 923.625 0
100 4.69398 -45.5 28271 923.625 0
011 4.58353 -36.0 28536 923.625 0
001 1.44194 -44.5 28830 923.625 0
101 1.12901 -40.0 28963 923.625 0
100 0.71177 -45.5 29014 920.625 0
011 0.74858 -36.0 29309 920.625 0
001 3.55884 -44.0 29566 920.625 0
101 2.95751 -40.5 29707 920.625 0
100 0.53383 -45.5 29756 920.625 0
101 3.12932 -41.5 40069 921.625 0
001 2.51573 -47.0 40075 921.625 0
100 6.00707 -47.5 40080 921.625 0
011 6.01934 -38.5 40085 921.625 0
101 3.14773 -41.0 40797 921.625 0
001 2.68753 -47.0 40829 921.625 0
100 6.11138 -47.5 40840 921.625 0
011 5.97025 -38.5 40866 921.625 0
101 3.11705 -41.0 41535 921.625 0
001 2.66299 -47.0 41576 921.625 0
100 5.98253 -47.5 41596 921.625 0
011 0.07363 -38.5 41655 921.625 0
101 2.58322 -40.0 42259 922.625 0
001 1.66897 -47.0 42321 922.625 0
100 5.22781 -47.5 42353 922.625 0
011 5.42416 -38.0 42428 922.625 0
101 2.52800 -40.0 42996 922.625 0
001 1.69965 -47.0 43072 922.625 0
100 5.15418 -47.0 43094 922.625 0
011 5.53460 -38.0 43210 922.625 0
101 1.68738 -40.0 43729 923.625 0
001 1.16583 -47.5 43829 923.625 0
100 4.76148 -47.5 43848 923.625 0
011 4.40559 -38.0 43979 923.625 0
101 1.61375 -39.5 44464 923.625 0
001 1.20264 -47.5 44579 923.625 0
100 4.66330 -47.5 44593 923.625 0
011 4.49150 -38.0 44749 923.625 0
101 1.60761 -39.5 45204 923.625 0
001 1.17196 -47.5 45324 923.625 0
100 4.62649 -47.5 45343 923.625 0
011 0.53996 -38.5 45515 920.625 0
101 4.36264 -39.5 45938 920.625 0
001 3.22136 -46.5 46068 920.625 0
100 0.39884 -46.0 46100 920.625 0
011 0.38656 -38.5 46277 920.625 0
101 4.13561 -39.5 46672 920.625 0
001 3.29499 -46.5 46810 920.625 0
100 0.32520 -46.0 46854 920.625 0
011 0.58905 -38.5 47037 920.625 0
101 3.06796 -39.5 47417 921.625 0
001 2.74889 -46.5 47559 921.625 0
100 5.97025 -46.0 47598 921.625 0
011 6.06229 -38.0 47803 921.625 0
101 3.11705 -39.5 48168 921.625 0
001 2.93297 -47.0 48296 921.625 0
100 5.96412 -45.5 48351 921.625 0
011 5.95798 -38.0 48574 921.625 0
101 3.08637 -39.0 48896 921.625 0
001 2.90843 -47.0 49034 921.625 0
100 5.44870 -44.0 49100 922.625 0
011 5.07441 -38.0 49339 922.625 0
101 2.47278 -37.5 49627 922.625 0
001 2.47891 -47.5 49776 922.625 0
100 5.37507 -43.5 49839 922.625 0
