101 2.10462 -47.0 0 921.625 0
100 2.69367 -38.0 5 921.625 0
100 2.40528 -38.0 726 921.625 0
101 2.10462 -46.5 736 921.625 0
001 5.38120 -61.0 768 921.625 0
100 2.69367 -38.0 1442 921.625 0
101 2.13530 -47.0 1456 921.625 0
001 5.43643 -60.5 1499 921.625 0
100 1.95736 -38.5 2165 922.625 0
101 1.15355 -47.0 2189 922.625 0
001 4.85352 -60.0 2227 922.625 0
100 2.03713 -38.5 2878 922.625 0
101 1.09219 -47.0 2920 922.625 0
001 4.85352 -60.0 2956 922.625 0
100 1.35604 -39.0 3596 923.625 0
101 0.44179 -47.5 3646 923.625 0
001 4.20924 -59.5 3687 923.625 0
100 1.38058 -39.0 4308 923.625 0
101 0.44792 -47.5 4369 923.625 0
001 4.28901 -60.0 4419 923.625 0
100 1.08606 -39.0 5018 923.625 0
101 0.46019 -47.0 5103 923.625 0
001 4.38105 -59.5 5148 923.625 0
100 3.30726 -38.0 5726 920.625 0
101 2.64458 -47.0 5829 920.625 0
001 5.89662 -61.5 5874 920.625 0
100 3.28272 -38.0 6453 920.625 0
101 2.59550 -47.0 6556 920.625 0
001 5.95185 -60.0 6597 920.625 0
100 3.22750 -38.0 7170 920.625 0
101 1.90827 -46.5 7281 921.625 0
001 5.45484 -60.5 7384 921.625 0
100 2.54641 -38.0 7894 921.625 0
101 2.08008 -46.5 8006 921.625 0
001 5.43643 -60.0 8107 921.625 0
100 2.73049 -38.0 8626 921.625 0
101 1.88986 -46.5 8733 921.625 0
100 2.15371 -38.5 9344 922.625 0
101 1.08606 -47.0 9453 922.625 0
001 5.24008 -59.0 9569 922.625 0
001 4.65103 -58.5 20041 923.625 0
100 1.24559 -39.0 20047 923.625 0
101 0.35588 -47.0 20052 923.625 0
001 4.21538 -58.5 20767 923.625 0
101 0.46019 -47.5 20777 923.625 0
100 1.20878 -38.5 20782 923.625 0
001 4.43014 -58.0 21492 923.625 0
101 0.31907 -47.5 21506 923.625 0
100 1.61375 -39.0 21511 923.625 0
001 5.97025 -59.0 22220 920.625 0
100 3.23977 -37.5 22233 920.625 0
101 2.59550 -47.0 22243 920.625 0
001 6.12365 -59.5 22946 920.625 0
100 3.31953 -37.5 22956 920.625 0
101 2.70594 -47.0 22965 920.625 0
001 5.42416 -58.5 23715 921.625 0
100 2.66299 -38.0 23724 921.625 0
101 2.08621 -47.0 23730 921.625 0
100 2.70594 -38.0 24435 921.625 0
001 5.42416 -59.0 24441 921.625 0
101 1.97577 -47.0 24460 921.625 0
100 2.47278 -38.0 25165 921.625 0
101 1.86532 -46.5 25175 921.625 0
001 5.31985 -58.5 25182 921.625 0
100 2.25802 -38.5 25886 922.625 0
101 0.99402 -47.5 25904 922.625 0
001 5.01305 -58.5 25909 922.625 0
100 2.09235 -38.5 26606 922.625 0
101 1.15355 -47.0 26620 922.625 0
001 4.95783 -60.0 26639 922.625 0
100 1.69965 -39.0 27316 923.625 0
101 0.44179 -47.5 27339 923.625 0
001 4.17856 -59.0 27371 923.625 0
100 1.21491 -39.0 28036 923.625 0
101 0.44792 -47.5 28069 923.625 0
001 4.26447 -59.0 28101 923.625 0
100 1.22105 -39.0 28752 923.625 0
101 0.52155 -47.5 28792 923.625 0
001 4.41786 -59.0 28825 923.625 0
100 3.30726 -37.5 29465 920.625 0
101 2.84707 -47.0 29520 920.625 0
001 6.00093 -60.5 29552 920.625 0
100 2.76730 -38.0 40085 921.625 0
101 1.98804 -47.0 40090 921.625 0
100 2.48505 -38.0 40804 921.625 0
101 2.06167 -47.0 40818 921.625 0
001 5.37507 -60.0 40862 921.625 0
101 2.28256 -47.0 41533 921.625 0
100 2.53414 -38.0 41543 921.625 0
001 5.46711 -60.0 41632 921.625 0
101 0.88971 -47.5 42254 922.625 0
100 2.22734 -38.5 42264 922.625 0
001 4.87806 -59.5 42359 922.625 0
101 1.09833 -47.0 42978 922.625 0
100 2.23961 -38.5 42997 922.625 0
001 4.95783 -59.5 43087 922.625 0
101 0.36202 -47.5 43697 923.625 0
100 1.20264 -39.0 43733 923.625 0
001 4.28287 -59.0 43806 923.625 0
101 0.37429 -47.5 44425 923.625 0
100 1.29468 -39.0 44458 923.625 0
001 4.12948 -59.5 44532 923.625 0
101 0.41724 -47.5 45147 923.625 0
100 1.28241 -39.0 45179 923.625 0
001 4.65103 -58.5 45257 923.625 0
101 2.58936 -47.0 45872 920.625 0
100 3.20909 -38.0 45900 920.625 0
001 5.95798 -60.0 45984 920.625 0
101 2.65685 -47.0 46590 920.625 0
100 3.27045 -38.0 46617 920.625 0
001 6.08684 -60.0 46713 920.625 0
101 1.96963 -47.0 47316 921.625 0
100 2.54027 -38.0 47335 921.625 0
001 5.48552 -60.0 47451 921.625 0
101 1.96350 -47.0 48037 921.625 0
100 2.74276 -38.0 48051 921.625 0
001 5.60210 -61.0 48179 921.625 0
101 2.04326 -47.0 48760 921.625 0
100 2.46051 -38.0 48770 921.625 0
001 5.45484 -59.5 48911 921.625 0
100 1.90827 -38.5 49486 922.625 0
101 1.25173 -47.0 49491 922.625 0
001 4.98851 -59.0 49642 922.625 0
