001 5.36893 -39.5 0 923.625 0
100 0.79767 -42.0 6 923.625 0
001 5.31371 -39.5 693 923.625 0
100 0.80994 -42.0 717 923.625 0
001 5.34439 -39.5 1386 923.625 0
100 0.82221 -42.0 1419 923.625 0
001 1.27627 -39.0 2077 920.625 0
100 3.07410 -41.5 2132 920.625 0
001 1.27627 -39.0 2774 920.625 0
100 3.00047 -41.5 2835 920.625 0
001 1.28854 -39.0 3480 920.625 0
100 3.12932 -41.5 3544 920.625 0
001 0.97561 -39.0 4166 921.625 0
100 2.41755 -41.5 4263 921.625 0
001 0.55837 -39.0 4854 921.625 0
100 2.67526 -41.5 4976 921.625 0
001 6.05616 -39.5 5539 922.625 0
001 6.26478 -39.5 6231 922.625 0
100 1.54012 -41.5 6394 922.625 0
001 6.03775 -39.5 6920 922.625 0
100 1.53398 -41.5 7106 922.625 0
001 5.45484 -39.5 7618 923.625 0
100 0.77926 -42.0 7814 923.625 0
001 5.35666 -39.5 8312 923.625 0
100 0.78540 -42.0 8517 923.625 0
001 1.18423 -39.0 9011 920.625 0
100 3.23977 -41.0 9222 920.625 0
001 1.39285 -39.0 9724 920.625 0
100 3.23977 -41.0 9946 920.625 0
001 0.50928 -39.5 20041 921.625 0
001 0.52769 -39.5 20733 921.625 0
100 2.30711 -41.5 20766 921.625 0
001 0.53383 -39.5 21420 921.625 0
001 6.10524 -39.5 22116 922.625 0
100 1.55852 -41.5 22196 922.625 0
001 6.08070 -39.5 22811 922.625 0
100 1.54012 -42.0 22913 922.625 0
001 6.07456 -39.5 23510 922.625 0
100 0.81608 -42.0 23639 923.625 0
001 5.31371 -39.5 24211 923.625 0
100 0.84062 -42.0 24362 923.625 0
001 5.31985 -39.5 24908 923.625 0
100 0.80994 -42.0 25072 923.625 0
001 1.57080 -39.0 25598 920.625 0
100 3.18454 -41.0 25793 920.625 0
001 1.26400 -39.5 26293 920.625 0
100 3.14773 -41.0 26504 920.625 0
001 1.17810 -39.5 26986 920.625 0
100 3.16000 -41.0 27210 920.625 0
001 0.44792 -39.5 27673 921.625 0
001 0.93880 -39.5 28378 921.625 0
001 6.06843 -39.5 29066 922.625 0
100 1.55239 -41.5 29375 922.625 0
001 6.11752 -39.5 29753 922.625 0
001 5.33825 -39.5 40070 923.625 0
100 0.78540 -41.5 40075 923.625 0
001 5.33212 -39.5 40781 923.625 0
100 0.76699 -41.5 40791 923.625 0
001 5.31985 -39.5 41469 923.625 0
100 0.81608 -41.5 41511 923.625 0
001 1.34377 -39.5 42163 920.625 0
100 3.04342 -41.0 42234 920.625 0
001 1.22105 -39.5 42851 920.625 0
100 3.31953 -41.0 42936 920.625 0
001 1.51557 -39.5 43552 920.625 0
001 0.50928 -39.5 44251 921.625 0
100 2.17212 -41.5 44375 921.625 0
001 0.53383 -39.5 44956 921.625 0
100 2.18439 -41.5 45080 921.625 0
001 6.07456 -39.5 45648 922.625 0
100 1.53398 -41.5 45810 922.625 0
001 6.09911 -39.5 46334 922.625 0
100 1.55852 -41.5 46537 922.625 0
001 6.08070 -39.5 47023 922.625 0
100 0.80994 -42.0 47260 923.625 0
001 5.34439 -40.0 47716 923.625 0
100 0.83449 -42.0 47967 923.625 0
001 5.36280 -39.5 48413 923.625 0
100 0.76699 -42.0 48681 923.625 0
001 1.57080 -39.5 49107 920.625 0
100 3.28272 -41.0 49400 920.625 0
001 1.45421 -39.5 49795 920.625 0
