001 5.36893 -43.0 0 923.625 0
101 0.20249 -47.0 5 923.625 0
100 4.55899 -45.5 10 923.625 0
001 5.44256 -47.0 683 923.625 0
101 0.32520 -44.5 710 923.625 0
100 3.58338 -47.0 723 923.625 0
001 5.27076 -43.5 1380 923.625 0
101 0.33134 -46.5 1407 923.625 0
100 3.70610 -39.5 1422 923.625 0
001 0.98175 -44.0 2069 920.625 0
101 2.17825 -46.5 2103 920.625 0
100 5.66346 -40.0 2113 920.625 0
001 1.10447 -44.0 2755 920.625 0
100 5.63278 -39.5 2797 920.625 0
101 2.15984 -46.5 2808 920.625 0
001 0.96334 -44.0 3450 920.625 0
100 5.61437 -39.5 3493 920.625 0
101 2.36847 -46.5 3516 920.625 0
001 0.40497 -43.5 4150 921.625 0
100 4.80443 -39.5 4184 921.625 0
101 1.44808 -46.5 4207 921.625 0
001 0.37429 -43.5 4829 921.625 0
100 4.90874 -39.5 4876 921.625 0
001 5.96412 -43.5 5509 922.625 0
100 4.34423 -39.5 5573 922.625 0
101 0.72404 -46.0 5595 922.625 0
001 6.09911 -43.0 6191 922.625 0
100 4.46082 -39.5 6263 922.625 0
101 0.87744 -46.0 6283 922.625 0
001 5.87821 -43.5 6872 922.625 0
100 4.30128 -39.5 6960 922.625 0
101 0.94493 -46.5 6975 922.625 0
001 5.12963 -43.5 7555 923.625 0
100 3.68769 -39.5 7642 923.625 0
101 0.09817 -46.0 7670 923.625 0
001 5.20326 -43.5 8245 923.625 0
100 3.80427 -39.5 8325 923.625 0
101 0.01841 -46.5 8365 923.625 0
001 5.38120 -43.5 8924 923.625 0
011 0.70563 -53.5 8982 920.625 0
100 5.54074 -39.5 9014 920.625 0
101 2.13530 -46.5 9064 920.625 0
001 0.92652 -43.0 9600 920.625 0
100 5.87208 -39.5 9704 920.625 0
011 0.49087 -53.5 9718 920.625 0
101 2.20893 -46.5 9757 920.625 0
100 5.06214 -39.0 20044 921.625 0
001 0.11045 -43.0 20050 921.625 0
101 1.57080 -46.5 20055 921.625 0
011 0.14726 -52.5 20060 921.625 0
001 0.38656 -43.0 20722 921.625 0
100 5.17258 -39.0 20731 921.625 0
101 1.56466 -47.0 20754 921.625 0
011 6.04388 -53.0 20791 921.625 0
001 0.34361 -43.0 21404 921.625 0
100 5.13577 -39.0 21427 921.625 0
101 1.36831 -47.0 21455 921.625 0
011 5.95185 -53.0 21527 921.625 0
001 6.20342 -43.5 22098 922.625 0
100 4.33810 -39.0 22116 922.625 0
101 0.88357 -47.0 22165 922.625 0
011 5.20940 -53.0 22258 922.625 0
001 0.01227 -43.5 22783 922.625 0
100 4.57126 -39.0 22798 922.625 0
101 0.82835 -47.0 22864 922.625 0
011 5.10509 -53.5 22995 922.625 0
001 5.98866 -43.5 23464 922.625 0
100 4.47922 -39.0 23491 922.625 0
101 1.29468 -47.0 23561 922.625 0
011 5.00691 -53.5 23729 923.625 0
001 5.42416 -44.0 24151 923.625 0
100 3.90858 -41.5 24183 923.625 0
101 0.10431 -46.0 24255 923.625 0
001 5.43643 -45.5 24844 923.625 0
101 0.19635 -46.0 24954 923.625 0
011 3.51588 -57.5 25079 923.625 0
001 1.12287 -45.5 25544 920.625 0
100 5.60823 -41.5 25575 920.625 0
011 5.25235 -56.0 26203 920.625 0
001 0.87744 -45.0 26230 920.625 0
100 5.57755 -39.0 26268 920.625 0
101 2.31324 -47.0 26350 920.625 0
001 1.14128 -45.0 26908 920.625 0
100 5.30757 -37.0 26966 920.625 0
011 5.28917 -55.0 27016 920.625 0
101 2.32551 -46.0 27035 920.625 0
001 0.35588 -45.0 27601 921.625 0
100 4.48536 -36.5 27665 921.625 0
101 1.63829 -47.0 27729 921.625 0
001 0.41724 -45.5 28296 921.625 0
100 4.23379 -36.0 28364 921.625 0
101 1.60761 -46.5 28431 921.625 0
001 0.50315 -45.0 28982 921.625 0
100 3.63860 -36.0 29056 922.625 0
101 0.88971 -47.0 29121 922.625 0
001 6.24023 -45.5 29675 922.625 0
100 3.60792 -36.0 29754 922.625 0
101 0.93266 -46.5 29804 922.625 0
100 3.74291 -41.0 40080 923.625 0
001 5.48552 -47.0 40085 923.625 0
011 4.01903 -49.5 40106 923.625 0
001 5.46711 -46.5 40775 923.625 0
100 3.82882 -40.5 40784 923.625 0
011 3.96994 -50.0 40789 923.625 0
001 5.52847 -47.5 41463 923.625 0
100 3.69383 -39.5 41473 923.625 0
011 4.28901 -50.0 41511 923.625 0
001 1.50330 -45.5 42150 920.625 0
100 6.08684 -39.0 42173 920.625 0
011 0.33134 -50.5 42205 920.625 0
001 1.29468 -44.5 42831 920.625 0
100 0.23317 -39.5 42863 920.625 0
011 0.55223 -49.5 42941 920.625 0
001 1.25786 -44.5 43519 920.625 0
100 0.11045 -39.5 43556 920.625 0
011 6.04388 -49.0 43673 921.625 0
001 0.52769 -44.5 44214 921.625 0
011 5.97639 -49.0 44404 921.625 0
001 0.71177 -45.0 44901 921.625 0
100 5.33212 -39.0 44944 921.625 0
011 6.01934 -49.5 45133 921.625 0
001 0.11658 -45.0 45595 922.625 0
100 5.06827 -39.0 45636 922.625 0
011 5.30144 -50.0 45864 922.625 0
001 6.05002 -45.0 46285 922.625 0
100 5.08054 -39.0 46319 922.625 0
011 5.15418 -49.5 46591 922.625 0
001 6.24637 -45.0 46986 922.625 0
100 4.93942 -39.0 47009 922.625 0
011 4.44241 -50.0 47323 923.625 0
001 5.35052 -45.0 47672 923.625 0
100 3.95153 -39.5 47705 923.625 0
011 4.35651 -50.0 48052 923.625 0
001 5.29530 -45.0 48358 923.625 0
100 3.92699 -39.5 48400 923.625 0
011 4.66330 -50.0 48779 923.625 0
001 5.33825 -45.0 49045 923.625 0
100 6.13592 -39.0 49091 920.625 0
011 0.36202 -49.5 49511 920.625 0
001 1.33150 -44.0 49736 920.625 0
100 6.06229 -39.0 49781 920.625 0
