100 3.09864 -38.5 0 923.625 0
101 0.65654 -47.5 5 923.625 0
001 0.76699 -47.5 12 923.625 0
100 3.11705 -38.5 664 923.625 0
101 0.52769 -47.5 678 923.625 0
001 0.77313 -47.0 694 923.625 0
100 3.03115 -38.5 1340 923.625 0
101 0.36816 -47.5 1356 923.625 0
001 0.77313 -47.0 1361 923.625 0
100 5.56528 -38.5 2012 920.625 0
001 3.33794 -48.0 2026 920.625 0
101 2.64458 -47.5 2036 920.625 0
100 5.42416 -38.5 2685 920.625 0
001 3.19682 -47.5 2695 920.625 0
101 2.66299 -47.5 2709 920.625 0
001 3.21522 -47.5 3369 920.625 0
100 5.39348 -38.5 3381 920.625 0
101 3.09251 -47.5 3391 920.625 0
001 2.67526 -47.5 4044 921.625 0
101 1.72419 -47.0 4064 921.625 0
001 2.88388 -47.0 4710 921.625 0
101 1.88373 -47.0 4739 921.625 0
100 4.89033 -38.5 4748 921.625 0
001 1.53398 -47.0 5388 922.625 0
101 1.22718 -47.0 5408 922.625 0
100 3.85950 -38.5 5418 922.625 0
001 1.54625 -47.0 6062 922.625 0
100 3.87790 -38.5 6080 922.625 0
101 1.58920 -47.0 6090 922.625 0
001 1.52171 -46.5 6738 922.625 0
100 3.78586 -38.5 6758 922.625 0
101 1.42967 -47.0 6768 922.625 0
001 0.73017 -46.5 7410 923.625 0
100 3.31340 -38.5 7430 923.625 0
101 0.48474 -47.5 7440 923.625 0
100 3.03728 -38.5 8105 923.625 0
001 0.63814 -46.5 8117 923.625 0
101 0.47860 -47.5 8126 923.625 0
100 2.91456 -39.0 8769 923.625 0
001 0.61359 -46.5 8788 923.625 0
101 0.53383 -47.5 8797 923.625 0
100 5.51619 -38.5 9432 920.625 0
001 3.12318 -47.5 9453 920.625 0
101 2.66299 -47.5 9464 920.625 0
001 2.28870 -46.0 20049 921.625 0
100 4.56513 -39.0 20054 921.625 0
101 1.72419 -47.5 20059 921.625 0
001 2.46664 -46.0 20720 921.625 0
101 1.64443 -47.0 20729 921.625 0
100 4.51604 -39.0 20739 921.625 0
101 1.72419 -47.0 21390 921.625 0
001 2.30711 -45.5 21400 921.625 0
100 4.35037 -39.0 21414 921.625 0
101 1.30082 -47.0 22063 922.625 0
001 1.36831 -45.5 22072 922.625 0
100 3.84109 -39.5 22086 922.625 0
101 1.17196 -47.0 22726 922.625 0
001 1.36217 -45.5 22740 922.625 0
100 3.57111 -39.0 22751 922.625 0
101 1.24559 -47.0 23399 922.625 0
100 3.51588 -39.5 23417 922.625 0
001 1.26400 -45.0 23422 922.625 0
101 0.42338 -47.5 24072 923.625 0
100 2.74889 -39.5 24082 923.625 0
001 0.57064 -45.5 24094 923.625 0
101 0.29452 -47.5 24736 923.625 0
100 2.58936 -39.5 24756 923.625 0
001 0.85289 -45.5 24774 923.625 0
101 0.39884 -47.5 25402 923.625 0
100 2.73662 -39.5 25420 923.625 0
001 2.96979 -46.0 25457 920.625 0
101 2.87161 -47.5 26067 920.625 0
100 4.86579 -39.5 26090 920.625 0
001 2.92070 -46.0 26120 920.625 0
101 2.73049 -47.5 26735 920.625 0
100 4.85965 -40.0 26764 920.625 0
001 3.11091 -45.5 26785 920.625 0
101 1.67511 -47.0 27404 921.625 0
100 4.25833 -40.0 27423 921.625 0
001 2.04326 -45.5 27450 921.625 0
101 1.58920 -47.0 28072 921.625 0
100 4.24606 -40.0 28090 921.625 0
001 2.24575 -45.5 28118 921.625 0
101 1.76101 -47.0 28748 921.625 0
100 4.66944 -40.0 28777 921.625 0
001 2.05553 -45.0 28786 921.625 0
101 1.19037 -47.0 29422 922.625 0
100 3.22136 -40.5 29456 922.625 0
001 1.19037 -45.0 29470 922.625 0
001 0.30680 -45.5 40095 923.625 0
100 2.46664 -41.0 40100 923.625 0
101 0.44792 -47.0 40105 923.625 0
001 0.37429 -45.5 40765 923.625 0
100 2.42983 -41.0 40777 923.625 0
101 0.81608 -47.0 40787 923.625 0
001 0.23930 -46.0 41426 923.625 0
101 0.58291 -47.0 41454 923.625 0
100 2.46664 -41.0 41469 923.625 0
001 2.98206 -45.5 42099 920.625 0
101 2.69367 -47.0 42122 920.625 0
100 4.70012 -41.5 42157 920.625 0
001 2.85320 -46.0 42770 920.625 0
101 2.63231 -47.0 42793 920.625 0
100 4.69398 -41.5 42832 920.625 0
001 2.88388 -46.0 43451 920.625 0
101 2.95751 -47.0 43475 920.625 0
100 4.68171 -41.5 43518 920.625 0
001 1.89600 -45.5 44133 921.625 0
101 1.88986 -46.5 44146 921.625 0
100 4.08652 -41.5 44204 921.625 0
001 2.00645 -45.5 44807 921.625 0
101 1.77328 -47.0 44816 921.625 0
100 4.06812 -41.5 44880 921.625 0
001 1.45421 -46.0 45480 922.625 0
101 1.17196 -46.5 45490 922.625 0
100 3.15386 -41.5 45549 922.625 0
001 1.19037 -46.0 46148 922.625 0
101 1.13515 -46.5 46162 922.625 0
100 3.17841 -41.5 46217 922.625 0
001 1.31309 -46.0 46820 922.625 0
101 1.39899 -47.0 46840 922.625 0
100 3.16000 -42.0 46888 922.625 0
001 0.53996 -46.5 47503 923.625 0
101 0.44792 -47.0 47523 923.625 0
100 2.44210 -41.5 47557 923.625 0
001 0.38043 -47.0 48177 923.625 0
101 0.47860 -47.0 48193 923.625 0
100 2.37460 -41.5 48237 923.625 0
001 0.38656 -47.0 48841 923.625 0
101 0.49087 -47.0 48860 923.625 0
100 2.40528 -41.5 48908 923.625 0
001 3.05569 -47.0 49510 920.625 0
101 2.65072 -46.5 49533 920.625 0
100 4.68785 -41.5 49594 920.625 0
