001 0.61359 -48.5 0 923.625 0
100 0.20862 -48.0 10 923.625 0
011 3.22136 -53.0 15 923.625 0
001 0.52155 -48.5 640 923.625 0
101 3.37476 -67.5 650 923.625 0
100 0.17794 -47.5 661 923.625 0
011 3.47907 -53.0 687 923.625 0
001 0.61973 -48.5 1277 923.625 0
100 0.09817 -48.0 1307 923.625 0
011 3.32567 -53.0 1364 923.625 0
001 3.01274 -47.5 1919 920.625 0
101 2.80412 -58.5 1946 920.625 0
100 2.62618 -46.5 1956 920.625 0
011 5.57142 -52.5 2044 920.625 0
001 2.98819 -47.5 2583 920.625 0
101 3.16614 -59.0 2609 920.625 0
100 2.65072 -46.0 2619 920.625 0
011 5.64505 -53.0 2717 920.625 0
001 2.96979 -47.5 3223 920.625 0
101 2.79798 -58.5 3260 920.625 0
100 2.46664 -46.0 3265 920.625 0
011 5.19713 -53.0 3394 920.625 0
001 2.48505 -47.5 3863 921.625 0
101 1.52784 -63.5 3904 921.625 0
001 2.54641 -47.5 4499 921.625 0
101 1.99418 -62.5 4548 921.625 0
001 2.62004 -47.5 5135 921.625 0
101 1.87759 -62.5 5190 921.625 0
011 4.03130 -53.5 5410 922.625 0
001 1.38058 -47.5 5774 922.625 0
100 0.98175 -47.5 5847 922.625 0
011 4.00062 -53.0 6077 922.625 0
001 1.39899 -47.5 6419 922.625 0
100 1.43581 -47.5 6500 922.625 0
011 3.96381 -53.0 6746 922.625 0
001 1.40513 -47.5 7055 922.625 0
100 1.00016 -47.0 7144 922.625 0
011 3.48520 -53.0 7423 923.625 0
001 0.68722 -48.0 7705 923.625 0
100 0.31293 -47.5 7792 923.625 0
011 3.44839 -53.0 8093 923.625 0
001 0.65654 -48.0 8346 923.625 0
100 0.11045 -47.5 8431 923.625 0
101 4.09266 -67.5 8538 923.625 0
011 3.34408 -53.0 8763 923.625 0
001 2.96365 -47.5 8999 920.625 0
100 2.67526 -46.5 9083 920.625 0
101 2.67526 -59.5 9189 920.625 0
011 5.40575 -53.0 9443 920.625 0
001 2.95751 -47.5 9648 920.625 0
100 2.52800 -46.5 9723 920.625 0
101 2.79185 -59.0 9832 920.625 0
001 2.62004 -47.5 20039 921.625 0
101 1.62602 -64.0 20050 921.625 0
001 2.67526 -47.5 20672 921.625 0
101 1.61988 -63.5 20705 921.625 0
001 2.42983 -47.5 21317 921.625 0
101 2.65685 -63.0 21350 921.625 0
001 1.43581 -47.5 21970 922.625 0
100 0.90198 -47.5 21980 922.625 0
011 4.05585 -53.0 22076 922.625 0
001 1.38058 -47.5 22617 922.625 0
100 0.90198 -47.5 22631 922.625 0
011 4.03130 -53.0 22749 922.625 0
001 1.37445 -48.0 23256 922.625 0
100 1.06765 -47.0 23270 922.625 0
011 4.13561 -53.0 23416 922.625 0
101 3.65701 -65.0 23626 923.625 0
001 0.63200 -48.0 23910 923.625 0
100 0.30066 -48.0 23919 923.625 0
011 3.47293 -53.0 24091 923.625 0
101 3.89631 -64.5 24268 923.625 0
001 0.57678 -48.0 24552 923.625 0
100 0.15340 -47.5 24571 923.625 0
011 3.27045 -53.0 24767 923.625 0
101 3.66928 -66.0 24911 923.625 0
001 0.58291 -48.0 25200 923.625 0
100 0.16567 -48.0 25213 923.625 0
011 5.18486 -53.0 25444 920.625 0
101 2.99433 -59.5 25566 920.625 0
001 2.92070 -47.5 25831 920.625 0
100 2.40528 -46.5 25860 920.625 0
011 5.55915 -53.0 26115 920.625 0
101 2.90843 -59.5 26211 920.625 0
001 2.93297 -47.5 26479 920.625 0
100 2.30097 -46.5 26502 920.625 0
011 5.39348 -53.5 26788 920.625 0
101 2.71208 -60.0 26865 920.625 0
100 2.60777 -46.5 27142 920.625 0
011 4.49150 -53.0 27467 921.625 0
101 1.84078 -63.5 27514 921.625 0
001 2.42983 -47.5 27741 921.625 0
101 1.50330 -63.5 28176 921.625 0
001 2.35619 -47.5 28387 921.625 0
011 4.52218 -53.0 28814 921.625 0
101 1.57080 -65.0 28832 921.625 0
001 1.58307 -48.0 29032 922.625 0
100 1.16583 -47.5 29074 922.625 0
011 4.40559 -53.0 29489 922.625 0
001 1.47876 -47.5 29682 922.625 0
100 1.31309 -47.5 29726 922.625 0
011 3.43612 -52.5 40081 923.625 0
100 0.09204 -48.0 40091 923.625 0
001 0.55223 -48.5 40098 923.625 0
100 0.15953 -48.0 40735 923.625 0
001 0.49087 -48.0 40752 923.625 0
011 3.27045 -53.0 40763 923.625 0
100 0.27612 -48.0 41383 923.625 0
001 0.53996 -48.0 41397 923.625 0
101 3.88404 -63.0 41410 923.625 0
011 3.57111 -53.0 41442 923.625 0
100 2.49118 -46.5 42035 920.625 0
001 2.90229 -47.5 42050 920.625 0
101 2.91456 -60.0 42060 920.625 0
011 5.44256 -52.5 42121 920.625 0
100 2.61390 -46.5 42682 920.625 0
001 2.90229 -47.5 42699 920.625 0
101 2.55254 -61.0 42717 920.625 0
011 5.22781 -53.0 42792 920.625 0
100 2.37460 -46.5 43328 920.625 0
001 2.89616 -47.5 43347 920.625 0
101 2.73662 -60.0 43367 920.625 0
011 5.47938 -53.0 43473 920.625 0
001 2.13530 -47.5 43982 921.625 0
011 4.46695 -53.0 44150 921.625 0
001 2.33165 -47.5 44623 921.625 0
101 2.32551 -65.0 44664 921.625 0
011 4.49150 -53.0 44832 921.625 0
001 2.15984 -47.5 45265 921.625 0
011 4.19697 -53.0 45506 922.625 0
001 1.38058 -47.5 45915 922.625 0
100 0.98788 -47.5 45931 922.625 0
011 4.17243 -52.5 46185 922.625 0
001 1.33763 -47.5 46551 922.625 0
100 0.91425 -47.5 46581 922.625 0
011 4.19697 -53.0 46861 922.625 0
001 1.28241 -47.5 47193 922.625 0
100 0.98788 -47.0 47226 922.625 0
011 3.32567 -53.0 47543 923.625 0
001 0.53996 -48.0 47830 923.625 0
100 0.20862 -48.0 47868 923.625 0
011 3.60179 -53.0 48215 923.625 0
001 0.52155 -48.0 48470 923.625 0
100 0.28839 -48.0 48520 923.625 0
011 3.37476 -52.5 48888 923.625 0
001 3.12318 -47.5 49118 920.625 0
100 2.35006 -46.5 49173 920.625 0
101 2.53414 -60.0 49233 920.625 0
011 5.43029 -53.0 49554 920.625 0
001 3.06183 -47.5 49767 920.625 0
100 2.49732 -46.5 49816 920.625 0
101 2.78571 -60.0 49886 920.625 0
