001 4.95783 -36.5 0 921.625 0
100 2.98819 -37.5 5 921.625 0
101 3.12318 -43.0 10 921.625 0
011 5.92117 -43.0 16 921.625 0
001 4.74307 -37.0 481 921.625 0
100 2.92684 -37.0 491 921.625 0
101 3.14773 -43.0 501 921.625 0
011 5.83526 -43.0 510 921.625 0
100 2.58936 -37.0 965 921.625 0
001 4.79216 -37.0 984 921.625 0
101 3.20295 -43.0 989 921.625 0
011 5.70641 -43.5 999 921.625 0
100 2.79798 -37.0 1453 921.625 0
101 3.13546 -43.0 1476 921.625 0
001 4.79216 -37.0 1485 921.625 0
011 5.68800 -43.5 1499 921.625 0
100 2.23961 -37.5 1926 922.625 0
101 2.37460 -43.0 1967 922.625 0
001 4.04971 -37.5 1980 922.625 0
011 4.97010 -43.0 1990 922.625 0
100 2.02485 -37.5 2408 922.625 0
101 2.42983 -43.0 2445 922.625 0
001 4.04971 -37.5 2456 922.625 0
011 5.06214 -43.0 2488 922.625 0
100 2.22734 -37.5 2882 922.625 0
101 2.35006 -43.0 2932 922.625 0
001 3.98221 -37.5 2946 922.625 0
011 5.11736 -43.0 2987 922.625 0
100 2.17212 -37.5 3357 922.625 0
101 2.42983 -43.0 3422 922.625 0
001 4.02517 -37.5 3437 922.625 0
011 4.99464 -43.5 3496 922.625 0
100 1.23332 -37.5 3845 923.625 0
101 1.69965 -42.5 3904 923.625 0
001 3.27658 -38.0 3927 923.625 0
011 4.31355 -43.5 4007 923.625 0
100 1.30082 -37.5 4319 923.625 0
101 1.61988 -43.0 4387 923.625 0
001 3.26431 -38.0 4412 923.625 0
011 4.62649 -43.5 4504 923.625 0
100 1.58920 -37.5 4797 923.625 0
101 1.60761 -43.0 4868 923.625 0
001 3.28885 -38.0 4918 923.625 0
011 4.43014 -43.5 5003 923.625 0
100 1.45421 -37.5 5271 923.625 0
101 1.63829 -43.0 5356 923.625 0
001 5.57755 -36.0 5413 920.625 0
011 6.24637 -43.5 5496 920.625 0
100 3.28885 -37.0 5748 920.625 0
101 4.16016 -42.5 5842 920.625 0
001 5.93344 -36.0 5901 920.625 0
011 6.26478 -43.5 5991 920.625 0
100 3.33181 -37.5 6230 920.625 0
101 4.18470 -42.5 6328 920.625 0
001 5.97639 -36.0 6393 920.625 0
011 6.27091 -43.5 6490 920.625 0
100 3.30726 -37.5 6705 920.625 0
101 4.23992 -43.0 6826 920.625 0
001 5.89662 -36.0 6880 920.625 0
011 6.24023 -43.5 6984 920.625 0
100 2.68140 -37.5 7182 921.625 0
101 3.11705 -43.0 7322 921.625 0
001 4.70012 -37.0 7369 921.625 0
011 5.66346 -43.5 7478 921.625 0
100 2.67526 -37.5 7662 921.625 0
101 3.10478 -43.0 7806 921.625 0
001 4.71239 -37.0 7860 921.625 0
011 5.87821 -43.5 7979 921.625 0
100 2.79798 -37.5 8140 921.625 0
101 3.11705 -43.0 8301 921.625 0
001 4.75534 -37.0 8355 921.625 0
011 5.97025 -43.5 8489 921.625 0
100 2.65685 -37.5 8624 921.625 0
101 3.12318 -43.0 8786 921.625 0
001 4.69398 -37.0 8840 921.625 0
011 4.87806 -43.5 8988 922.625 0
101 2.39301 -43.0 9277 922.625 0
001 4.07425 -38.0 9326 922.625 0
011 5.03146 -43.5 9481 922.625 0
100 2.15984 -37.5 9572 922.625 0
101 2.35006 -43.0 9763 922.625 0
001 3.96381 -38.0 9813 922.625 0
011 4.90260 -43.0 9986 922.625 0
100 0.92652 -38.0 20042 923.625 0
001 3.33794 -38.5 20047 923.625 0
101 1.83464 -43.0 20052 923.625 0
011 3.92085 -44.0 20057 923.625 0
100 1.14128 -38.0 20526 923.625 0
001 3.64474 -38.5 20544 923.625 0
101 1.95122 -43.5 20556 923.625 0
011 3.91472 -44.0 20568 923.625 0
100 0.96334 -38.0 21008 923.625 0
101 2.00645 -43.0 21043 923.625 0
001 3.74291 -38.5 21052 923.625 0
011 3.93926 -44.0 21071 923.625 0
100 1.22105 -38.0 21493 923.625 0
101 1.74260 -43.0 21540 923.625 0
001 3.34408 -38.5 21555 923.625 0
011 3.92699 -44.0 21583 923.625 0
100 3.30113 -37.5 21973 920.625 0
101 4.05585 -42.5 22030 920.625 0
001 5.96412 -36.5 22045 920.625 0
011 6.23410 -43.5 22083 920.625 0
100 3.28272 -37.5 22455 920.625 0
101 4.20924 -42.5 22518 920.625 0
001 5.97639 -36.5 22541 920.625 0
011 6.25864 -43.5 22583 920.625 0
100 3.25818 -37.5 22935 920.625 0
101 4.28287 -42.5 23003 920.625 0
001 5.93344 -36.5 23023 920.625 0
011 6.25864 -43.5 23083 920.625 0
100 3.27045 -37.5 23415 920.625 0
101 4.25219 -43.0 23484 920.625 0
001 5.63891 -36.5 23513 920.625 0
011 6.25864 -43.5 23589 920.625 0
100 2.78571 -37.5 23897 921.625 0
101 3.09864 -43.0 23984 921.625 0
001 4.67557 -37.5 23998 921.625 0
011 5.63278 -43.5 24088 921.625 0
100 2.74276 -37.5 24381 921.625 0
101 3.12932 -43.0 24472 921.625 0
001 4.70625 -37.5 24493 921.625 0
011 5.85981 -43.5 24587 921.625 0
100 2.87161 -37.5 24861 921.625 0
101 3.11091 -43.5 24958 921.625 0
001 4.66944 -37.5 24985 921.625 0
011 5.81686 -43.5 25092 921.625 0
100 2.66299 -37.5 25342 921.625 0
101 2.30711 -43.0 25448 922.625 0
001 3.95767 -38.5 25481 922.625 0
011 5.07441 -43.5 25594 922.625 0
100 1.85305 -37.5 25830 922.625 0
101 2.33779 -43.0 25943 922.625 0
001 3.93313 -38.5 25976 922.625 0
011 5.19099 -43.5 26092 922.625 0
100 1.87146 -37.5 26314 922.625 0
101 2.35006 -43.5 26433 922.625 0
001 3.95767 -38.0 26460 922.625 0
011 5.01305 -43.5 26590 922.625 0
100 2.11076 -38.0 26795 922.625 0
101 2.34392 -43.0 26922 922.625 0
001 3.92085 -38.5 26952 922.625 0
011 5.12963 -43.5 27089 922.625 0
100 1.31922 -38.0 27283 923.625 0
101 1.95122 -43.0 27417 923.625 0
001 3.73678 -39.0 27441 923.625 0
011 3.95153 -44.0 27591 923.625 0
100 0.96334 -38.0 27761 923.625 0
101 1.74874 -43.0 27906 923.625 0
001 3.45452 -38.5 27922 923.625 0
011 3.92699 -44.0 28092 923.625 0
100 0.96948 -38.0 28252 923.625 0
101 1.89600 -43.0 28401 923.625 0
001 3.64474 -39.0 28417 923.625 0
011 3.94540 -44.0 28595 923.625 0
100 1.09219 -38.0 28733 923.625 0
101 1.84691 -43.0 28895 923.625 0
001 3.28885 -39.0 28911 923.625 0
011 6.24023 -43.5 29097 920.625 0
100 3.23977 -37.5 29216 920.625 0
101 4.22765 -42.5 29396 920.625 0
001 5.66959 -36.5 29406 920.625 0
011 6.25251 -43.5 29609 920.625 0
100 3.20295 -37.5 29693 920.625 0
101 4.05585 -42.5 29880 920.625 0
001 5.65119 -36.5 29894 920.625 0
011 5.74322 -44.0 40073 921.625 0
001 4.68785 -38.0 40078 921.625 0
100 2.66299 -37.5 40084 921.625 0
101 3.09251 -43.0 40089 921.625 0
100 2.68753 -37.5 40563 921.625 0
001 4.68171 -38.0 40580 921.625 0
011 5.78004 -44.0 40589 921.625 0
101 3.11091 -43.0 40594 921.625 0
100 2.56482 -37.5 41042 921.625 0
001 4.70012 -37.5 41070 921.625 0
011 5.82299 -44.0 41089 921.625 0
101 3.11091 -43.0 41094 921.625 0
100 2.85934 -37.5 41540 921.625 0
001 4.68785 -38.0 41572 921.625 0
011 5.71254 -44.0 41599 921.625 0
101 3.03115 -43.5 41605 921.625 0
100 1.78555 -37.5 42022 922.625 0
001 3.92085 -38.5 42060 922.625 0
101 2.30711 -43.0 42096 922.625 0
011 5.12963 -43.5 42110 922.625 0
100 1.77942 -38.0 42503 922.625 0
001 3.93313 -38.5 42554 922.625 0
101 2.32551 -43.0 42589 922.625 0
011 5.39348 -44.0 42613 922.625 0
100 1.95122 -38.0 42991 922.625 0
001 3.98221 -38.5 43040 922.625 0
101 2.32551 -43.0 43085 922.625 0
011 5.13577 -44.0 43119 922.625 0
100 2.00645 -38.0 43476 922.625 0
001 3.92085 -38.5 43550 922.625 0
101 2.32551 -43.5 43580 922.625 0
011 5.17258 -44.0 43622 922.625 0
100 0.87744 -38.5 43963 923.625 0
001 3.36249 -39.0 44051 923.625 0
101 1.70579 -43.5 44083 923.625 0
011 3.91472 -44.5 44129 923.625 0
100 0.88357 -38.5 44445 923.625 0
001 3.38703 -39.0 44537 923.625 0
101 1.74260 -43.5 44574 923.625 0
011 3.92085 -44.5 44640 923.625 0
100 0.89584 -38.5 44935 923.625 0
001 3.49134 -39.0 45032 923.625 0
101 2.25188 -43.5 45077 923.625 0
011 3.93313 -44.5 45149 923.625 0
100 0.96948 -38.5 45424 923.625 0
001 5.84140 -37.0 45528 920.625 0
101 4.27060 -43.0 45570 920.625 0
100 3.19068 -37.5 45915 920.625 0
001 5.64505 -37.0 46021 920.625 0
101 3.98835 -43.0 46066 920.625 0
011 6.21569 -43.5 46158 920.625 0
100 3.25818 -37.5 46399 920.625 0
001 5.79845 -37.0 46511 920.625 0
101 3.90858 -42.5 46564 920.625 0
100 3.19068 -37.5 46883 920.625 0
001 6.09911 -37.0 47003 920.625 0
101 4.19084 -43.0 47062 920.625 0
100 2.88388 -38.0 47359 921.625 0
001 4.68785 -38.0 47498 921.625 0
101 3.03115 -43.5 47549 921.625 0
011 5.89662 -44.0 47681 921.625 0
100 2.87161 -38.0 47848 921.625 0
001 4.66944 -38.0 47989 921.625 0
011 5.61437 -44.0 48189 921.625 0
100 2.62004 -38.0 48330 921.625 0
001 4.68785 -38.0 48482 921.625 0
101 3.01274 -43.0 48539 921.625 0
011 5.83526 -44.0 48695 921.625 0
100 2.69981 -38.0 48812 921.625 0
001 4.70012 -38.0 48977 921.625 0
011 4.87192 -44.0 49204 922.625 0
100 2.01258 -38.0 49297 922.625 0
001 3.90245 -38.5 49474 922.625 0
101 2.31324 -43.5 49536 922.625 0
011 5.39961 -44.0 49714 922.625 0
100 2.03713 -38.0 49787 922.625 0
001 3.92085 -39.0 49974 922.625 0
101 2.30711 -43.5 50040 922.625 0
