011 4.60194 -41.5 0 923.625 0
001 3.50975 -34.5 5 923.625 0
100 1.38058 -36.5 12 923.625 0
101 2.56482 -42.0 17 923.625 0
100 1.39285 -36.5 463 923.625 0
001 3.57111 -34.5 469 923.625 0
011 4.40559 -41.5 484 923.625 0
101 2.09849 -41.5 489 923.625 0
100 1.40513 -36.5 921 923.625 0
001 3.54656 -35.0 946 923.625 0
011 4.63876 -41.5 956 923.625 0
101 2.47891 -42.0 965 923.625 0
100 1.38672 -36.5 1372 923.625 0
001 3.58338 -35.0 1410 923.625 0
101 2.57709 -41.5 1435 923.625 0
011 4.29515 -41.5 1440 923.625 0
100 4.03744 -36.0 1830 920.625 0
001 5.89049 -32.5 1871 920.625 0
101 4.84738 -42.0 1898 920.625 0
011 0.52769 -41.5 1925 920.625 0
100 3.84722 -36.0 2294 920.625 0
001 5.85367 -32.5 2333 920.625 0
101 4.37491 -41.5 2356 920.625 0
011 0.42338 -41.5 2392 920.625 0
100 3.94540 -35.5 2753 920.625 0
001 5.81072 -33.0 2792 920.625 0
101 4.38105 -42.0 2827 920.625 0
011 0.38656 -41.5 2864 920.625 0
100 3.92699 -35.5 3204 920.625 0
001 5.90276 -33.0 3255 920.625 0
101 4.55899 -42.0 3300 920.625 0
011 0.42951 -41.5 3331 920.625 0
100 2.90843 -36.0 3668 921.625 0
001 4.85965 -33.5 3716 921.625 0
101 4.14788 -41.5 3766 921.625 0
011 5.83526 -41.5 3800 921.625 0
100 2.89002 -36.0 4128 921.625 0
001 5.03146 -33.5 4180 921.625 0
101 3.63247 -42.0 4233 921.625 0
011 5.86594 -41.5 4267 921.625 0
100 3.33181 -36.0 4582 921.625 0
001 5.07441 -33.5 4637 921.625 0
101 3.70610 -42.0 4703 921.625 0
011 5.92117 -41.5 4746 921.625 0
100 2.91456 -36.0 5031 921.625 0
001 5.08054 -33.5 5093 921.625 0
101 3.68769 -42.0 5159 921.625 0
011 0.01841 -41.5 5217 921.625 0
100 2.08621 -36.0 5487 922.625 0
001 4.31969 -34.0 5554 922.625 0
101 2.77344 -41.5 5619 922.625 0
011 5.16031 -41.5 5684 922.625 0
100 2.21507 -36.0 5941 922.625 0
001 4.47309 -34.0 6024 922.625 0
101 2.91456 -42.0 6093 922.625 0
011 5.40575 -41.5 6166 922.625 0
100 2.20893 -36.0 6411 922.625 0
001 4.31355 -34.5 6483 922.625 0
101 3.27658 -41.5 6552 922.625 0
011 5.21553 -41.5 6635 922.625 0
100 2.14144 -36.0 6862 922.625 0
001 4.06198 -34.0 6941 922.625 0
101 2.84707 -41.5 7009 922.625 0
011 5.23394 -41.5 7106 922.625 0
100 1.70579 -36.5 7316 923.625 0
001 3.57111 -35.0 7406 923.625 0
101 2.01872 -41.5 7474 923.625 0
011 4.30742 -41.5 7587 923.625 0
100 1.57693 -36.5 7773 923.625 0
001 3.53429 -35.0 7861 923.625 0
101 2.02485 -41.5 7944 923.625 0
011 4.43627 -41.5 8060 923.625 0
100 1.39285 -36.5 8224 923.625 0
001 3.48520 -35.0 8333 923.625 0
101 2.35619 -41.5 8413 923.625 0
011 4.51604 -41.5 8541 923.625 0
100 1.46649 -36.5 8682 923.625 0
001 3.47293 -35.0 8797 923.625 0
101 2.35619 -41.5 8884 923.625 0
011 0.13499 -41.5 9016 920.625 0
100 4.12334 -35.5 9141 920.625 0
001 5.84753 -33.0 9267 920.625 0
101 4.30742 -42.0 9354 920.625 0
011 0.34975 -41.5 9499 920.625 0
100 3.71837 -35.5 9596 920.625 0
001 5.87208 -33.0 9730 920.625 0
101 4.35037 -42.0 9824 920.625 0
011 0.34975 -41.5 9972 920.625 0
100 3.09864 -36.0 20044 921.625 0
011 5.89662 -41.5 20049 921.625 0
101 3.74905 -41.5 20055 921.625 0
001 5.06827 -34.0 20060 921.625 0
100 2.90229 -36.0 20505 921.625 0
101 3.59565 -41.5 20520 921.625 0
011 5.97639 -42.0 20529 921.625 0
001 5.04986 -34.0 20534 921.625 0
100 3.05569 -36.0 20965 921.625 0
101 3.76132 -41.5 20983 921.625 0
001 5.28303 -34.0 21003 921.625 0
011 6.03775 -41.5 21008 921.625 0
100 2.90229 -36.0 21420 921.625 0
101 3.68769 -41.5 21445 921.625 0
001 5.03146 -34.0 21469 921.625 0
011 5.91503 -41.5 21489 921.625 0
100 2.06167 -36.5 21884 922.625 0
101 3.08023 -41.5 21911 922.625 0
001 4.28901 -34.5 21936 922.625 0
011 5.03146 -42.0 21967 922.625 0
100 2.07394 -36.5 22343 922.625 0
101 3.11705 -41.5 22389 922.625 0
001 3.99449 -35.0 22400 922.625 0
011 5.35666 -42.0 22450 922.625 0
100 2.06781 -36.5 22804 922.625 0
101 3.08023 -41.5 22849 922.625 0
001 4.04971 -35.0 22863 922.625 0
011 5.29530 -41.5 22939 922.625 0
100 2.33779 -36.5 23266 922.625 0
101 2.78571 -41.5 23311 922.625 0
001 4.27060 -34.5 23325 922.625 0
011 5.33825 -42.0 23415 922.625 0
100 1.76715 -36.5 23741 923.625 0
101 2.16598 -41.5 23782 923.625 0
001 3.47907 -35.5 23794 923.625 0
011 4.50377 -42.0 23887 923.625 0
100 1.37445 -36.5 24204 923.625 0
101 2.22120 -41.5 24251 923.625 0
001 3.51588 -35.5 24267 923.625 0
011 4.39946 -42.0 24362 923.625 0
100 1.35604 -36.5 24666 923.625 0
101 2.05553 -42.0 24712 923.625 0
001 3.36862 -35.5 24730 923.625 0
011 4.35651 -42.0 24839 923.625 0
100 1.34990 -36.5 25121 923.625 0
101 2.30097 -41.5 25176 923.625 0
001 3.46066 -35.5 25205 923.625 0
011 4.50377 -42.0 25312 923.625 0
100 3.66928 -36.0 25582 920.625 0
101 4.26447 -41.5 25638 920.625 0
001 6.00707 -33.5 25674 920.625 0
011 0.10431 -41.5 25793 920.625 0
100 3.92699 -36.0 26055 920.625 0
101 4.27060 -42.0 26111 920.625 0
001 5.87208 -33.5 26143 920.625 0
011 0.04295 -42.0 26265 920.625 0
100 3.62019 -36.0 26526 920.625 0
101 4.30742 -42.0 26584 920.625 0
001 5.82913 -33.5 26616 920.625 0
011 0.42338 -42.0 26755 920.625 0
100 3.82882 -36.0 27001 920.625 0
101 4.51604 -41.5 27047 920.625 0
001 5.92117 -33.5 27092 920.625 0
011 6.16047 -42.0 27245 921.625 0
101 3.64474 -42.0 27516 921.625 0
001 4.99464 -34.0 27553 921.625 0
011 5.82913 -42.0 27723 921.625 0
100 3.05569 -36.0 27925 921.625 0
101 3.63860 -41.5 27987 921.625 0
001 5.14804 -34.0 28014 921.625 0
011 5.91503 -42.0 28199 921.625 0
101 3.62019 -42.0 28453 921.625 0
001 4.86579 -34.0 28485 921.625 0
011 5.84140 -42.0 28675 921.625 0
100 2.81639 -36.0 28848 921.625 0
101 3.63247 -42.0 28918 921.625 0
001 4.83511 -34.0 28950 921.625 0
011 5.17872 -42.0 29151 922.625 0
100 2.06781 -36.5 29306 922.625 0
101 3.14159 -41.5 29385 922.625 0
001 4.28901 -35.0 29412 922.625 0
011 5.14190 -42.0 29636 922.625 0
100 2.04326 -36.5 29773 922.625 0
101 3.19068 -41.5 29852 922.625 0
001 4.23379 -35.0 29882 922.625 0
001 3.45452 -36.0 40068 923.625 0
011 4.35651 -42.0 40074 923.625 0
101 2.35619 -41.5 40079 923.625 0
001 3.25818 -36.0 40527 923.625 0
100 1.34377 -37.0 40536 923.625 0
101 2.01258 -41.5 40546 923.625 0
011 4.41173 -42.0 40560 923.625 0
001 3.48520 -36.0 41020 923.625 0
101 2.35006 -41.5 41033 923.625 0
011 4.47922 -42.0 41051 923.625 0
100 1.29468 -37.0 41479 923.625 0
001 3.45452 -36.0 41495 923.625 0
101 2.08621 -42.0 41509 923.625 0
011 4.32583 -42.5 41530 923.625 0
100 3.63247 -36.0 41939 920.625 0
001 6.20955 -34.0 41966 920.625 0
101 4.55285 -42.0 41981 920.625 0
011 0.30680 -42.0 42021 920.625 0
100 3.66928 -36.0 42401 920.625 0
001 5.95798 -34.0 42439 920.625 0
101 4.28287 -42.0 42462 920.625 0
011 0.33748 -42.0 42504 920.625 0
100 3.64474 -36.0 42861 920.625 0
001 5.89662 -34.0 42906 920.625 0
101 4.33810 -42.0 42933 920.625 0
011 0.16567 -42.5 42996 920.625 0
100 3.57724 -36.0 43318 920.625 0
001 6.20342 -34.0 43380 920.625 0
101 4.79216 -42.0 43403 920.625 0
011 0.28839 -42.0 43470 920.625 0
100 3.20295 -36.5 43782 921.625 0
001 4.87192 -34.5 43854 921.625 0
101 3.57111 -42.0 43878 921.625 0
011 5.99480 -42.0 43962 921.625 0
100 2.82252 -36.5 44236 921.625 0
001 4.79829 -34.5 44327 921.625 0
101 3.49748 -42.0 44350 921.625 0
011 5.87208 -42.5 44445 921.625 0
001 4.87192 -34.5 44804 921.625 0
101 3.60179 -42.0 44827 921.625 0
011 6.03161 -42.0 44928 921.625 0
100 2.82866 -36.5 45178 921.625 0
001 4.87806 -34.5 45278 921.625 0
101 3.48520 -42.0 45294 921.625 0
011 5.93344 -42.0 45412 921.625 0
100 2.08621 -36.5 45656 922.625 0
001 4.23379 -35.5 45749 922.625 0
101 2.73049 -42.0 45777 922.625 0
011 5.16645 -42.0 45898 922.625 0
100 2.08621 -36.5 46116 922.625 0
001 4.05585 -35.5 46225 922.625 0
101 2.70594 -42.0 46254 922.625 0
011 5.06827 -42.0 46397 922.625 0
100 2.11076 -36.5 46573 922.625 0
001 4.03744 -35.5 46692 922.625 0
101 2.70594 -42.0 46726 922.625 0
011 5.09895 -42.0 46878 922.625 0
100 2.01872 -36.5 47055 922.625 0
001 4.01903 -35.5 47163 922.625 0
101 2.76117 -42.0 47195 922.625 0
011 4.32583 -42.0 47367 923.625 0
100 1.25786 -37.0 47522 923.625 0
001 3.31953 -36.0 47636 923.625 0
101 1.95122 -42.0 47663 923.625 0
011 4.39946 -42.0 47865 923.625 0
100 1.27014 -37.0 47999 923.625 0
001 3.34408 -36.0 48105 923.625 0
101 2.04326 -42.0 48130 923.625 0
011 4.44854 -42.5 48344 923.625 0
100 1.30082 -37.0 48464 923.625 0
001 3.46680 -36.0 48574 923.625 0
101 1.92668 -42.0 48597 923.625 0
011 4.47309 -42.5 48827 923.625 0
100 1.49717 -37.0 48932 923.625 0
001 5.90276 -34.5 49044 920.625 0
101 4.32583 -42.0 49081 920.625 0
011 0.08590 -42.5 49309 920.625 0
100 3.92699 -36.0 49398 920.625 0
001 5.82299 -34.0 49520 920.625 0
101 4.46082 -42.0 49566 920.625 0
011 0.09204 -42.0 49791 920.625 0
100 3.55270 -36.0 49872 920.625 0
001 6.22183 -34.5 49985 920.625 0
101 4.20924 -42.0 50046 920.625 0
