101 1.79783 -45.5 0 920.625 0
001 5.78618 -50.5 5 920.625 0
001 6.16660 -50.0 729 920.625 0
101 1.81010 -45.5 747 920.625 0
001 5.81072 -50.0 1458 920.625 0
101 1.76101 -45.5 1494 920.625 0
001 4.80443 -51.0 2182 921.625 0
101 1.36217 -45.5 2222 921.625 0
001 4.82284 -51.0 2918 921.625 0
101 1.31309 -45.5 2956 921.625 0
001 4.00062 -53.0 3648 922.625 0
101 0.54610 -46.0 3685 922.625 0
001 3.92085 -53.5 4385 922.625 0
101 0.65654 -46.0 4412 922.625 0
001 3.96994 -53.0 5116 922.625 0
101 0.42338 -46.0 5139 922.625 0
001 3.32567 -55.0 5846 923.625 0
101 5.87208 -46.5 5870 923.625 0
001 3.03115 -55.0 6580 923.625 0
101 5.86594 -46.5 6609 923.625 0
001 5.55301 -50.5 7314 920.625 0
101 1.80396 -45.5 7335 920.625 0
001 5.46097 -50.5 8031 920.625 0
101 2.08008 -45.5 8076 920.625 0
001 5.49779 -50.5 8753 920.625 0
101 1.83464 -45.5 8815 920.625 0
001 4.73693 -52.0 9479 921.625 0
101 1.11674 -45.5 9543 921.625 0
101 0.29452 -46.5 20022 922.625 0
001 3.77359 -53.5 20090 922.625 0
101 0.39884 -46.0 20749 922.625 0
001 3.79814 -54.0 20830 922.625 0
101 0.34361 -46.5 21492 922.625 0
001 3.84109 -54.0 21576 922.625 0
101 5.73095 -46.5 22229 923.625 0
001 2.89002 -55.0 22307 923.625 0
101 5.82299 -46.5 22965 923.625 0
001 2.88388 -55.0 23043 923.625 0
101 1.83464 -45.5 23707 920.625 0
001 5.46097 -51.0 23780 920.625 0
101 2.16598 -45.5 24447 920.625 0
001 5.39348 -51.0 24520 920.625 0
101 1.82851 -45.5 25180 920.625 0
001 5.38734 -51.5 25266 920.625 0
101 1.12287 -45.5 25906 921.625 0
001 4.63262 -52.5 25997 921.625 0
101 1.02470 -46.0 26637 921.625 0
001 4.58353 -52.5 26737 921.625 0
101 0.34975 -46.0 27365 922.625 0
001 3.79200 -54.5 27467 922.625 0
101 0.40497 -46.0 28094 922.625 0
001 3.74291 -54.5 28206 922.625 0
101 0.40497 -46.0 28824 922.625 0
001 3.60792 -54.0 28937 922.625 0
101 5.87208 -46.5 29567 923.625 0
001 2.61390 -55.5 29631 923.625 0
001 5.74322 -51.5 40060 920.625 0
101 1.80396 -45.5 40065 920.625 0
001 5.65119 -51.5 40786 920.625 0
101 1.74874 -45.5 40801 920.625 0
101 1.80396 -45.5 41521 920.625 0
001 5.28917 -52.0 41526 920.625 0
101 1.11060 -45.5 42251 921.625 0
001 4.46695 -53.5 42265 921.625 0
101 1.07379 -45.5 42988 921.625 0
001 4.50377 -53.0 42993 921.625 0
101 0.31907 -46.0 43725 922.625 0
001 3.63860 -55.0 43735 922.625 0
101 0.36816 -46.0 44466 922.625 0
001 3.65087 -55.0 44476 922.625 0
101 0.36202 -46.0 45191 922.625 0
001 3.68155 -55.0 45214 922.625 0
101 5.92730 -46.5 45919 923.625 0
101 5.74936 -46.5 46646 923.625 0
001 5.32598 -51.5 47246 920.625 0
101 1.65670 -45.5 47380 920.625 0
001 5.18486 -51.5 47975 920.625 0
101 1.57693 -45.5 48107 920.625 0
001 5.21553 -51.5 48709 920.625 0
101 1.69965 -45.5 48837 920.625 0
001 4.40559 -53.0 49441 921.625 0
101 1.17810 -45.5 49564 921.625 0
