001 2.61390 -47.0 0 922.625 0
100 2.71821 -35.0 5 922.625 0
001 2.72435 -47.0 709 922.625 0
100 2.93297 -34.5 741 922.625 0
001 2.70594 -47.0 1416 922.625 0
100 2.81025 -34.5 1461 922.625 0
001 1.64443 -47.5 2138 923.625 0
100 1.98804 -35.0 2173 923.625 0
001 1.61988 -47.5 2850 923.625 0
100 2.09849 -35.0 2877 923.625 0
001 1.67511 -47.0 3564 923.625 0
100 4.22765 -34.0 3589 920.625 0
001 3.77359 -45.0 4280 920.625 0
100 4.33810 -34.0 4303 920.625 0
001 3.72451 -44.5 4982 920.625 0
100 4.47309 -33.5 5036 920.625 0
001 2.99433 -45.5 5699 921.625 0
100 3.33794 -34.0 5768 921.625 0
001 3.00047 -45.5 6414 921.625 0
100 3.32567 -34.0 6488 921.625 0
001 2.93911 -45.0 7123 921.625 0
101 3.12932 -52.0 7132 921.625 0
100 2.93297 -34.0 7203 922.625 0
001 2.47278 -46.0 7831 922.625 0
101 2.49118 -51.5 7862 922.625 0
100 2.94524 -34.0 7912 922.625 0
001 2.60163 -46.0 8536 922.625 0
101 2.70594 -51.5 8581 922.625 0
100 2.84093 -34.0 8626 922.625 0
001 1.42967 -45.5 9252 923.625 0
101 1.89600 -51.0 9305 923.625 0
100 2.00645 -33.5 9337 923.625 0
001 1.32536 -45.0 9956 923.625 0
001 3.22136 -43.5 20030 920.625 0
100 4.33196 -32.5 20035 920.625 0
101 3.75518 -49.5 20040 920.625 0
001 3.18454 -43.5 20740 920.625 0
100 4.24606 -32.5 20749 920.625 0
101 3.79814 -49.5 20763 920.625 0
001 3.22136 -43.5 21444 920.625 0
100 4.11720 -32.5 21476 920.625 0
101 3.89631 -49.5 21481 920.625 0
001 2.62004 -44.5 22146 921.625 0
100 3.27045 -33.0 22183 921.625 0
101 3.06796 -49.5 22203 921.625 0
001 2.68140 -44.5 22866 921.625 0
100 3.23363 -33.0 22901 921.625 0
101 3.02501 -49.0 22924 921.625 0
001 2.67526 -44.5 23568 921.625 0
100 2.94524 -33.5 23620 922.625 0
101 2.72435 -49.5 23658 922.625 0
001 1.68124 -45.5 24278 922.625 0
100 2.74276 -33.0 24331 922.625 0
101 2.60163 -49.5 24378 922.625 0
001 1.71192 -46.0 24987 922.625 0
100 2.75503 -33.5 25040 922.625 0
101 2.44823 -49.0 25095 922.625 0
001 1.21491 -47.0 25697 923.625 0
100 1.97577 -33.5 25750 923.625 0
101 1.55852 -49.5 25804 923.625 0
001 1.29468 -47.0 26403 923.625 0
100 2.09849 -33.5 26469 923.625 0
101 1.54625 -49.0 26527 923.625 0
001 1.03697 -47.0 27111 923.625 0
100 2.00645 -33.5 27174 923.625 0
101 4.18470 -49.5 27243 920.625 0
001 3.12932 -44.5 27814 920.625 0
100 4.22765 -32.5 27886 920.625 0
101 3.98221 -49.5 27964 920.625 0
001 3.12318 -44.5 28524 920.625 0
100 4.35651 -32.5 28608 920.625 0
101 3.70610 -49.0 28684 920.625 0
001 2.54641 -45.5 29231 921.625 0
100 3.35021 -33.0 29320 921.625 0
101 2.96365 -49.5 29405 921.625 0
001 2.54027 -46.0 29940 921.625 0
100 2.81639 -33.0 40061 922.625 0
001 1.38058 -48.5 40069 922.625 0
101 2.12917 -49.5 40074 922.625 0
100 2.81025 -33.5 40772 922.625 0
001 1.38672 -48.5 40786 922.625 0
101 2.23348 -50.0 40799 922.625 0
100 3.06183 -33.0 41487 922.625 0
001 1.36217 -48.5 41503 922.625 0
101 2.06167 -49.5 41521 922.625 0
100 2.08008 -33.5 42199 923.625 0
001 1.15969 -50.5 42221 923.625 0
101 1.38672 -50.0 42244 923.625 0
100 2.00031 -33.5 42915 923.625 0
001 0.54610 -50.5 42933 923.625 0
101 1.34377 -50.0 42961 923.625 0
100 4.27060 -32.5 43651 920.625 0
001 2.93911 -46.5 43656 920.625 0
101 3.59565 -50.5 43675 920.625 0
100 4.14788 -33.0 44358 920.625 0
001 2.85934 -46.0 44367 920.625 0
101 3.58338 -50.5 44394 920.625 0
100 4.10493 -33.0 45080 920.625 0
001 2.84707 -46.5 45085 920.625 0
101 3.54043 -50.5 45114 920.625 0
100 3.19068 -33.0 45802 921.625 0
001 2.09849 -47.5 45807 921.625 0
101 2.86548 -50.0 45840 921.625 0
001 2.01258 -47.5 46521 921.625 0
100 3.25204 -33.0 46531 921.625 0
101 2.76117 -51.0 46564 921.625 0
001 1.22718 -49.0 47241 922.625 0
100 2.60163 -33.5 47251 922.625 0
101 2.08621 -50.5 47287 922.625 0
001 1.18423 -49.5 47961 922.625 0
100 2.62618 -33.5 47966 922.625 0
101 2.02485 -50.5 48006 922.625 0
100 2.65685 -33.5 48674 922.625 0
001 1.17810 -49.5 48684 922.625 0
101 1.98804 -50.5 48720 922.625 0
100 1.91441 -33.5 49388 923.625 0
001 0.25157 -52.0 49398 923.625 0
101 1.33150 -50.5 49438 923.625 0
