100 4.71852 -39.0 0 920.625 0
101 4.23379 -44.5 5 920.625 0
001 2.66913 -43.0 10 920.625 0
001 2.52800 -32.5 625 920.625 0
101 2.97592 -46.5 640 920.625 0
100 3.69996 -32.5 650 920.625 0
101 4.34423 -48.5 1254 920.625 0
001 2.27643 -32.5 1264 920.625 0
100 5.84140 -40.5 1278 920.625 0
001 1.46649 -29.5 1887 921.625 0
100 0.17794 -38.5 1901 921.625 0
101 2.74276 -51.0 2445 921.625 0
001 1.40513 -28.0 2495 921.625 0
100 6.07456 -38.5 2523 921.625 0
101 2.87161 -49.5 3074 921.625 0
001 1.52784 -29.5 3119 921.625 0
100 5.58369 -40.5 3146 921.625 0
101 2.00031 -49.0 3698 922.625 0
001 0.75472 -29.5 3730 922.625 0
100 4.50377 -39.5 3779 922.625 0
101 1.94509 -49.0 4326 922.625 0
001 0.85903 -29.5 4347 922.625 0
100 4.44241 -39.5 4420 922.625 0
101 1.84691 -49.0 4953 922.625 0
001 0.77313 -30.0 4968 922.625 0
100 4.49763 -40.0 5056 922.625 0
001 6.22183 -30.5 5583 923.625 0
101 1.14128 -49.0 5588 923.625 0
100 3.61406 -39.5 5687 923.625 0
001 6.24637 -31.0 6204 923.625 0
101 1.21491 -49.0 6222 923.625 0
100 3.68155 -39.0 6312 923.625 0
001 6.26478 -31.0 6812 923.625 0
101 1.22718 -49.0 6856 923.625 0
100 3.68155 -39.0 6934 923.625 0
001 2.42983 -30.0 7442 920.625 0
101 3.65087 -49.5 7489 920.625 0
100 0.09204 -40.5 7562 920.625 0
001 2.54027 -30.0 8050 920.625 0
101 3.61406 -49.5 8121 920.625 0
100 0.17794 -41.0 8197 920.625 0
001 2.79185 -30.5 8659 920.625 0
101 3.60179 -49.0 8748 920.625 0
100 0.12272 -41.0 8813 920.625 0
001 1.50944 -31.0 9274 921.625 0
101 2.73662 -49.0 9379 921.625 0
100 5.63891 -42.0 9443 921.625 0
001 1.51557 -30.5 9902 921.625 0
001 1.15355 -31.5 20033 922.625 0
100 4.63262 -41.0 20038 922.625 0
101 1.95736 -49.0 20043 922.625 0
100 4.50377 -40.0 20656 922.625 0
001 1.20878 -31.5 20667 922.625 0
101 2.06167 -49.0 20676 922.625 0
001 0.75472 -31.5 21287 922.625 0
100 4.55899 -40.0 21297 922.625 0
101 2.19666 -49.0 21311 922.625 0
001 6.24637 -32.0 21912 923.625 0
100 3.60179 -40.0 21924 923.625 0
101 1.18423 -49.0 21942 923.625 0
001 6.25864 -32.0 22537 923.625 0
100 3.60179 -40.5 22555 923.625 0
101 1.23946 -49.0 22567 923.625 0
001 6.25251 -32.0 23155 923.625 0
101 1.13515 -49.0 23195 923.625 0
100 3.55270 -40.0 23211 923.625 0
001 2.63845 -31.0 23769 920.625 0
101 3.53429 -49.5 23824 920.625 0
100 0.12885 -41.5 23838 920.625 0
001 2.53414 -31.0 24390 920.625 0
101 3.56497 -49.0 24455 920.625 0
100 0.01841 -42.0 24478 920.625 0
001 2.52186 -31.0 25015 920.625 0
101 3.55270 -49.0 25087 920.625 0
100 0.01227 -42.0 25105 920.625 0
001 1.54012 -31.5 25616 921.625 0
101 2.79798 -49.0 25718 921.625 0
100 5.36893 -41.0 25732 921.625 0
001 1.55852 -31.5 26227 921.625 0
101 2.77957 -49.0 26347 921.625 0
100 5.27689 -40.5 26357 921.625 0
001 1.53398 -31.5 26838 921.625 0
101 2.73662 -49.0 26977 921.625 0
100 5.44870 -41.0 26987 921.625 0
001 0.96948 -32.0 27456 922.625 0
101 1.73033 -49.0 27611 922.625 0
100 4.38719 -40.0 27621 922.625 0
001 0.96948 -31.5 28060 922.625 0
101 1.79783 -49.0 28238 922.625 0
100 4.54672 -40.5 28252 922.625 0
001 1.11674 -31.5 28685 922.625 0
101 1.90827 -48.5 28869 922.625 0
100 4.39946 -40.5 28883 922.625 0
001 6.24637 -32.5 29297 923.625 0
100 3.57111 -40.0 29507 923.625 0
101 1.15969 -48.5 29512 923.625 0
001 6.25251 -32.0 29927 923.625 0
101 3.60179 -49.5 40061 920.625 0
001 2.38687 -31.0 40066 920.625 0
100 0.09204 -42.0 40071 920.625 0
001 2.80412 -31.0 40684 920.625 0
101 3.51588 -49.5 40695 920.625 0
100 0.00000 -42.5 40705 920.625 0
001 2.69981 -31.0 41291 920.625 0
101 3.50361 -49.0 41327 920.625 0
100 0.00614 -43.0 41336 920.625 0
001 1.53398 -31.0 41909 921.625 0
101 2.86548 -49.5 41960 921.625 0
100 5.49779 -42.0 41969 921.625 0
001 1.51557 -31.5 42545 921.625 0
101 2.82252 -49.5 42595 921.625 0
100 5.25235 -42.0 42605 921.625 0
001 1.53398 -31.5 43154 921.625 0
100 5.39348 -42.0 43232 921.625 0
101 2.79185 -49.0 43241 921.625 0
001 0.92652 -31.5 43775 922.625 0
101 1.91441 -49.0 43874 922.625 0
100 4.52218 -41.0 43887 922.625 0
001 1.03084 -31.5 44388 922.625 0
101 1.79169 -49.0 44505 922.625 0
001 1.14128 -31.5 44999 922.625 0
101 1.77942 -49.0 45139 922.625 0
100 4.33810 -41.5 45153 922.625 0
001 6.26478 -32.5 45606 923.625 0
101 1.11674 -49.0 45775 923.625 0
100 3.31953 -41.0 45784 923.625 0
001 6.25864 -32.5 46241 923.625 0
101 1.12287 -49.0 46405 923.625 0
100 3.40544 -40.5 46447 923.625 0
001 6.25251 -32.0 46862 923.625 0
101 1.11674 -49.0 47040 923.625 0
100 3.41771 -41.0 47068 923.625 0
001 2.38687 -31.0 47502 920.625 0
101 3.60179 -49.5 47678 920.625 0
001 2.40528 -31.0 48118 920.625 0
101 3.52202 -49.0 48314 920.625 0
100 6.26478 -43.0 48332 920.625 0
001 2.58322 -31.0 48723 920.625 0
101 3.50975 -49.5 48948 920.625 0
100 6.25864 -43.0 48968 920.625 0
001 1.52171 -31.5 49345 921.625 0
101 2.65072 -49.5 49580 921.625 0
100 5.35666 -42.5 49603 921.625 0
001 1.50944 -31.5 49964 921.625 0
