100 3.61406 -42.0 0 922.625 0
001 2.02485 -43.0 5 922.625 0
101 2.49732 -49.0 10 922.625 0
001 3.30726 -51.0 609 922.625 0
100 1.68124 -34.0 618 922.625 0
101 2.11689 -46.0 632 922.625 0
001 2.31938 -45.0 1214 922.625 0
100 2.01258 -32.5 1228 922.625 0
101 2.08621 -46.0 1255 922.625 0
001 1.88373 -47.0 1793 923.625 0
100 1.27627 -33.0 1843 923.625 0
101 1.28854 -47.0 1879 923.625 0
001 1.87759 -47.0 2392 923.625 0
100 1.19037 -33.0 2455 923.625 0
101 1.33150 -47.0 2500 923.625 0
001 1.89600 -46.5 2994 923.625 0
100 1.15355 -33.0 3081 923.625 0
101 1.33150 -47.0 3122 923.625 0
001 3.90245 -42.0 3598 920.625 0
100 3.35635 -32.5 3702 920.625 0
101 3.63247 -46.0 3743 920.625 0
001 4.27060 -43.0 4194 920.625 0
100 3.21522 -32.5 4309 920.625 0
101 3.69996 -46.0 4371 920.625 0
001 3.97608 -42.0 4789 920.625 0
100 3.25204 -32.5 4917 920.625 0
101 3.78586 -46.0 4997 920.625 0
001 3.08637 -43.5 5395 921.625 0
100 2.71821 -33.0 5538 921.625 0
101 2.92070 -46.5 5627 921.625 0
001 3.17227 -43.5 5997 921.625 0
100 2.92684 -33.0 6153 921.625 0
101 2.89002 -46.5 6251 921.625 0
001 3.22136 -43.5 6604 921.625 0
100 2.71208 -33.0 6772 921.625 0
101 2.89002 -46.5 6884 921.625 0
001 2.62004 -43.0 7202 922.625 0
100 1.71806 -33.5 7394 922.625 0
101 2.26416 -47.0 7505 922.625 0
001 2.69367 -43.5 7798 922.625 0
100 1.71192 -33.0 8002 922.625 0
101 2.38687 -47.0 8131 922.625 0
001 2.71208 -43.0 8395 922.625 0
100 1.68738 -33.5 8620 922.625 0
101 2.15984 -47.0 8750 922.625 0
001 1.95122 -42.5 8996 923.625 0
100 0.93880 -34.0 9258 923.625 0
101 1.84691 -47.5 9366 923.625 0
001 2.11689 -42.5 9592 923.625 0
100 1.19037 -33.5 9866 923.625 0
100 3.48520 -33.0 20029 920.625 0
001 4.15402 -38.5 20034 920.625 0
101 3.97608 -47.0 20039 920.625 0
001 4.27060 -37.5 20635 920.625 0
100 3.19682 -33.0 20649 920.625 0
101 4.21538 -47.0 20659 920.625 0
001 4.25219 -38.0 21226 920.625 0
100 3.41771 -33.0 21276 920.625 0
101 4.04357 -47.0 21285 920.625 0
001 3.39930 -39.0 21830 921.625 0
100 2.53414 -33.0 21889 921.625 0
101 3.41157 -47.5 21908 921.625 0
001 3.42385 -39.0 22429 921.625 0
100 2.73049 -33.5 22500 921.625 0
101 3.31953 -47.5 22527 921.625 0
001 3.36862 -39.0 23014 921.625 0
100 2.55254 -33.0 23111 921.625 0
101 3.50361 -47.5 23156 921.625 0
001 2.80412 -39.5 23622 922.625 0
100 1.82851 -33.5 23719 922.625 0
101 2.42983 -48.0 23786 922.625 0
001 2.72435 -39.0 24226 922.625 0
100 1.85305 -33.0 24339 922.625 0
101 2.50959 -47.5 24411 922.625 0
001 2.66913 -39.5 24826 922.625 0
100 1.93895 -33.5 24955 922.625 0
101 2.62618 -48.0 25039 922.625 0
001 1.77328 -40.0 25450 923.625 0
100 1.16583 -33.5 25570 923.625 0
101 1.55239 -48.0 25667 923.625 0
001 1.75487 -39.5 26045 923.625 0
100 1.17196 -33.5 26186 923.625 0
101 1.55239 -48.0 26288 923.625 0
001 1.65670 -40.0 26642 923.625 0
100 1.20264 -33.0 26816 923.625 0
101 1.53398 -48.0 26913 923.625 0
001 4.36878 -37.5 27245 920.625 0
100 3.52202 -33.0 27436 920.625 0
101 3.91472 -47.5 27540 920.625 0
001 4.27060 -36.5 27849 920.625 0
100 3.54043 -33.0 28053 920.625 0
101 4.17243 -47.5 28164 920.625 0
001 4.30742 -36.0 28446 920.625 0
100 3.53429 -33.0 28671 920.625 0
101 4.00676 -47.5 28786 920.625 0
001 3.35635 -37.0 29050 921.625 0
100 2.77344 -32.5 29278 921.625 0
101 3.23977 -47.5 29407 921.625 0
001 3.45452 -36.5 29650 921.625 0
100 2.81639 -33.0 29893 921.625 0
001 2.72435 -37.5 40065 922.625 0
100 2.68140 -33.0 40070 922.625 0
101 2.54641 -48.0 40075 922.625 0
001 2.72435 -38.5 40656 922.625 0
100 2.18439 -33.0 40692 922.625 0
101 2.77344 -48.0 40706 922.625 0
001 2.95751 -38.0 41263 922.625 0
100 2.30711 -33.0 41310 922.625 0
101 2.65072 -48.0 41328 922.625 0
001 1.55852 -39.5 41861 923.625 0
100 1.44808 -33.0 41924 923.625 0
101 1.60761 -48.0 41955 923.625 0
001 1.53398 -39.5 42462 923.625 0
100 1.42353 -33.0 42548 923.625 0
101 1.63216 -48.5 42576 923.625 0
001 1.55239 -39.5 43068 923.625 0
100 1.39899 -33.0 43156 923.625 0
101 1.63829 -48.5 43206 923.625 0
001 4.23379 -37.0 43671 920.625 0
100 4.21538 -33.0 43773 920.625 0
101 4.22765 -47.5 43831 920.625 0
001 4.04971 -37.0 44275 920.625 0
100 3.76132 -33.0 44381 920.625 0
101 4.51604 -48.5 44458 920.625 0
001 4.24606 -37.0 44881 920.625 0
100 3.89018 -33.0 45001 920.625 0
101 4.24606 -48.0 45085 920.625 0
001 3.12318 -38.0 45481 921.625 0
100 3.09251 -33.0 45627 921.625 0
101 3.17841 -48.5 45717 921.625 0
001 3.21522 -37.5 46080 921.625 0
100 3.11705 -33.0 46239 921.625 0
101 3.20295 -48.5 46346 921.625 0
001 3.19682 -37.0 46687 921.625 0
100 3.09251 -33.5 46851 921.625 0
101 3.25204 -47.5 46970 921.625 0
001 2.30711 -38.0 47290 922.625 0
100 2.31938 -33.0 47463 922.625 0
101 2.41142 -48.5 47604 922.625 0
001 2.34392 -38.0 47899 922.625 0
100 2.33779 -33.5 48077 922.625 0
101 2.47278 -48.0 48233 922.625 0
001 2.39915 -37.0 48510 922.625 0
100 2.42983 -33.5 48687 922.625 0
101 2.47278 -48.0 48859 922.625 0
001 1.54012 -38.0 49118 923.625 0
100 1.57693 -33.5 49311 923.625 0
101 1.67511 -48.5 49492 923.625 0
001 1.49717 -38.0 49716 923.625 0
100 1.58920 -33.5 49919 923.625 0
