001 1.37445 -37.0 0 922.625 0
100 1.58307 -32.5 5 922.625 0
001 1.38058 -37.0 574 922.625 0
100 1.55239 -32.0 590 922.625 0
001 1.35604 -37.0 1148 922.625 0
100 1.58307 -32.5 1158 922.625 0
001 1.38058 -37.5 1704 922.625 0
100 1.55852 -32.0 1722 922.625 0
001 0.76699 -37.0 2272 923.625 0
100 1.07992 -32.0 2312 923.625 0
001 0.84676 -36.5 2830 923.625 0
100 1.30082 -32.0 2877 923.625 0
001 1.09833 -36.5 3389 923.625 0
100 1.15969 -32.0 3446 923.625 0
001 2.80412 -37.0 3951 920.625 0
100 2.91456 -32.0 4014 920.625 0
001 2.78571 -37.0 4498 920.625 0
100 2.90843 -32.0 4577 920.625 0
001 2.78571 -37.0 5053 920.625 0
100 2.95138 -32.0 5148 920.625 0
001 2.23348 -37.0 5615 921.625 0
100 2.45437 -32.0 5709 921.625 0
001 2.25802 -36.5 6176 921.625 0
100 2.44823 -31.5 6278 921.625 0
001 2.09849 -36.5 6735 921.625 0
100 2.42369 -32.0 6844 921.625 0
001 1.38672 -37.0 7293 922.625 0
100 1.55239 -32.0 7419 922.625 0
001 1.36831 -37.0 7848 922.625 0
100 1.54012 -32.0 7988 922.625 0
001 1.43581 -37.0 8414 922.625 0
100 1.55239 -32.0 8563 922.625 0
001 0.88971 -37.0 8984 923.625 0
100 1.10447 -31.5 9141 923.625 0
001 1.24559 -37.0 9554 923.625 0
100 0.99402 -32.0 9718 923.625 0
101 0.88357 -48.0 20025 920.625 0
100 4.08652 -30.0 20030 920.625 0
001 4.01903 -35.5 20035 920.625 0
100 4.20924 -29.5 20592 920.625 0
001 3.84722 -34.5 20611 920.625 0
101 0.85289 -48.5 20621 920.625 0
100 4.22152 -29.5 21162 920.625 0
001 3.85950 -34.0 21176 920.625 0
100 4.09266 -29.5 21733 920.625 0
001 3.77973 -34.0 21748 920.625 0
101 0.00000 -49.5 21903 921.625 0
100 3.54043 -29.5 22308 921.625 0
001 3.01887 -34.5 22318 921.625 0
101 0.09204 -50.0 22484 921.625 0
001 2.98819 -34.5 22883 921.625 0
100 3.41157 -29.5 22892 921.625 0
101 0.11045 -50.0 23067 921.625 0
001 3.08637 -34.5 23438 921.625 0
100 3.52202 -29.5 23462 921.625 0
101 5.82299 -50.5 23647 922.625 0
001 2.38074 -34.5 23992 922.625 0
100 2.79798 -29.5 24033 922.625 0
101 5.84753 -51.0 24231 922.625 0
001 2.29484 -34.5 24552 922.625 0
100 2.75503 -29.5 24601 922.625 0
101 5.78004 -45.5 24822 922.625 0
001 2.41755 -35.0 25119 922.625 0
100 2.77344 -29.5 25177 922.625 0
101 4.83511 -51.5 25409 923.625 0
001 1.40513 -35.0 25678 923.625 0
100 2.03713 -30.0 25746 923.625 0
101 4.81056 -51.5 25990 923.625 0
001 1.41126 -35.5 26235 923.625 0
100 2.09849 -29.5 26308 923.625 0
101 4.87192 -52.0 26572 923.625 0
001 1.41126 -34.5 26807 923.625 0
100 2.21507 -29.5 26875 923.625 0
101 4.76761 -52.0 27167 923.625 0
001 3.73678 -34.0 27364 920.625 0
100 4.08039 -29.5 27446 920.625 0
101 0.81608 -50.0 27752 920.625 0
001 3.72451 -34.0 27943 920.625 0
100 4.08652 -29.5 28032 920.625 0
101 0.79767 -50.0 28339 920.625 0
001 3.67542 -34.0 28508 920.625 0
100 4.06812 -29.5 28599 920.625 0
101 1.18423 -50.5 28927 920.625 0
001 2.89616 -34.0 29086 921.625 0
100 3.52816 -29.5 29166 921.625 0
101 0.11658 -50.5 29514 921.625 0
001 2.91456 -34.0 29648 921.625 0
100 3.29499 -29.5 29732 921.625 0
001 2.04326 -34.5 40047 922.625 0
100 3.00660 -29.5 40052 922.625 0
101 5.78004 -52.5 40057 922.625 0
100 2.92070 -29.5 40619 922.625 0
001 2.10462 -34.5 40624 922.625 0
101 5.81686 -52.5 40648 922.625 0
001 2.03713 -34.5 41179 922.625 0
100 2.71208 -29.0 41188 922.625 0
101 5.87208 -53.0 41239 922.625 0
001 2.22120 -34.5 41738 922.625 0
100 3.10478 -29.0 41752 922.625 0
101 5.68186 -54.0 41825 922.625 0
001 1.25173 -35.0 42303 923.625 0
100 1.97577 -29.5 42323 923.625 0
101 4.76148 -54.5 42410 923.625 0
001 1.28241 -35.0 42875 923.625 0
100 1.84691 -29.5 42894 923.625 0
101 4.79829 -54.5 42998 923.625 0
001 1.27014 -35.0 43437 923.625 0
100 1.95122 -29.5 43469 923.625 0
101 4.93328 -54.5 43588 923.625 0
001 3.60179 -34.0 44002 920.625 0
100 4.17856 -29.0 44049 920.625 0
101 0.93266 -52.5 44175 920.625 0
001 3.59565 -34.0 44564 920.625 0
100 4.56513 -29.0 44622 920.625 0
101 0.93266 -52.0 44762 920.625 0
001 3.64474 -34.0 45121 920.625 0
100 4.12948 -29.0 45195 920.625 0
101 1.04924 -52.0 45357 920.625 0
001 2.81639 -34.0 45683 921.625 0
100 3.23977 -29.5 45770 921.625 0
101 0.02454 -53.5 45941 921.625 0
001 2.82866 -34.0 46243 921.625 0
100 3.27045 -29.5 46347 921.625 0
101 0.01227 -54.0 46526 921.625 0
001 2.81639 -34.5 46814 921.625 0
100 3.29499 -29.5 46917 921.625 0
101 6.26478 -54.0 47114 921.625 0
001 2.03713 -34.5 47390 922.625 0
100 2.68753 -29.5 47485 922.625 0
101 5.84140 -54.0 47710 922.625 0
001 2.00031 -34.5 47952 922.625 0
100 2.69981 -29.5 48059 922.625 0
101 5.78004 -54.5 48303 922.625 0
001 2.13530 -34.5 48517 922.625 0
100 2.67526 -29.5 48629 922.625 0
101 5.67573 -54.5 48895 922.625 0
001 1.25173 -34.5 49085 923.625 0
100 1.93895 -29.5 49198 923.625 0
101 4.85965 -54.0 49489 923.625 0
001 1.28854 -34.5 49655 923.625 0
100 2.04326 -29.5 49772 923.625 0
