001 4.15402 -38.0 0 920.625 0
101 3.09864 -42.5 5 920.625 0
100 4.60194 -44.0 10 920.625 0
001 4.58967 -38.0 483 920.625 0
101 3.14159 -43.0 492 920.625 0
100 4.60194 -43.5 497 920.625 0
001 4.17243 -38.0 969 920.625 0
101 3.12318 -43.0 983 920.625 0
100 4.60808 -44.0 992 920.625 0
001 4.29515 -38.0 1454 920.625 0
101 3.13546 -43.0 1472 920.625 0
100 4.60194 -43.5 1482 920.625 0
001 3.59565 -38.0 1948 921.625 0
101 2.23348 -41.0 1962 921.625 0
100 4.03744 -45.0 1981 921.625 0
001 3.44225 -38.5 2432 921.625 0
101 2.23348 -41.0 2450 921.625 0
100 3.93313 -45.0 2473 921.625 0
001 3.46680 -38.0 2910 921.625 0
101 2.22734 -41.5 2937 921.625 0
100 4.03130 -44.5 2964 921.625 0
001 3.31340 -38.0 3393 921.625 0
101 2.19052 -41.0 3438 921.625 0
100 4.00062 -45.0 3457 921.625 0
001 2.69367 -38.0 3881 922.625 0
101 1.29468 -39.5 3921 922.625 0
100 3.53429 -45.0 3949 922.625 0
001 2.62004 -38.0 4365 922.625 0
101 1.30695 -40.0 4410 922.625 0
100 3.24590 -44.5 4437 922.625 0
001 3.08023 -38.0 4844 922.625 0
101 1.30695 -39.5 4911 922.625 0
100 3.60179 -45.5 4938 922.625 0
001 2.76117 -38.0 5330 922.625 0
101 0.60746 -39.0 5402 923.625 0
100 2.84707 -45.0 5438 923.625 0
001 1.74874 -37.5 5823 923.625 0
101 0.49701 -38.5 5886 923.625 0
100 2.78571 -44.5 5931 923.625 0
001 1.88373 -37.5 6303 923.625 0
101 0.41724 -38.0 6374 923.625 0
100 2.83480 -44.5 6428 923.625 0
001 1.95736 -37.5 6782 923.625 0
101 0.44179 -38.0 6867 923.625 0
100 2.87775 -44.0 6920 923.625 0
001 3.95153 -38.0 7263 920.625 0
101 3.08023 -42.0 7348 920.625 0
100 4.63876 -44.0 7415 920.625 0
001 4.23379 -38.0 7749 920.625 0
101 3.08637 -42.5 7838 920.625 0
100 4.60808 -45.0 7901 920.625 0
001 4.20924 -38.0 8228 920.625 0
101 2.97592 -43.0 8339 920.625 0
100 4.53445 -43.0 8388 920.625 0
001 4.09266 -38.0 8706 920.625 0
101 2.96979 -41.5 8843 920.625 0
100 4.62035 -44.0 8884 920.625 0
001 3.47907 -38.0 9189 921.625 0
101 2.08008 -40.0 9326 921.625 0
100 4.01903 -44.5 9375 921.625 0
001 3.41157 -38.0 9667 921.625 0
101 2.15984 -40.5 9807 921.625 0
100 4.05585 -44.0 9866 921.625 0
001 2.76730 -38.0 20028 922.625 0
101 1.19037 -39.0 20034 922.625 0
100 3.32567 -44.5 20039 922.625 0
101 1.17196 -39.0 20519 922.625 0
001 2.68753 -38.0 20524 922.625 0
100 3.35021 -45.0 20534 922.625 0
001 2.66913 -37.5 21006 922.625 0
101 1.24559 -39.0 21016 922.625 0
100 3.42385 -45.0 21034 922.625 0
001 2.63845 -37.5 21490 922.625 0
101 1.21491 -39.0 21505 922.625 0
100 3.31340 -44.5 21519 922.625 0
001 1.68124 -37.5 21965 923.625 0
101 0.42951 -38.0 21992 923.625 0
100 2.84093 -45.5 22011 923.625 0
001 1.67511 -37.5 22445 923.625 0
101 0.42338 -38.0 22472 923.625 0
100 2.90843 -45.5 22507 923.625 0
001 1.76101 -37.5 22933 923.625 0
101 0.38656 -38.5 22968 923.625 0
100 2.85320 -45.0 23000 923.625 0
001 1.73647 -37.5 23418 923.625 0
101 0.41724 -38.5 23463 923.625 0
100 2.84707 -45.0 23494 923.625 0
001 3.87177 -38.0 23903 920.625 0
101 2.87775 -41.5 23959 920.625 0
100 4.66330 -44.0 23987 920.625 0
001 3.90858 -38.5 24390 920.625 0
101 3.02501 -41.5 24444 920.625 0
100 4.54672 -43.5 24484 920.625 0
001 3.88404 -38.5 24876 920.625 0
101 2.93911 -41.5 24944 920.625 0
100 4.54058 -43.5 24976 920.625 0
001 3.90858 -38.0 25358 920.625 0
101 2.03713 -39.5 25436 921.625 0
100 4.30128 -43.5 25467 921.625 0
001 3.19068 -37.5 25852 921.625 0
101 2.06781 -39.5 25923 921.625 0
100 4.18470 -45.0 25959 921.625 0
001 3.25204 -37.5 26346 921.625 0
101 2.04326 -39.5 26418 921.625 0
100 4.43627 -45.5 26454 921.625 0
001 3.16000 -37.5 26842 921.625 0
101 2.06167 -40.0 26910 921.625 0
100 4.28901 -44.5 26941 921.625 0
001 2.58936 -37.5 27324 922.625 0
101 1.23946 -39.0 27399 922.625 0
100 3.60792 -45.5 27444 922.625 0
001 2.55254 -37.5 27809 922.625 0
101 1.37445 -39.0 27887 922.625 0
100 3.47293 -45.5 27932 922.625 0
001 2.88388 -37.5 28286 922.625 0
101 1.19037 -39.0 28389 922.625 0
100 3.54656 -45.0 28421 922.625 0
001 2.85934 -37.5 28769 922.625 0
101 1.25173 -39.0 28874 922.625 0
100 3.51588 -45.0 28915 922.625 0
001 1.64443 -37.5 29250 923.625 0
101 0.30066 -38.0 29371 923.625 0
100 2.86548 -45.0 29406 923.625 0
001 1.84078 -37.0 29729 923.625 0
101 0.40497 -38.0 29857 923.625 0
100 2.88388 -45.0 29898 923.625 0
101 2.95751 -39.0 40053 920.625 0
100 4.92715 -41.5 40059 920.625 0
001 3.98835 -39.5 40064 920.625 0
101 2.81639 -41.0 40550 920.625 0
100 5.11736 -44.0 40555 920.625 0
001 3.92085 -38.5 40564 920.625 0
101 2.84093 -41.0 41048 920.625 0
100 5.00078 -43.5 41058 920.625 0
001 3.88404 -38.5 41063 920.625 0
001 3.92085 -38.5 41552 920.625 0
100 5.12350 -43.0 41561 920.625 0
101 3.13546 -41.5 41571 920.625 0
001 3.24590 -38.0 42045 921.625 0
100 4.32583 -43.0 42064 921.625 0
101 1.96963 -40.0 42073 921.625 0
001 3.23363 -38.0 42533 921.625 0
101 2.04326 -40.0 42561 921.625 0
100 4.29515 -43.0 42570 921.625 0
001 3.17227 -38.0 43016 921.625 0
101 1.93895 -39.5 43053 921.625 0
100 4.30128 -43.0 43067 921.625 0
001 3.21522 -38.0 43497 921.625 0
101 1.96963 -39.5 43550 921.625 0
100 4.30128 -43.0 43573 921.625 0
001 2.47891 -37.5 43991 922.625 0
101 0.98788 -38.5 44053 922.625 0
100 3.65087 -43.5 44068 922.625 0
001 2.47891 -38.0 44477 922.625 0
101 1.24559 -38.5 44548 922.625 0
100 3.70610 -44.5 44562 922.625 0
001 2.43596 -38.0 44965 922.625 0
101 0.96334 -38.5 45041 922.625 0
100 3.71837 -44.5 45064 922.625 0
001 1.72419 -37.5 45455 923.625 0
101 0.09204 -37.5 45545 923.625 0
100 3.08023 -44.0 45555 923.625 0
001 1.64443 -38.0 45938 923.625 0
100 3.14773 -44.0 46044 923.625 0
101 0.14113 -37.0 46049 923.625 0
001 1.79169 -37.5 46429 923.625 0
101 0.20862 -37.0 46535 923.625 0
100 3.14773 -44.5 46548 923.625 0
001 1.67511 -37.5 46911 923.625 0
101 0.18408 -37.5 47037 923.625 0
100 3.09864 -44.5 47046 923.625 0
001 4.00676 -38.0 47410 920.625 0
101 2.80412 -40.0 47536 920.625 0
100 4.79216 -43.0 47546 920.625 0
001 4.08039 -38.0 47886 920.625 0
101 2.77344 -40.0 48024 920.625 0
100 4.83511 -42.5 48038 920.625 0
001 4.00062 -38.0 48382 920.625 0
101 2.77344 -40.5 48515 920.625 0
100 4.81056 -42.5 48534 920.625 0
001 3.91472 -38.0 48879 920.625 0
101 2.81639 -40.5 49016 920.625 0
100 4.23379 -42.5 49039 921.625 0
001 3.17841 -38.0 49371 921.625 0
101 1.93282 -39.0 49518 921.625 0
100 4.32583 -42.5 49546 921.625 0
001 3.22136 -38.0 49856 921.625 0
101 1.82851 -39.0 50011 921.625 0
100 4.49150 -42.5 50039 921.625 0
