100 3.91472 -37.0 0 922.625 0
101 6.00093 -39.0 6 922.625 0
001 2.84707 -40.5 12 922.625 0
100 3.94540 -36.0 414 922.625 0
101 5.95798 -38.5 419 922.625 0
001 2.95138 -40.5 428 922.625 0
100 3.93926 -36.0 826 922.625 0
101 5.99480 -38.5 835 922.625 0
001 2.89002 -40.5 845 922.625 0
100 4.21538 -35.0 1221 922.625 0
101 5.98253 -38.5 1244 922.625 0
001 2.87775 -40.0 1262 922.625 0
100 4.14175 -36.0 1633 922.625 0
101 5.84140 -38.5 1664 922.625 0
001 2.93297 -40.5 1678 922.625 0
100 3.36249 -37.0 2042 923.625 0
101 5.26462 -39.0 2078 923.625 0
001 2.16598 -42.0 2093 923.625 0
100 3.23977 -36.5 2449 923.625 0
101 5.39348 -39.5 2486 923.625 0
001 2.15984 -41.0 2500 923.625 0
100 3.14773 -36.5 2862 923.625 0
101 5.87208 -40.5 2893 923.625 0
001 2.10462 -39.5 2907 923.625 0
100 3.23363 -35.5 3274 923.625 0
101 5.35666 -40.5 3310 923.625 0
001 2.23348 -40.0 3319 923.625 0
100 5.22167 -33.5 3686 920.625 0
101 0.81608 -39.0 3722 920.625 0
001 4.33810 -39.0 3736 920.625 0
100 5.28303 -34.0 4095 920.625 0
101 0.82835 -39.0 4140 920.625 0
001 4.32583 -38.5 4150 920.625 0
100 5.27689 -33.0 4504 920.625 0
101 0.82221 -39.5 4549 920.625 0
001 4.31969 -38.5 4559 920.625 0
100 5.21553 -33.5 4922 920.625 0
101 0.83449 -39.0 4958 920.625 0
001 4.34423 -39.0 4967 920.625 0
100 5.20940 -33.5 5338 920.625 0
101 0.26384 -39.5 5396 921.625 0
001 3.62019 -39.5 5401 921.625 0
100 4.62649 -34.0 5742 921.625 0
001 3.63247 -39.0 5801 921.625 0
101 0.31907 -40.0 5811 921.625 0
100 4.52218 -34.5 6148 921.625 0
001 3.55884 -39.5 6223 921.625 0
101 0.27612 -39.5 6228 921.625 0
100 4.60808 -34.0 6554 921.625 0
001 3.62019 -39.5 6621 921.625 0
101 0.30066 -40.0 6635 921.625 0
100 4.51604 -34.5 6967 921.625 0
001 3.65087 -39.0 7021 921.625 0
101 0.34361 -39.5 7057 921.625 0
100 3.88404 -34.5 7382 922.625 0
001 2.86548 -40.0 7432 922.625 0
101 5.95185 -40.5 7476 922.625 0
100 3.87790 -34.5 7789 922.625 0
001 2.95138 -39.5 7834 922.625 0
101 5.97025 -40.5 7883 922.625 0
100 3.90858 -35.0 8192 922.625 0
001 2.88388 -40.0 8233 922.625 0
101 5.92117 -40.5 8295 922.625 0
100 3.87790 -34.5 8608 922.625 0
001 2.93911 -39.5 8631 922.625 0
101 5.92730 -40.5 8716 922.625 0
100 3.16000 -36.0 9022 923.625 0
001 2.18439 -40.5 9041 923.625 0
101 5.37507 -41.0 9131 923.625 0
100 3.19682 -35.0 9439 923.625 0
001 2.19666 -40.0 9451 923.625 0
101 5.37507 -41.0 9544 923.625 0
100 3.16614 -35.0 9845 923.625 0
001 2.25188 -40.0 9860 923.625 0
101 5.36893 -41.0 9949 923.625 0
100 5.10509 -33.5 20029 920.625 0
001 4.33810 -38.5 20035 920.625 0
101 1.16583 -40.5 20040 920.625 0
100 5.11736 -33.0 20438 920.625 0
001 4.34423 -38.5 20452 920.625 0
101 0.77313 -40.5 20457 920.625 0
100 5.16031 -32.5 20861 920.625 0
001 4.49763 -38.5 20866 920.625 0
101 1.14742 -40.0 20876 920.625 0
001 4.36264 -39.5 21277 920.625 0
100 5.17258 -33.5 21287 920.625 0
101 1.01243 -40.0 21292 920.625 0
100 5.19099 -32.5 21702 920.625 0
001 4.36264 -38.5 21708 920.625 0
101 0.96334 -40.5 21723 920.625 0
100 4.51604 -33.5 22114 921.625 0
001 3.69383 -39.5 22128 921.625 0
101 0.30066 -40.0 22138 921.625 0
100 4.54058 -33.5 22525 921.625 0
001 3.74291 -39.5 22535 921.625 0
101 0.29452 -40.0 22558 921.625 0
100 4.65717 -33.5 22940 921.625 0
001 3.74291 -39.5 22964 921.625 0
101 0.25771 -40.0 22983 921.625 0
100 4.54672 -34.0 23353 921.625 0
001 3.70610 -40.0 23376 921.625 0
101 0.32520 -40.0 23412 921.625 0
100 3.87177 -35.0 23764 922.625 0
001 2.96979 -41.0 23796 922.625 0
101 5.97639 -40.0 23845 922.625 0
100 3.85950 -34.5 24179 922.625 0
001 3.00660 -40.0 24219 922.625 0
101 5.95798 -40.5 24266 922.625 0
100 3.83495 -35.0 24594 922.625 0
001 2.95751 -40.5 24625 922.625 0
101 5.93344 -40.5 24692 922.625 0
100 3.87177 -34.5 25008 922.625 0
001 2.98206 -40.5 25040 922.625 0
101 5.98253 -40.0 25120 922.625 0
100 3.14773 -35.5 25422 923.625 0
001 2.24575 -40.5 25464 923.625 0
101 5.45484 -41.0 25540 923.625 0
100 3.11705 -36.0 25831 923.625 0
001 2.28256 -41.0 25881 923.625 0
101 5.47324 -41.0 25956 923.625 0
100 3.09864 -35.0 26252 923.625 0
001 2.20280 -40.0 26296 923.625 0
101 5.48552 -41.0 26376 923.625 0
100 3.16000 -36.5 26677 923.625 0
001 2.28870 -41.0 26710 923.625 0
101 5.35052 -40.5 26794 923.625 0
100 3.16000 -36.0 27093 923.625 0
001 2.30097 -41.0 27125 923.625 0
101 0.99402 -39.0 27218 920.625 0
100 5.17258 -33.0 27497 920.625 0
001 4.38105 -39.5 27533 920.625 0
101 0.88971 -39.0 27639 920.625 0
100 5.19713 -33.0 27915 920.625 0
001 4.36264 -39.5 27956 920.625 0
101 0.98788 -39.0 28053 920.625 0
100 5.15418 -32.5 28332 920.625 0
001 4.32583 -39.0 28372 920.625 0
101 0.90198 -40.0 28470 920.625 0
100 5.11122 -32.5 28744 920.625 0
001 4.37491 -38.5 28780 920.625 0
101 0.85289 -41.0 28891 920.625 0
100 4.39946 -34.0 29165 921.625 0
001 3.60179 -39.5 29196 921.625 0
101 0.30066 -41.0 29317 921.625 0
100 4.43627 -33.5 29581 921.625 0
001 3.64474 -39.0 29613 921.625 0
101 0.28225 -41.5 29733 921.625 0
100 4.39332 -34.0 30003 921.625 0
001 2.97592 -40.0 40056 922.625 0
100 3.82882 -35.0 40061 922.625 0
101 5.07441 -38.5 40066 922.625 0
100 3.65701 -35.5 40475 922.625 0
001 2.92070 -40.5 40480 922.625 0
101 5.05600 -38.0 40494 922.625 0
100 3.73678 -35.0 40892 922.625 0
001 2.94524 -40.5 40902 922.625 0
101 5.09282 -38.0 40911 922.625 0
100 3.71223 -35.5 41309 922.625 0
001 2.98819 -40.5 41319 922.625 0
101 5.15418 -38.0 41333 922.625 0
001 2.96979 -40.5 41735 922.625 0
100 3.73064 -35.5 41749 922.625 0
101 5.14804 -38.0 41758 922.625 0
001 2.35006 -41.0 42159 923.625 0
100 3.03115 -36.0 42177 923.625 0
101 4.41173 -39.0 42191 923.625 0
001 2.49732 -40.5 42566 923.625 0
100 3.01887 -36.0 42603 923.625 0
101 4.44854 -39.0 42612 923.625 0
001 2.38074 -41.5 42986 923.625 0
100 2.99433 -37.0 43022 923.625 0
101 4.40559 -39.0 43044 923.625 0
001 2.34392 -41.0 43413 923.625 0
100 3.01887 -36.0 43436 923.625 0
101 4.43014 -39.0 43473 923.625 0
001 4.30742 -39.5 43825 920.625 0
100 5.09895 -34.0 43852 920.625 0
101 0.06750 -36.5 43897 920.625 0
001 4.23379 -39.5 44234 920.625 0
100 4.82897 -35.0 44285 920.625 0
101 0.15340 -37.0 44317 920.625 0
001 4.26447 -39.0 44656 920.625 0
100 4.87806 -34.0 44711 920.625 0
101 0.14113 -37.0 44748 920.625 0
001 4.25219 -39.5 45079 920.625 0
100 4.79216 -34.0 45129 920.625 0
101 0.14726 -37.5 45175 920.625 0
001 3.60792 -39.5 45490 921.625 0
100 4.36878 -35.0 45550 921.625 0
101 5.85367 -37.0 45590 921.625 0
001 3.56497 -40.0 45912 921.625 0
100 4.29515 -34.5 45974 921.625 0
101 5.81686 -37.5 46019 921.625 0
001 3.60792 -39.5 46345 921.625 0
100 4.41786 -34.0 46408 921.625 0
101 5.92730 -38.0 46435 921.625 0
001 3.65087 -39.5 46758 921.625 0
100 4.27060 -35.0 46834 921.625 0
101 5.74936 -38.5 46861 921.625 0
001 3.59565 -39.5 47185 921.625 0
100 3.64474 -35.0 47254 922.625 0
101 5.12963 -39.0 47281 922.625 0
001 2.87161 -40.5 47602 922.625 0
100 3.63860 -36.0 47678 922.625 0
101 5.14190 -39.0 47700 922.625 0
001 2.96979 -40.0 48015 922.625 0
100 3.61406 -36.0 48109 922.625 0
101 5.09282 -39.0 48119 922.625 0
001 2.89002 -40.5 48429 922.625 0
100 3.65087 -35.0 48522 922.625 0
101 5.13577 -39.0 48549 922.625 0
001 2.88388 -40.5 48854 922.625 0
100 3.60792 -36.0 48961 922.625 0
101 5.12350 -39.0 48970 922.625 0
001 2.22120 -40.5 49275 923.625 0
100 2.92684 -37.0 49382 923.625 0
101 4.50377 -38.5 49405 923.625 0
001 2.60777 -41.5 49690 923.625 0
100 3.01274 -36.0 49800 923.625 0
101 4.41786 -39.0 49823 923.625 0
