100 3.31340 -30.0 0 922.625 0
001 2.94524 -57.0 6 922.625 0
100 3.29499 -29.5 792 922.625 0
001 2.84093 -55.0 799 922.625 0
001 2.82866 -54.5 1564 922.625 0
100 3.25818 -29.5 1573 922.625 0
001 2.54027 -56.0 2328 923.625 0
100 2.72435 -29.5 2356 923.625 0
001 2.74276 -58.5 3110 923.625 0
100 2.93911 -29.5 3147 923.625 0
001 4.34423 -54.0 3876 920.625 0
100 4.74307 -30.0 3960 920.625 0
001 4.46695 -53.5 4645 920.625 0
100 4.73693 -29.5 4752 920.625 0
001 3.89631 -55.5 5431 921.625 0
100 4.10493 -29.5 5537 921.625 0
001 3.62633 -55.5 6202 921.625 0
100 4.32583 -29.5 6318 921.625 0
001 3.54043 -54.5 6986 921.625 0
100 4.43627 -29.5 7106 921.625 0
001 2.91456 -57.5 7770 922.625 0
100 3.35021 -30.0 7878 922.625 0
001 2.96365 -57.0 8548 922.625 0
100 3.29499 -29.5 8662 922.625 0
001 2.85934 -57.5 9320 923.625 0
100 2.60777 -29.5 9445 923.625 0
100 4.57740 -30.0 20026 920.625 0
100 4.56513 -30.0 21597 920.625 0
100 3.91472 -30.5 22382 921.625 0
100 3.91472 -30.5 23166 921.625 0
100 3.11705 -31.0 23970 922.625 0
001 4.62649 -49.0 24035 922.625 0
100 3.11705 -31.5 24760 922.625 0
001 4.76761 -47.0 24818 922.625 0
100 2.37460 -31.5 25539 923.625 0
001 4.30742 -46.5 25599 923.625 0
100 2.62004 -30.5 26351 923.625 0
001 4.14788 -47.5 26392 923.625 0
100 2.52186 -31.5 27137 923.625 0
001 4.57126 -49.5 27177 923.625 0
100 4.51604 -30.0 27915 920.625 0
001 5.98866 -47.5 27964 920.625 0
100 4.49150 -30.0 28691 920.625 0
001 6.02548 -48.0 28750 920.625 0
100 4.08652 -30.0 29475 921.625 0
001 5.30757 -48.0 29533 921.625 0
100 3.12932 -31.5 40047 922.625 0
001 4.67557 -47.5 40052 922.625 0
100 3.12932 -31.0 40824 922.625 0
001 4.67557 -47.5 40834 922.625 0
100 3.13546 -31.5 41609 922.625 0
001 4.68785 -47.5 41618 922.625 0
100 2.81025 -31.0 42389 923.625 0
001 4.10493 -47.5 42407 923.625 0
100 2.54641 -31.0 43191 923.625 0
001 4.26447 -47.0 43201 923.625 0
001 6.11752 -47.5 43993 920.625 0
100 4.60808 -30.5 44764 920.625 0
001 6.13592 -47.5 44774 920.625 0
100 4.08652 -31.0 45541 921.625 0
001 5.55915 -47.5 45565 921.625 0
100 4.11107 -31.0 46323 921.625 0
001 5.58369 -47.5 46346 921.625 0
100 4.03130 -31.0 47126 921.625 0
001 5.47324 -47.0 47135 921.625 0
100 3.11091 -31.0 47904 922.625 0
001 4.68171 -47.0 47919 922.625 0
100 3.14159 -31.0 48678 922.625 0
001 4.68785 -47.0 48709 922.625 0
100 2.61390 -31.0 49451 923.625 0
001 4.22765 -47.0 49496 923.625 0
