001 1.30695 -45.0 0 920.625 0
100 2.79185 -49.5 5 920.625 0
001 1.29468 -45.0 763 920.625 0
100 2.85934 -49.0 794 920.625 0
001 1.28241 -45.5 1522 920.625 0
100 2.89002 -49.5 1588 920.625 0
001 0.59518 -45.5 2296 921.625 0
100 2.24575 -50.0 2377 921.625 0
001 0.58291 -45.0 3070 921.625 0
100 2.07394 -50.0 3172 921.625 0
001 0.06136 -45.5 3848 922.625 0
100 1.43581 -51.0 3961 922.625 0
001 6.11752 -45.0 4615 922.625 0
100 1.74260 -51.0 4757 922.625 0
001 5.46097 -46.0 5387 923.625 0
100 0.73631 -52.0 5559 923.625 0
001 5.47324 -46.0 6156 923.625 0
100 0.77313 -52.5 6358 923.625 0
001 5.47324 -46.0 6923 923.625 0
100 0.76085 -53.0 7151 923.625 0
001 1.30695 -44.5 7686 920.625 0
100 2.75503 -49.5 7947 920.625 0
001 1.49717 -44.5 8451 920.625 0
100 2.77344 -49.0 8739 920.625 0
001 1.00016 -45.5 9220 921.625 0
100 2.19666 -48.5 9526 921.625 0
001 0.81608 -45.0 9993 921.625 0
100 1.54012 -50.0 20047 922.625 0
001 6.27091 -46.5 20052 922.625 0
001 6.22183 -46.0 20819 922.625 0
100 1.57693 -50.0 20833 922.625 0
001 6.24637 -46.0 21582 922.625 0
100 1.55239 -50.5 21623 922.625 0
001 5.66346 -46.0 22359 923.625 0
100 1.03084 -51.0 22412 923.625 0
001 5.92117 -46.5 23125 923.625 0
100 1.01243 -51.0 23200 923.625 0
001 1.31309 -45.0 23895 920.625 0
100 2.85320 -49.0 23989 920.625 0
001 1.38058 -45.5 24669 920.625 0
100 2.86548 -49.0 24774 920.625 0
001 0.80381 -45.5 25442 921.625 0
100 2.56482 -49.0 25566 921.625 0
001 0.74858 -45.5 26214 921.625 0
100 2.25802 -49.0 26355 921.625 0
001 0.61359 -45.5 26986 921.625 0
100 2.15984 -49.0 27141 921.625 0
001 6.25251 -46.0 27755 922.625 0
100 1.50944 -49.5 27931 922.625 0
001 6.22796 -46.5 28527 922.625 0
100 1.54012 -49.5 28724 922.625 0
001 5.67573 -46.5 29292 923.625 0
100 0.93880 -50.5 29519 923.625 0
001 1.34377 -45.5 40072 920.625 0
100 2.84707 -49.5 40077 920.625 0
001 1.40513 -45.0 40842 920.625 0
100 3.03728 -49.0 40865 920.625 0
001 1.49103 -45.0 41613 920.625 0
100 2.81639 -48.5 41655 920.625 0
001 0.61359 -45.5 42378 921.625 0
100 2.19052 -49.0 42445 921.625 0
001 0.65654 -45.5 43159 921.625 0
100 2.41142 -49.0 43235 921.625 0
001 6.20955 -46.0 43923 922.625 0
100 1.50330 -50.0 44035 922.625 0
001 6.24023 -46.0 44693 922.625 0
100 1.50944 -50.0 44827 922.625 0
001 5.57142 -46.5 45465 923.625 0
100 1.29468 -50.5 45620 923.625 0
001 5.81686 -46.5 46232 923.625 0
100 1.11674 -50.5 46415 923.625 0
001 5.74936 -46.5 47004 923.625 0
100 1.09219 -50.5 47205 923.625 0
001 1.36831 -45.5 47773 920.625 0
100 2.84707 -48.5 47993 920.625 0
001 1.68124 -45.5 48551 920.625 0
100 3.23363 -49.0 48783 920.625 0
001 0.89584 -45.5 49321 921.625 0
100 2.14144 -49.0 49572 921.625 0
