001 4.38719 -55.0 0 920.625 0
100 1.07379 -47.5 91 920.625 0
111 2.76117 -65.5 703 920.625 0
001 4.39946 -55.5 762 920.625 0
100 0.54610 -48.5 886 920.625 0
001 4.66330 -53.0 1507 920.625 0
100 0.45406 -47.0 1653 920.625 0
001 3.78586 -51.0 2250 921.625 0
100 0.51542 -46.0 2397 921.625 0
001 3.87177 -51.5 2981 921.625 0
100 0.57678 -46.0 3168 921.625 0
001 3.08023 -51.5 3723 922.625 0
100 5.64505 -47.0 3931 922.625 0
001 2.97592 -51.5 4466 922.625 0
100 5.89049 -47.0 4701 922.625 0
001 3.11705 -51.5 5200 922.625 0
001 2.06167 -51.5 5941 923.625 0
001 1.85305 -51.5 6683 923.625 0
100 0.75472 -45.5 7189 920.625 0
001 4.63262 -50.0 7427 920.625 0
100 0.74858 -45.5 7956 920.625 0
001 4.51604 -50.0 8166 920.625 0
100 0.73631 -45.5 8717 920.625 0
001 4.85352 -50.0 8911 920.625 0
100 0.23317 -46.5 9487 921.625 0
001 3.73678 -51.0 9664 921.625 0
100 5.89662 -47.5 20024 922.625 0
001 2.77344 -51.0 20029 922.625 0
001 2.82252 -50.5 20772 922.625 0
100 5.89049 -46.5 20791 922.625 0
001 2.82252 -51.0 21526 922.625 0
100 5.74322 -46.0 21557 922.625 0
001 1.79783 -51.0 22281 923.625 0
100 5.20940 -47.0 22327 923.625 0
001 1.74260 -51.0 23020 923.625 0
100 5.20326 -47.0 23098 923.625 0
001 4.47309 -50.5 23754 920.625 0
100 1.03697 -44.5 23860 920.625 0
001 4.41786 -50.5 24500 920.625 0
100 0.97561 -44.5 24620 920.625 0
001 4.39946 -50.5 25257 920.625 0
100 0.98788 -44.5 25382 920.625 0
001 3.59565 -50.0 26006 921.625 0
100 0.25157 -45.5 26145 921.625 0
001 3.58952 -50.5 26749 921.625 0
100 0.34975 -45.5 26913 921.625 0
001 2.73662 -51.0 27499 922.625 0
100 5.94571 -46.0 27678 922.625 0
001 2.69367 -50.5 28236 922.625 0
100 6.08070 -46.0 28445 922.625 0
001 2.98206 -50.5 28978 922.625 0
001 1.69351 -51.0 29728 923.625 0
001 4.45468 -49.0 40047 920.625 0
100 0.95107 -45.0 40053 920.625 0
001 4.52831 -49.5 40785 920.625 0
100 0.95107 -45.0 40817 920.625 0
001 4.44241 -50.0 41535 920.625 0
100 0.96334 -45.5 41589 920.625 0
001 3.56497 -50.0 42272 921.625 0
100 0.29452 -46.5 42350 921.625 0
001 3.91472 -50.0 43009 921.625 0
100 0.31907 -46.0 43106 921.625 0
001 3.09251 -50.5 43752 922.625 0
100 5.97639 -47.0 43871 922.625 0
001 2.65685 -50.5 44487 922.625 0
100 5.86594 -47.0 44641 922.625 0
001 2.79185 -50.0 45226 922.625 0
100 5.79231 -47.0 45412 922.625 0
001 1.60148 -50.5 45965 923.625 0
001 1.66284 -50.5 46706 923.625 0
100 1.21491 -45.0 47235 920.625 0
001 4.65717 -49.5 47450 920.625 0
100 0.93880 -45.0 47994 920.625 0
001 4.30742 -49.5 48196 920.625 0
100 0.92039 -45.0 48755 920.625 0
001 4.39332 -49.5 48948 920.625 0
100 0.25157 -46.5 49523 921.625 0
001 3.49748 -50.0 49689 921.625 0
