100 0.91425 -46.5 0 922.625 0
001 0.57678 -42.0 6 922.625 0
101 1.41126 -44.5 13 922.625 0
001 0.58291 -41.5 742 922.625 0
101 1.40513 -44.0 751 922.625 0
100 0.74858 -46.5 765 922.625 0
001 0.69336 -41.5 1466 922.625 0
101 1.42967 -44.0 1493 922.625 0
100 0.81608 -46.0 1530 922.625 0
101 0.81608 -44.5 2255 923.625 0
100 6.25251 -47.5 2286 923.625 0
101 0.66882 -44.5 2999 923.625 0
100 6.27091 -47.5 3039 923.625 0
001 1.87146 -40.5 3720 920.625 0
101 2.92070 -44.0 3738 920.625 0
100 1.92668 -43.5 3788 920.625 0
001 2.33779 -40.5 4454 920.625 0
101 2.91456 -44.0 4477 920.625 0
100 1.98804 -43.5 4543 920.625 0
001 2.12303 -40.5 5179 920.625 0
101 3.36862 -44.0 5211 920.625 0
100 1.85305 -44.0 5292 920.625 0
001 1.23332 -41.0 5902 921.625 0
101 2.35006 -44.5 5956 921.625 0
100 1.29468 -44.0 6055 921.625 0
001 1.38672 -41.0 6629 921.625 0
101 2.33779 -44.5 6686 921.625 0
100 1.36831 -45.5 6806 921.625 0
001 0.94493 -41.0 7361 922.625 0
100 0.74858 -44.5 7552 922.625 0
001 0.93266 -41.0 8089 922.625 0
100 0.55837 -44.5 8297 922.625 0
001 0.77926 -41.0 8831 922.625 0
001 6.25864 -41.5 9563 923.625 0
101 0.91425 -45.0 9631 923.625 0
101 2.99433 -44.0 20036 920.625 0
100 2.04940 -43.0 20041 920.625 0
001 1.94509 -40.5 20046 920.625 0
101 2.96979 -44.0 20769 920.625 0
001 1.92668 -40.5 20779 920.625 0
100 1.84078 -43.0 20806 920.625 0
101 2.94524 -44.0 21500 920.625 0
001 1.96350 -40.5 21518 920.625 0
100 1.76101 -43.0 21563 920.625 0
101 2.16598 -44.5 22238 921.625 0
001 1.33150 -41.0 22248 921.625 0
100 1.28854 -43.5 22312 921.625 0
001 1.28854 -41.0 22980 921.625 0
101 2.55868 -44.5 22989 921.625 0
100 1.29468 -44.0 23062 921.625 0
001 0.85903 -41.5 23716 922.625 0
100 0.72404 -45.0 23826 922.625 0
001 0.58905 -41.5 24451 922.625 0
100 0.85903 -45.5 24573 922.625 0
001 0.85289 -41.5 25183 922.625 0
100 1.06151 -46.0 25328 922.625 0
001 6.23410 -42.5 25923 923.625 0
101 0.96334 -45.0 25955 923.625 0
100 0.00614 -47.0 26079 923.625 0
001 6.27091 -42.5 26652 923.625 0
101 0.96948 -45.0 26697 923.625 0
100 6.27091 -47.0 26840 923.625 0
001 2.00031 -41.0 27371 920.625 0
101 2.92684 -44.0 27429 920.625 0
100 2.01872 -43.5 27585 920.625 0
001 2.03099 -40.5 28113 920.625 0
101 2.90229 -44.0 28167 920.625 0
100 2.36847 -43.5 28346 920.625 0
001 2.01872 -40.5 28853 920.625 0
101 2.93297 -44.0 28906 920.625 0
100 1.32536 -44.5 29097 921.625 0
001 1.32536 -41.0 29586 921.625 0
101 2.16598 -44.5 29644 921.625 0
100 1.25786 -44.5 29845 921.625 0
001 0.74858 -42.0 40069 922.625 0
101 1.47262 -45.0 40075 922.625 0
100 0.60746 -45.5 40080 922.625 0
001 0.72404 -42.0 40798 922.625 0
101 1.48489 -44.5 40815 922.625 0
100 0.99402 -45.5 40829 922.625 0
001 0.87744 -41.5 41532 922.625 0
100 0.71177 -45.5 41584 922.625 0
001 6.27705 -42.5 42266 923.625 0
101 0.86517 -45.0 42293 923.625 0
100 6.24637 -47.0 42343 923.625 0
001 6.25864 -42.5 42990 923.625 0
101 1.10447 -45.5 43040 923.625 0
100 6.24637 -46.5 43102 923.625 0
001 1.95122 -40.5 43736 920.625 0
101 2.96979 -44.0 43787 920.625 0
100 1.97577 -43.0 43858 920.625 0
001 1.93282 -41.0 44462 920.625 0
101 2.98206 -44.0 44539 920.625 0
100 2.17825 -43.5 44607 920.625 0
001 1.98190 -41.0 45190 920.625 0
101 2.93911 -44.5 45275 920.625 0
100 1.94509 -43.5 45364 920.625 0
001 1.28854 -41.0 45918 921.625 0
101 2.51573 -44.5 46011 921.625 0
100 1.31922 -44.0 46113 921.625 0
001 1.32536 -41.0 46658 921.625 0
101 2.58936 -44.5 46745 921.625 0
100 1.26400 -44.0 46872 921.625 0
001 0.87744 -41.5 47383 922.625 0
100 0.56450 -45.0 47630 922.625 0
001 0.67495 -41.5 48114 922.625 0
100 0.80381 -45.5 48392 922.625 0
001 0.58905 -41.5 48840 922.625 0
100 6.24023 -47.0 49151 923.625 0
001 6.24023 -42.0 49567 923.625 0
101 0.85289 -45.5 49678 923.625 0
100 6.25251 -46.5 49908 923.625 0
