100 1.68124 -32.5 0 922.625 0
001 0.48474 -49.0 263 922.625 0
100 5.65732 -32.0 655 922.625 0
101 5.83526 -53.5 758 922.625 0
001 0.38656 -42.0 913 922.625 0
100 5.46097 -39.0 1309 922.625 0
101 5.73709 -49.0 1410 922.625 0
001 0.57064 -43.5 1558 922.625 0
100 4.80443 -35.5 1955 923.625 0
001 5.39961 -43.0 2205 923.625 0
100 5.18486 -32.5 2613 923.625 0
001 5.04373 -41.0 2852 923.625 0
100 5.22167 -32.5 3254 923.625 0
001 5.10509 -41.5 3490 923.625 0
100 1.54625 -32.0 3897 920.625 0
001 1.12901 -39.0 4130 920.625 0
100 1.16583 -31.5 4558 920.625 0
001 1.12901 -38.5 4776 920.625 0
100 1.17196 -31.5 5217 920.625 0
001 0.16567 -40.0 5424 921.625 0
100 0.45406 -32.0 5860 921.625 0
001 0.17794 -39.5 6058 921.625 0
100 0.50928 -32.0 6511 921.625 0
001 0.38043 -40.0 6702 921.625 0
100 0.44179 -32.0 7165 921.625 0
001 5.86594 -40.5 7345 922.625 0
100 5.97639 -32.5 7820 922.625 0
001 6.03161 -40.0 7984 922.625 0
100 6.09297 -32.5 8466 922.625 0
001 5.85981 -40.5 8622 922.625 0
100 5.19099 -32.5 9117 923.625 0
001 5.08054 -41.5 9261 923.625 0
100 5.16645 -32.5 9757 923.625 0
001 4.97010 -41.0 9906 923.625 0
100 2.76117 -31.5 20035 920.625 0
001 2.95751 -48.5 20343 920.625 0
100 2.77344 -30.0 20691 920.625 0
101 3.39317 -51.0 20701 920.625 0
001 1.31922 -45.5 21190 920.625 0
100 4.35651 -38.0 21359 920.625 0
001 0.93266 -46.0 21843 921.625 0
101 3.61406 -49.5 21939 921.625 0
100 3.11705 -34.5 22010 921.625 0
001 0.42951 -44.0 22489 921.625 0
100 3.60792 -35.5 22659 921.625 0
101 1.47876 -53.5 23072 921.625 0
001 0.80381 -43.5 23139 921.625 0
100 5.46097 -33.0 23312 921.625 0
101 0.39270 -56.0 23646 922.625 0
001 0.36816 -42.5 23784 922.625 0
100 2.65072 -42.0 23970 922.625 0
001 0.57678 -38.5 24419 922.625 0
100 2.74889 -42.0 24627 922.625 0
001 2.58936 -44.0 25071 922.625 0
101 0.04909 -53.5 25081 922.625 0
100 4.69398 -26.5 25279 922.625 0
001 3.06796 -31.5 25715 923.625 0
101 5.56528 -46.5 25738 923.625 0
100 6.03161 -32.0 25933 923.625 0
101 4.85352 -47.0 26338 923.625 0
001 3.03728 -37.0 26359 923.625 0
100 4.49763 -34.5 26590 923.625 0
001 5.91503 -41.0 26899 923.625 0
101 6.22796 -50.0 27041 923.625 0
100 3.94540 -43.0 27253 920.625 0
001 1.93282 -38.5 27554 920.625 0
100 4.89033 -44.0 27909 920.625 0
001 1.88986 -39.5 28199 920.625 0
101 0.62586 -50.0 28443 920.625 0
100 4.20311 -39.0 28577 920.625 0
001 0.95107 -39.0 28842 920.625 0
101 0.04295 -47.0 29094 921.625 0
100 3.60179 -40.5 29236 921.625 0
001 0.88357 -40.5 29496 921.625 0
101 0.73631 -50.0 29885 921.625 0
100 4.17856 -41.5 29895 921.625 0
101 0.24544 -39.5 40080 922.625 0
001 5.91503 -40.5 40086 922.625 0
101 0.41111 -39.5 40729 922.625 0
001 5.95185 -40.5 40734 922.625 0
100 2.84707 -50.0 40744 922.625 0
101 0.34361 -39.0 41375 922.625 0
001 5.90889 -40.5 41384 922.625 0
100 2.93297 -50.0 41408 922.625 0
101 5.88435 -39.0 42017 923.625 0
001 5.18486 -41.0 42026 923.625 0
100 2.69981 -49.5 42068 923.625 0
101 6.08684 -39.0 42655 923.625 0
001 5.16645 -41.0 42674 923.625 0
100 2.49732 -49.5 42725 923.625 0
101 5.94571 -39.5 43320 923.625 0
001 5.17872 -40.5 43330 923.625 0
100 2.42983 -48.5 43382 923.625 0
101 1.67511 -39.5 43963 920.625 0
001 1.06151 -38.5 43977 920.625 0
100 3.86563 -46.0 44050 920.625 0
101 1.63216 -39.5 44618 920.625 0
001 1.28241 -39.0 44632 920.625 0
100 3.89018 -46.5 44721 920.625 0
101 1.61375 -39.5 45258 920.625 0
001 1.06151 -39.0 45290 920.625 0
100 3.84109 -46.0 45384 920.625 0
101 1.04311 -39.0 45905 921.625 0
001 0.15340 -39.5 45934 921.625 0
100 3.20909 -48.0 46050 921.625 0
101 1.04311 -39.0 46565 921.625 0
001 0.36816 -39.5 46596 921.625 0
100 3.17841 -47.5 46701 921.625 0
101 1.09219 -39.0 47209 921.625 0
001 0.38656 -39.0 47242 921.625 0
100 2.92684 -47.5 47360 922.625 0
101 0.35588 -39.5 47868 922.625 0
001 5.90276 -40.0 47882 922.625 0
100 2.69981 -47.5 48029 922.625 0
001 0.00000 -40.0 48532 922.625 0
101 0.20862 -39.5 48537 922.625 0
100 2.72435 -47.0 48698 922.625 0
001 5.38120 -40.5 49181 923.625 0
101 5.93957 -39.5 49194 923.625 0
100 2.13530 -48.0 49355 923.625 0
001 5.17258 -40.5 49835 923.625 0
101 6.21569 -39.0 49845 923.625 0
100 2.12917 -48.0 50028 923.625 0
