100 3.58338 -33.5 0 920.625 0
101 2.62618 -55.0 5 920.625 0
100 3.57111 -33.5 589 920.625 0
101 2.70594 -55.5 603 920.625 0
100 3.50975 -33.0 1192 920.625 0
001 1.74874 -57.5 1203 920.625 0
101 2.67526 -54.5 1213 920.625 0
100 2.77957 -33.5 1795 921.625 0
101 1.78555 -52.0 1814 921.625 0
100 2.82866 -33.5 2388 921.625 0
101 2.00645 -52.5 2416 921.625 0
100 2.80412 -33.5 2980 921.625 0
101 1.94509 -52.5 3016 921.625 0
100 2.81025 -33.5 3566 921.625 0
101 1.29468 -51.5 3619 922.625 0
100 2.11076 -33.5 4166 922.625 0
101 1.31309 -51.5 4226 922.625 0
100 2.11076 -33.5 4771 922.625 0
101 1.25173 -51.0 4831 922.625 0
100 2.11076 -34.0 5358 922.625 0
101 0.55223 -50.5 5438 923.625 0
100 1.45421 -34.0 5965 923.625 0
101 0.58291 -51.0 6039 923.625 0
100 1.50944 -33.5 6571 923.625 0
101 0.63200 -51.0 6643 923.625 0
100 1.41126 -33.5 7156 923.625 0
101 2.69367 -54.0 7241 920.625 0
100 3.25818 -33.5 7746 920.625 0
101 2.71208 -54.0 7844 920.625 0
100 3.22750 -33.5 8331 920.625 0
101 2.71208 -53.5 8449 920.625 0
100 3.28885 -33.5 8935 920.625 0
101 2.00031 -52.5 9045 921.625 0
100 2.74889 -33.5 9546 921.625 0
101 1.92054 -52.5 9646 921.625 0
100 2.83480 -38.5 20032 922.625 0
001 3.57111 -40.5 20038 922.625 0
101 0.21476 -50.5 20400 922.625 0
100 3.09864 -37.5 20631 922.625 0
001 3.49134 -47.5 20795 922.625 0
101 5.66959 -47.5 21008 922.625 0
100 3.90245 -45.5 21234 922.625 0
001 2.82866 -52.0 21384 922.625 0
100 5.17258 -27.5 21840 923.625 0
001 4.10493 -34.5 21984 923.625 0
100 0.33748 -27.0 22430 923.625 0
001 3.64474 -33.0 22576 923.625 0
101 5.14190 -47.0 22744 923.625 0
100 5.54074 -34.5 23021 923.625 0
001 3.55884 -35.5 23088 923.625 0
101 4.76148 -60.5 23550 923.625 0
100 0.99402 -36.0 23622 920.625 0
001 4.47922 -36.5 23690 920.625 0
101 0.81608 -45.0 24155 920.625 0
100 6.03775 -36.0 24208 920.625 0
001 4.96396 -45.0 24297 920.625 0
101 4.63262 -49.5 24699 920.625 0
100 2.85320 -41.5 24809 920.625 0
001 1.87146 -41.0 24893 920.625 0
101 5.58369 -48.5 25304 920.625 0
100 4.77375 -48.0 25445 921.625 0
001 2.66913 -51.0 25685 921.625 0
101 5.34439 -46.0 25907 921.625 0
100 4.47309 -41.0 26063 921.625 0
001 2.72435 -47.5 26288 921.625 0
101 5.56528 -46.5 26521 921.625 0
100 4.12334 -41.0 26677 921.625 0
001 2.58936 -45.5 26892 921.625 0
101 5.60823 -47.0 27132 921.625 0
100 3.23977 -41.0 27297 922.625 0
001 1.60761 -45.5 27488 922.625 0
101 4.80443 -46.5 27738 922.625 0
100 3.26431 -41.0 27915 922.625 0
001 1.68738 -45.0 28084 922.625 0
101 4.79216 -47.0 28352 922.625 0
100 3.20909 -41.0 28520 922.625 0
001 1.69351 -45.5 28680 922.625 0
101 4.74920 -47.5 28954 922.625 0
100 2.69981 -41.0 29141 923.625 0
001 1.10447 -46.0 29280 923.625 0
101 4.34423 -47.0 29562 923.625 0
100 2.76730 -41.0 29752 923.625 0
001 1.16583 -46.0 29883 923.625 0
100 4.70012 -40.5 40052 920.625 0
101 6.18501 -47.0 40058 920.625 0
001 3.08637 -44.5 40063 920.625 0
100 4.73080 -40.0 40661 920.625 0
101 6.12365 -47.0 40671 920.625 0
001 3.04342 -44.5 40680 920.625 0
100 4.73693 -40.5 41269 920.625 0
001 3.09251 -44.5 41283 920.625 0
101 6.12979 -47.0 41293 920.625 0
001 2.32551 -44.5 41879 921.625 0
100 3.96994 -40.0 41889 921.625 0
101 5.43643 -47.5 41907 921.625 0
001 2.32551 -44.5 42471 921.625 0
100 4.01903 -40.0 42502 921.625 0
101 5.41188 -47.0 42521 921.625 0
001 2.32551 -44.5 43075 921.625 0
100 4.02517 -40.0 43120 921.625 0
101 5.46097 -47.5 43130 921.625 0
001 1.66897 -44.5 43662 922.625 0
100 3.26431 -40.0 43728 922.625 0
101 4.67557 -48.0 43738 922.625 0
001 1.59534 -44.5 44253 922.625 0
100 3.22136 -39.5 44338 922.625 0
101 4.68785 -47.5 44348 922.625 0
001 1.54012 -44.5 44849 922.625 0
100 3.27658 -40.0 44947 922.625 0
101 4.68785 -48.5 44961 922.625 0
001 1.11674 -44.0 45456 923.625 0
100 2.58936 -39.5 45568 923.625 0
101 4.03744 -47.5 45573 923.625 0
001 1.30082 -44.0 46056 923.625 0
101 4.33810 -47.5 46180 923.625 0
100 2.81639 -39.5 46190 923.625 0
001 1.00016 -44.0 46653 923.625 0
101 4.10493 -48.5 46786 923.625 0
100 2.67526 -39.5 46809 923.625 0
001 3.09864 -44.5 47264 920.625 0
101 6.18501 -47.5 47398 920.625 0
100 4.74920 -40.0 47426 920.625 0
001 3.06183 -44.0 47857 920.625 0
101 6.19115 -47.0 48012 920.625 0
100 4.74920 -40.0 48034 920.625 0
001 3.06796 -44.0 48453 920.625 0
101 6.21569 -47.5 48617 920.625 0
100 4.79829 -40.0 48640 920.625 0
001 2.32551 -44.0 49043 921.625 0
101 5.45484 -47.5 49219 921.625 0
100 4.09880 -39.5 49260 921.625 0
001 2.34392 -44.0 49652 921.625 0
101 5.46711 -47.5 49831 921.625 0
100 4.04971 -39.5 49880 921.625 0
