100 4.54058 -30.5 0 920.625 0
001 3.04342 -41.0 5 920.625 0
100 4.51604 -30.5 560 920.625 0
001 2.98206 -40.5 574 920.625 0
100 4.54672 -30.5 1121 920.625 0
001 3.06183 -41.0 1134 920.625 0
100 4.52218 -30.5 1688 920.625 0
001 3.06183 -41.0 1702 920.625 0
100 4.09880 -30.5 2246 921.625 0
001 2.67526 -41.0 2255 921.625 0
100 3.99449 -30.0 2801 921.625 0
001 2.34392 -40.5 2811 921.625 0
100 4.03130 -30.5 3364 921.625 0
001 2.44210 -40.5 3369 921.625 0
100 3.13546 -30.0 3922 922.625 0
001 1.57080 -40.5 3936 922.625 0
100 3.12932 -30.5 4473 922.625 0
001 1.57080 -40.5 4487 922.625 0
001 1.56466 -40.5 5039 922.625 0
100 3.14159 -30.5 5053 922.625 0
001 0.96334 -40.5 5592 923.625 0
100 2.58322 -30.0 5611 923.625 0
001 0.97561 -40.5 6146 923.625 0
100 2.58322 -30.0 6178 923.625 0
001 1.10447 -40.5 6706 923.625 0
100 2.54027 -30.0 6733 923.625 0
001 3.01274 -40.5 7269 920.625 0
100 4.49150 -30.5 7296 920.625 0
001 3.03728 -41.0 7819 920.625 0
100 4.50990 -30.5 7864 920.625 0
001 3.04955 -41.0 8374 920.625 0
100 4.51604 -30.5 8447 920.625 0
001 3.04342 -41.0 8935 920.625 0
100 4.09266 -30.5 9004 921.625 0
001 2.53414 -40.5 9495 921.625 0
100 3.90858 -30.5 9562 921.625 0
100 2.28870 -38.0 20042 922.625 0
001 3.59565 -36.0 20047 922.625 0
101 3.30113 -47.5 20052 922.625 0
001 3.52202 -37.0 20596 922.625 0
100 2.71821 -37.5 20621 922.625 0
101 3.30726 -48.0 20703 922.625 0
001 3.55270 -37.0 21154 922.625 0
100 2.45437 -37.5 21185 922.625 0
001 3.54043 -37.0 21705 922.625 0
100 2.47278 -39.0 21754 922.625 0
001 2.96365 -38.5 22260 923.625 0
100 1.96963 -38.0 22314 923.625 0
001 3.04955 -38.5 22815 923.625 0
100 1.96350 -37.5 22869 923.625 0
001 2.79185 -37.0 23363 923.625 0
100 2.01258 -36.5 23425 923.625 0
001 5.01919 -41.0 23918 920.625 0
100 3.88404 -38.5 23993 920.625 0
001 5.25235 -42.5 24472 920.625 0
100 3.85336 -38.5 24566 920.625 0
001 4.98851 -42.5 25024 920.625 0
100 3.85336 -38.5 25149 920.625 0
001 4.01289 -42.0 25575 921.625 0
100 3.36862 -38.0 25730 921.625 0
001 4.25219 -42.0 26130 921.625 0
100 3.32567 -38.0 26309 921.625 0
001 4.33810 -43.5 26693 921.625 0
101 4.06198 -54.5 26832 921.625 0
100 3.35635 -39.0 26873 921.625 0
001 3.52816 -43.5 27247 922.625 0
101 3.81654 -55.0 27413 922.625 0
100 2.45437 -39.0 27436 922.625 0
001 3.87177 -43.5 27811 922.625 0
101 3.81041 -54.0 27997 922.625 0
100 2.41755 -38.5 28016 922.625 0
001 3.55884 -44.0 28372 922.625 0
100 2.47891 -38.5 28577 922.625 0
101 3.81041 -53.5 28586 922.625 0
001 3.47293 -44.0 28922 922.625 0
100 1.76715 -38.5 29136 923.625 0
101 3.14159 -53.5 29165 923.625 0
001 2.67526 -42.5 29476 923.625 0
100 1.85918 -38.0 29714 923.625 0
101 3.13546 -53.5 29744 923.625 0
001 2.66299 -42.5 30034 923.625 0
100 4.21538 -41.0 40080 920.625 0
001 4.55899 -43.5 40085 920.625 0
001 4.67557 -44.0 40643 920.625 0
100 3.95153 -40.5 40648 920.625 0
001 4.50990 -42.5 41198 920.625 0
100 4.03744 -40.5 41219 920.625 0
001 4.53445 -42.5 41763 920.625 0
101 2.76730 -56.5 41773 920.625 0
100 4.12948 -40.5 41789 920.625 0
001 3.76746 -41.0 42327 921.625 0
100 3.38089 -38.5 42360 921.625 0
001 2.54027 -37.5 42887 921.625 0
100 2.98819 -33.5 42932 921.625 0
001 0.85289 -38.0 43435 921.625 0
100 1.99418 -31.5 43480 921.625 0
101 2.60163 -50.5 43639 921.625 0
001 0.03682 -44.0 43983 922.625 0
100 1.29468 -32.5 44036 922.625 0
101 1.99418 -49.5 44215 922.625 0
001 0.14113 -42.5 44534 922.625 0
100 1.20264 -33.0 44591 922.625 0
101 2.14144 -49.5 44792 922.625 0
001 1.16583 -40.5 45079 922.625 0
100 1.54012 -31.5 45162 922.625 0
101 5.09282 -52.0 45347 922.625 0
001 1.20264 -37.5 45651 923.625 0
100 1.07379 -36.0 45718 923.625 0
101 5.19713 -55.0 45930 923.625 0
001 2.76117 -40.5 46201 923.625 0
100 1.31922 -37.5 46296 923.625 0
101 4.68785 -57.0 46518 923.625 0
001 1.73033 -37.5 46754 923.625 0
100 1.09833 -34.5 46880 923.625 0
101 3.67542 -60.0 47104 923.625 0
001 3.66315 -42.5 47307 920.625 0
100 3.52816 -39.0 47459 920.625 0
101 1.94509 -49.0 47676 920.625 0
001 3.92699 -46.0 47865 920.625 0
100 5.13577 -35.0 48025 920.625 0
101 2.43596 -48.0 48248 920.625 0
001 3.34408 -41.0 48435 920.625 0
100 3.45452 -42.5 48612 920.625 0
001 0.42338 -46.5 48993 920.625 0
101 2.30711 -51.5 49030 920.625 0
100 3.63860 -39.5 49181 921.625 0
001 5.44870 -45.5 49550 921.625 0
101 1.74874 -48.5 49610 921.625 0
100 3.49748 -40.0 49750 921.625 0
