2022 0805 0100 0000 0101 0100 0.03682 -50.0 0 920.625 0
2022 0805 0100 0000 0101 0100 0.09204 -50.0 800 920.625 0
2022 0805 0100 0000 0101 0100 0.06750 -50.5 1607 920.625 0
2022 0805 0100 0000 0101 0100 0.15340 -50.5 2399 920.625 0
2022 0805 0100 0000 0101 0100 0.15953 -50.5 3192 920.625 0
2022 0805 0100 0000 0101 0100 0.08590 -50.0 3993 920.625 0
2022 0805 0100 0000 0101 0100 0.11658 -49.5 4796 920.625 0
2022 0805 0100 0000 0101 0100 0.17794 -51.0 5594 920.625 0
2022 0805 0100 0000 0101 0100 0.14113 -50.5 6399 920.625 0
2022 0805 0100 0000 0101 0100 0.17181 -51.0 7197 920.625 0
2022 0805 0100 0000 0101 0100 0.09204 -50.5 8005 920.625 0
2022 0805 0100 0000 0101 0100 0.13499 -51.0 8806 920.625 0
2022 0805 0100 0000 0101 0100 0.19021 -50.5 9616 920.625 0
2022 0805 0100 0000 0101 0100 0.22089 -50.5 20049 920.625 0
2022 0805 0100 0000 0101 0100 0.20249 -50.5 20858 920.625 0
2022 0805 0100 0000 0101 0100 0.15953 -51.5 21664 920.625 0
2022 0805 0100 0000 0101 0100 0.17181 -51.0 22470 920.625 0
2022 0805 0100 0000 0101 0100 0.21476 -50.5 23272 920.625 0
2022 0805 0100 0000 0101 0100 0.24544 -50.5 24076 920.625 0
2022 0805 0100 0000 0101 0100 0.27612 -50.5 24875 920.625 0
2022 0805 0100 0000 0101 0100 0.12885 -50.0 25671 920.625 0
2022 0805 0100 0000 0101 0100 0.11045 -50.5 26468 920.625 0
2022 0805 0100 0000 0101 0100 0.08590 -50.0 27266 920.625 0
2022 0805 0100 0000 0101 0100 0.17181 -50.5 28068 920.625 0
2022 0805 0100 0000 0101 0100 0.23930 -50.5 28868 920.625 0
2022 0805 0100 0000 0101 0100 0.23930 -50.5 29673 920.625 0
2022 0805 0100 0000 0101 0100 0.12885 -50.0 40119 920.625 0
2022 0805 0100 0000 0101 0100 0.17794 -50.5 40923 920.625 0
2022 0805 0100 0000 0101 0100 0.22703 -50.5 41723 920.625 0
2022 0805 0100 0000 0101 0100 0.15953 -50.5 42524 920.625 0
2022 0805 0100 0000 0101 0100 0.27612 -50.5 43323 920.625 0
2022 0805 0100 0000 0101 0100 0.14113 -50.5 44128 920.625 0
2022 0805 0100 0000 0101 0100 0.16567 -50.5 44934 920.625 0
2022 0805 0100 0000 0101 0100 0.18408 -51.0 45737 920.625 0
2022 0805 0100 0000 0101 0100 0.27612 -50.5 46531 920.625 0
2022 0805 0100 0000 0101 0100 0.25771 -50.5 47325 920.625 0
2022 0805 0100 0000 0101 0100 0.27612 -50.5 48125 920.625 0
2022 0805 0100 0000 0101 0100 0.17794 -51.0 48925 920.625 0
2022 0805 0100 0000 0101 0100 0.20249 -51.5 49720 920.625 0
