2022 0805 0100 0000 0101 0100 4.33810 -47.0 0 920.625 0
2022 0805 0100 0000 0101 0100 4.41173 -47.5 800 920.625 0
2022 0805 0100 0000 0101 0100 4.46695 -48.0 1593 920.625 0
2022 0805 0100 0000 0101 0100 4.43627 -47.0 2380 920.625 0
2022 0805 0100 0000 0101 0100 4.43627 -46.5 3184 920.625 0
2022 0805 0100 0000 0101 0100 4.33196 -47.0 3985 920.625 0
2022 0805 0100 0000 0101 0100 4.38719 -47.0 4781 920.625 0
2022 0805 0100 0000 0101 0100 4.38719 -47.0 5578 920.625 0
2022 0805 0100 0000 0101 0100 4.38719 -47.0 6368 920.625 0
2022 0805 0100 0000 0101 0100 4.37491 -47.0 7156 920.625 0
2022 0805 0100 0000 0101 0100 4.36264 -46.5 7945 920.625 0
2022 0805 0100 0000 0101 0100 4.33810 -46.5 8734 920.625 0
2022 0805 0100 0000 0101 0100 4.38105 -46.5 9512 920.625 0
2022 0805 0100 0000 0101 0100 4.30742 -46.5 20059 920.625 0
2022 0805 0100 0000 0101 0100 4.35037 -47.0 20851 920.625 0
2022 0805 0100 0000 0101 0100 4.31969 -47.0 21641 920.625 0
2022 0805 0100 0000 0101 0100 4.35651 -47.0 22428 920.625 0
2022 0805 0100 0000 0101 0100 4.39332 -47.0 23216 920.625 0
2022 0805 0100 0000 0101 0100 4.38105 -47.0 24001 920.625 0
2022 0805 0100 0000 0101 0100 4.31969 -46.5 24805 920.625 0
2022 0805 0100 0000 0101 0100 4.38105 -47.0 25588 920.625 0
2022 0805 0100 0000 0101 0100 4.33196 -46.5 26377 920.625 0
2022 0805 0100 0000 0101 0100 4.35651 -47.0 27173 920.625 0
2022 0805 0100 0000 0101 0100 4.35651 -47.0 27978 920.625 0
2022 0805 0100 0000 0101 0100 4.31355 -46.5 28762 920.625 0
2022 0805 0100 0000 0101 0100 4.36878 -46.5 29562 920.625 0
2022 0805 0100 0000 0101 0100 4.34423 -46.5 40109 920.625 0
2022 0805 0100 0000 0101 0100 4.36264 -47.0 40897 920.625 0
2022 0805 0100 0000 0101 0100 4.36264 -47.0 41704 920.625 0
2022 0805 0100 0000 0101 0100 4.36878 -46.5 42498 920.625 0
2022 0805 0100 0000 0101 0100 4.34423 -46.5 43297 920.625 0
2022 0805 0100 0000 0101 0100 4.35037 -47.0 44092 920.625 0
2022 0805 0100 0000 0101 0100 4.33810 -47.0 44889 920.625 0
2022 0805 0100 0000 0101 0100 4.36878 -47.0 45679 920.625 0
2022 0805 0100 0000 0101 0100 4.35651 -47.0 46478 920.625 0
2022 0805 0100 0000 0101 0100 4.36878 -46.5 47277 920.625 0
2022 0805 0100 0000 0101 0100 4.33196 -47.0 48071 920.625 0
2022 0805 0100 0000 0101 0100 4.36264 -46.5 48861 920.625 0
2022 0805 0100 0000 0101 0100 4.37491 -47.0 49647 920.625 0
