2022 0805 0100 0000 0101 0100 0.25157 -51.0 0 920.625 0
2022 0805 0100 0000 0101 0100 0.35588 -52.0 786 920.625 0
2022 0805 0100 0000 0101 0100 0.21476 -52.5 1569 920.625 0
2022 0805 0100 0000 0101 0100 0.25771 -52.5 2353 920.625 0
2022 0805 0100 0000 0101 0100 0.20249 -52.5 3140 920.625 0
2022 0805 0100 0000 0101 0100 0.17794 -52.0 3924 920.625 0
2022 0805 0100 0000 0101 0100 0.23930 -52.5 4706 920.625 0
2022 0805 0100 0000 0101 0100 0.22089 -52.0 5495 920.625 0
2022 0805 0100 0000 0101 0100 0.18408 -52.5 6289 920.625 0
2022 0805 0100 0000 0101 0100 0.25157 -52.5 7074 920.625 0
2022 0805 0100 0000 0101 0100 0.22703 -52.0 7863 920.625 0
2022 0805 0100 0000 0101 0100 0.28839 -52.5 8649 920.625 0
2022 0805 0100 0000 0101 0100 0.23317 -52.0 9437 920.625 0
2022 0805 0100 0000 0101 0100 0.23930 -51.5 20058 920.625 0
2022 0805 0100 0000 0101 0100 0.17794 -52.0 20846 920.625 0
2022 0805 0100 0000 0101 0100 0.20249 -51.0 21625 920.625 0
2022 0805 0100 0000 0101 0100 0.21476 -50.5 22404 920.625 0
2022 0805 0100 0000 0101 0100 0.19635 -50.5 23186 920.625 0
2022 0805 0100 0000 0101 0100 0.22703 -50.5 23967 920.625 0
2022 0805 0100 0000 0101 0100 0.26384 -50.5 24745 920.625 0
2022 0805 0100 0000 0101 0100 0.22703 -50.5 25531 920.625 0
2022 0805 0100 0000 0101 0100 0.23930 -50.0 26304 920.625 0
2022 0805 0100 0000 0101 0100 0.26384 -50.5 27077 920.625 0
2022 0805 0100 0000 0101 0100 0.15953 -50.5 27868 920.625 0
2022 0805 0100 0000 0101 0100 0.20249 -50.5 28645 920.625 0
2022 0805 0100 0000 0101 0100 0.17794 -50.5 29423 920.625 0
2022 0805 0100 0000 0101 0100 0.12885 -51.5 40108 920.625 0
2022 0805 0100 0000 0101 0100 0.19021 -51.5 40884 920.625 0
2022 0805 0100 0000 0101 0100 0.22703 -51.5 41660 920.625 0
2022 0805 0100 0000 0101 0100 0.19635 -52.0 42444 920.625 0
2022 0805 0100 0000 0101 0100 0.15953 -51.5 43237 920.625 0
2022 0805 0100 0000 0101 0100 0.14726 -51.5 44021 920.625 0
2022 0805 0100 0000 0101 0100 0.17794 -51.5 44791 920.625 0
2022 0805 0100 0000 0101 0100 0.14726 -51.5 45576 920.625 0
2022 0805 0100 0000 0101 0100 0.14113 -51.5 46352 920.625 0
2022 0805 0100 0000 0101 0100 0.17794 -52.0 47128 920.625 0
2022 0805 0100 0000 0101 0100 0.20249 -52.0 47920 920.625 0
2022 0805 0100 0000 0101 0100 0.17794 -51.5 48711 920.625 0
2022 0805 0100 0000 0101 0100 0.19635 -51.5 49498 920.625 0
