2022 0805 0100 0000 0101 0100 4.62649 -40.5 0 920.625 0
2022 0805 0100 0000 0101 0100 4.65103 -40.5 757 920.625 0
2022 0805 0100 0000 0101 0100 4.70012 -40.5 1523 920.625 0
2022 0805 0100 0000 0101 0100 4.67557 -40.5 2279 920.625 0
2022 0805 0100 0000 0101 0100 4.68785 -40.5 3036 920.625 0
2022 0805 0100 0000 0101 0100 4.67557 -40.5 3810 920.625 0
2022 0805 0100 0000 0101 0100 4.68785 -40.5 4570 920.625 0
2022 0805 0100 0000 0101 0100 4.68171 -40.5 5334 920.625 0
2022 0805 0100 0000 0101 0100 4.69398 -40.5 6092 920.625 0
2022 0805 0100 0000 0101 0100 4.70625 -40.5 6841 920.625 0
2022 0805 0100 0000 0101 0100 4.68171 -40.5 7603 920.625 0
2022 0805 0100 0000 0101 0100 4.71239 -40.5 8362 920.625 0
2022 0805 0100 0000 0101 0100 4.68171 -40.5 9119 920.625 0
2022 0805 0100 0000 0101 0100 4.71852 -40.5 9872 920.625 0
2022 0805 0100 0000 0101 0100 4.67557 -40.5 20059 920.625 0
2022 0805 0100 0000 0101 0100 4.70012 -40.5 20817 920.625 0
2022 0805 0100 0000 0101 0100 4.71852 -40.5 21565 920.625 0
2022 0805 0100 0000 0101 0100 4.68785 -40.5 22318 920.625 0
2022 0805 0100 0000 0101 0100 4.70012 -40.5 23084 920.625 0
2022 0805 0100 0000 0101 0100 4.71239 -40.5 23842 920.625 0
2022 0805 0100 0000 0101 0100 4.71852 -40.5 24598 920.625 0
2022 0805 0100 0000 0101 0100 4.71239 -40.5 25370 920.625 0
2022 0805 0100 0000 0101 0100 4.71239 -40.5 26129 920.625 0
2022 0805 0100 0000 0101 0100 4.70012 -41.0 26893 920.625 0
2022 0805 0100 0000 0101 0100 4.68171 -41.0 27663 920.625 0
2022 0805 0100 0000 0101 0100 4.71239 -40.5 28418 920.625 0
2022 0805 0100 0000 0101 0100 4.70625 -40.5 29185 920.625 0
2022 0805 0100 0000 0101 0100 4.69398 -41.0 29937 920.625 0
2022 0805 0100 0000 0101 0100 4.65103 -40.5 40129 920.625 0
2022 0805 0100 0000 0101 0100 4.71852 -40.5 40902 920.625 0
2022 0805 0100 0000 0101 0100 4.69398 -41.0 41649 920.625 0
2022 0805 0100 0000 0101 0100 4.68171 -41.0 42406 920.625 0
2022 0805 0100 0000 0101 0100 4.68785 -40.5 43173 920.625 0
2022 0805 0100 0000 0101 0100 4.70625 -41.0 43937 920.625 0
2022 0805 0100 0000 0101 0100 4.70625 -41.0 44697 920.625 0
2022 0805 0100 0000 0101 0100 4.68171 -40.5 45455 920.625 0
2022 0805 0100 0000 0101 0100 4.67557 -40.5 46209 920.625 0
2022 0805 0100 0000 0101 0100 4.68785 -41.0 46962 920.625 0
2022 0805 0100 0000 0101 0100 4.69398 -41.0 47731 920.625 0
2022 0805 0100 0000 0101 0100 4.68171 -41.0 48492 920.625 0
2022 0805 0100 0000 0101 0100 4.70012 -40.5 49249 920.625 0
2022 0805 0100 0000 0101 0100 4.68785 -41.0 50022 920.625 0
