2022 0805 0100 0000 0101 0100 3.95767 -45.5 0 920.625 0
2022 0805 0100 0000 0101 0100 4.00676 -45.0 718 920.625 0
2022 0805 0100 0000 0101 0100 3.97608 -45.0 1442 920.625 0
2022 0805 0100 0000 0101 0100 4.03744 -45.0 2164 920.625 0
2022 0805 0100 0000 0101 0100 3.96381 -45.0 2893 920.625 0
2022 0805 0100 0000 0101 0100 3.99449 -45.5 3619 920.625 0
2022 0805 0100 0000 0101 0100 3.98835 -45.0 4343 920.625 0
2022 0805 0100 0000 0101 0100 3.98835 -45.5 5068 920.625 0
2022 0805 0100 0000 0101 0100 4.01903 -45.5 5789 920.625 0
2022 0805 0100 0000 0101 0100 4.00676 -45.5 6520 920.625 0
2022 0805 0100 0000 0101 0100 4.00062 -45.5 7245 920.625 0
2022 0805 0100 0000 0101 0100 3.98835 -45.0 7964 920.625 0
2022 0805 0100 0000 0101 0100 4.01289 -45.0 8690 920.625 0
2022 0805 0100 0000 0101 0100 3.99449 -45.0 9413 920.625 0
2022 0805 0100 0000 0101 0100 4.00062 -45.0 20050 920.625 0
2022 0805 0100 0000 0101 0100 4.01289 -45.5 20772 920.625 0
2022 0805 0100 0000 0101 0100 4.01903 -45.0 21499 920.625 0
2022 0805 0100 0000 0101 0100 4.06812 -45.0 22228 920.625 0
2022 0805 0100 0000 0101 0100 4.08652 -45.5 22952 920.625 0
2022 0805 0100 0000 0101 0100 3.99449 -45.0 23668 920.625 0
2022 0805 0100 0000 0101 0100 3.98835 -45.0 24392 920.625 0
2022 0805 0100 0000 0101 0100 4.04357 -45.0 25116 920.625 0
2022 0805 0100 0000 0101 0100 4.00676 -45.5 25842 920.625 0
2022 0805 0100 0000 0101 0100 4.04357 -45.5 26572 920.625 0
2022 0805 0100 0000 0101 0100 4.00062 -45.5 27284 920.625 0
2022 0805 0100 0000 0101 0100 4.02517 -45.5 28019 920.625 0
2022 0805 0100 0000 0101 0100 3.98221 -45.0 28740 920.625 0
2022 0805 0100 0000 0101 0100 4.00062 -45.0 29457 920.625 0
2022 0805 0100 0000 0101 0100 4.00062 -45.5 40120 920.625 0
2022 0805 0100 0000 0101 0100 4.04357 -45.0 40852 920.625 0
2022 0805 0100 0000 0101 0100 4.12948 -45.0 41588 920.625 0
2022 0805 0100 0000 0101 0100 4.03130 -45.0 42309 920.625 0
2022 0805 0100 0000 0101 0100 4.01903 -45.5 43041 920.625 0
2022 0805 0100 0000 0101 0100 4.04357 -45.5 43762 920.625 0
2022 0805 0100 0000 0101 0100 4.07425 -46.0 44488 920.625 0
2022 0805 0100 0000 0101 0100 4.03130 -46.0 45211 920.625 0
2022 0805 0100 0000 0101 0100 4.03744 -46.0 45941 920.625 0
2022 0805 0100 0000 0101 0100 4.01903 -45.0 46659 920.625 0
2022 0805 0100 0000 0101 0100 4.04357 -45.5 47381 920.625 0
2022 0805 0100 0000 0101 0100 4.02517 -45.5 48100 920.625 0
2022 0805 0100 0000 0101 0100 4.01903 -45.5 48821 920.625 0
2022 0805 0100 0000 0101 0100 4.01289 -45.5 49535 920.625 0
