2022 0805 0100 0000 0101 0100 5.35666 -40.5 0 920.625 0
2022 0805 0100 0000 0101 0100 5.38734 -40.5 670 920.625 0
2022 0805 0100 0000 0101 0100 5.43643 -41.0 1349 920.625 0
2022 0805 0100 0000 0101 0100 5.43643 -41.0 2027 920.625 0
2022 0805 0100 0000 0101 0100 5.41802 -40.5 2695 920.625 0
2022 0805 0100 0000 0101 0100 5.44256 -40.5 3374 920.625 0
2022 0805 0100 0000 0101 0100 5.41802 -40.5 4048 920.625 0
2022 0805 0100 0000 0101 0100 5.43029 -41.0 4726 920.625 0
2022 0805 0100 0000 0101 0100 5.43029 -40.5 5405 920.625 0
2022 0805 0100 0000 0101 0100 5.46097 -41.0 6083 920.625 0
2022 0805 0100 0000 0101 0100 5.43643 -41.0 6763 920.625 0
2022 0805 0100 0000 0101 0100 5.43643 -41.0 7458 920.625 0
2022 0805 0100 0000 0101 0100 5.43643 -41.0 8127 920.625 0
2022 0805 0100 0000 0101 0100 5.42416 -41.0 8805 920.625 0
2022 0805 0100 0000 0101 0100 5.44870 -41.0 9477 920.625 0
2022 0805 0100 0000 0101 0100 5.34439 -40.5 20060 920.625 0
2022 0805 0100 0000 0101 0100 5.43029 -40.5 20733 920.625 0
2022 0805 0100 0000 0101 0100 5.45484 -41.0 21400 920.625 0
2022 0805 0100 0000 0101 0100 5.41802 -41.0 22073 920.625 0
2022 0805 0100 0000 0101 0100 5.44870 -41.0 22746 920.625 0
2022 0805 0100 0000 0101 0100 5.39348 -40.5 23428 920.625 0
2022 0805 0100 0000 0101 0100 5.41802 -40.5 24104 920.625 0
2022 0805 0100 0000 0101 0100 5.42416 -41.0 24781 920.625 0
2022 0805 0100 0000 0101 0100 5.41188 -40.5 25457 920.625 0
2022 0805 0100 0000 0101 0100 5.40575 -40.5 26137 920.625 0
2022 0805 0100 0000 0101 0100 5.41802 -40.5 26821 920.625 0
2022 0805 0100 0000 0101 0100 5.40575 -40.5 27495 920.625 0
2022 0805 0100 0000 0101 0100 5.40575 -40.5 28176 920.625 0
2022 0805 0100 0000 0101 0100 5.42416 -41.0 28850 920.625 0
2022 0805 0100 0000 0101 0100 5.41188 -40.5 29523 920.625 0
2022 0805 0100 0000 0101 0100 5.39348 -40.0 40120 920.625 0
2022 0805 0100 0000 0101 0100 5.43029 -41.0 40802 920.625 0
2022 0805 0100 0000 0101 0100 5.44256 -41.0 41466 920.625 0
2022 0805 0100 0000 0101 0100 5.39961 -40.5 42145 920.625 0
2022 0805 0100 0000 0101 0100 5.36893 -40.5 42827 920.625 0
2022 0805 0100 0000 0101 0100 5.42416 -40.5 43512 920.625 0
2022 0805 0100 0000 0101 0100 5.38734 -40.5 44182 920.625 0
2022 0805 0100 0000 0101 0100 5.37507 -41.0 44858 920.625 0
2022 0805 0100 0000 0101 0100 5.41188 -41.0 45558 920.625 0
2022 0805 0100 0000 0101 0100 5.39961 -40.5 46238 920.625 0
2022 0805 0100 0000 0101 0100 5.37507 -40.5 46930 920.625 0
2022 0805 0100 0000 0101 0100 5.43029 -41.0 47605 920.625 0
2022 0805 0100 0000 0101 0100 5.40575 -41.0 48281 920.625 0
2022 0805 0100 0000 0101 0100 5.36280 -41.0 48960 920.625 0
2022 0805 0100 0000 0101 0100 5.40575 -40.5 49634 920.625 0
