2022 0805 0100 0000 0101 0100 5.51006 -40.5 0 920.625 0
2022 0805 0100 0000 0101 0100 5.49779 -41.0 657 920.625 0
2022 0805 0100 0000 0101 0100 5.51006 -40.5 1314 920.625 0
2022 0805 0100 0000 0101 0100 5.51619 -41.0 1965 920.625 0
2022 0805 0100 0000 0101 0100 5.50392 -40.5 2625 920.625 0
2022 0805 0100 0000 0101 0100 5.49165 -40.5 3298 920.625 0
2022 0805 0100 0000 0101 0100 5.50392 -40.5 3955 920.625 0
2022 0805 0100 0000 0101 0100 5.46711 -40.5 4621 920.625 0
2022 0805 0100 0000 0101 0100 5.52233 -40.5 5283 920.625 0
2022 0805 0100 0000 0101 0100 5.48552 -40.5 5938 920.625 0
2022 0805 0100 0000 0101 0100 5.49165 -40.5 6587 920.625 0
2022 0805 0100 0000 0101 0100 5.47324 -41.0 7239 920.625 0
2022 0805 0100 0000 0101 0100 5.49779 -40.5 7898 920.625 0
2022 0805 0100 0000 0101 0100 5.46097 -41.0 8564 920.625 0
2022 0805 0100 0000 0101 0100 5.49165 -40.5 9218 920.625 0
2022 0805 0100 0000 0101 0100 5.47324 -40.5 9870 920.625 0
2022 0805 0100 0000 0101 0100 5.44870 -40.0 20050 920.625 0
2022 0805 0100 0000 0101 0100 5.46711 -40.5 20723 920.625 0
2022 0805 0100 0000 0101 0100 5.48552 -40.5 21378 920.625 0
2022 0805 0100 0000 0101 0100 5.47324 -40.5 22047 920.625 0
2022 0805 0100 0000 0101 0100 5.45484 -40.5 22697 920.625 0
2022 0805 0100 0000 0101 0100 5.46097 -40.5 23359 920.625 0
2022 0805 0100 0000 0101 0100 5.47324 -41.0 24019 920.625 0
2022 0805 0100 0000 0101 0100 5.46711 -40.5 24683 920.625 0
2022 0805 0100 0000 0101 0100 5.45484 -40.5 25335 920.625 0
2022 0805 0100 0000 0101 0100 5.46711 -40.5 26003 920.625 0
2022 0805 0100 0000 0101 0100 5.45484 -40.5 26663 920.625 0
2022 0805 0100 0000 0101 0100 5.47324 -40.5 27317 920.625 0
2022 0805 0100 0000 0101 0100 5.46711 -40.5 27972 920.625 0
2022 0805 0100 0000 0101 0100 5.45484 -40.5 28631 920.625 0
2022 0805 0100 0000 0101 0100 5.47324 -40.5 29285 920.625 0
2022 0805 0100 0000 0101 0100 5.46097 -40.5 29945 920.625 0
2022 0805 0100 0000 0101 0100 5.46097 -40.5 40110 920.625 0
2022 0805 0100 0000 0101 0100 5.47938 -40.5 40768 920.625 0
2022 0805 0100 0000 0101 0100 5.47324 -40.5 41429 920.625 0
2022 0805 0100 0000 0101 0100 5.46097 -40.5 42095 920.625 0
2022 0805 0100 0000 0101 0100 5.47324 -40.5 42763 920.625 0
2022 0805 0100 0000 0101 0100 5.46097 -40.5 43416 920.625 0
2022 0805 0100 0000 0101 0100 5.51006 -40.5 44075 920.625 0
2022 0805 0100 0000 0101 0100 5.48552 -41.0 44726 920.625 0
2022 0805 0100 0000 0101 0100 5.52233 -40.5 45390 920.625 0
2022 0805 0100 0000 0101 0100 5.51619 -40.5 46044 920.625 0
2022 0805 0100 0000 0101 0100 5.51006 -40.5 46706 920.625 0
2022 0805 0100 0000 0101 0100 5.51619 -40.5 47373 920.625 0
2022 0805 0100 0000 0101 0100 5.49165 -40.5 48033 920.625 0
2022 0805 0100 0000 0101 0100 5.52233 -40.5 48699 920.625 0
2022 0805 0100 0000 0101 0100 5.50392 -40.5 49356 920.625 0
2022 0805 0100 0000 0101 0100 5.51006 -41.0 50017 920.625 0
