2022 0805 0100 0000 0101 0100 5.55915 -40.5 0 920.625 0
2022 0805 0100 0000 0101 0100 5.58983 -40.5 642 920.625 0
2022 0805 0100 0000 0101 0100 5.57755 -40.5 1289 920.625 0
2022 0805 0100 0000 0101 0100 5.60210 -40.5 1931 920.625 0
2022 0805 0100 0000 0101 0100 5.57142 -41.0 2575 920.625 0
2022 0805 0100 0000 0101 0100 5.58983 -40.5 3209 920.625 0
2022 0805 0100 0000 0101 0100 5.58983 -40.5 3848 920.625 0
2022 0805 0100 0000 0101 0100 5.58369 -40.5 4491 920.625 0
2022 0805 0100 0000 0101 0100 5.57755 -40.5 5127 920.625 0
2022 0805 0100 0000 0101 0100 5.58369 -40.5 5772 920.625 0
2022 0805 0100 0000 0101 0100 5.57142 -40.5 6409 920.625 0
2022 0805 0100 0000 0101 0100 5.58983 -40.5 7042 920.625 0
2022 0805 0100 0000 0101 0100 5.58369 -40.5 7682 920.625 0
2022 0805 0100 0000 0101 0100 5.58369 -40.5 8333 920.625 0
2022 0805 0100 0000 0101 0100 5.60210 -40.5 8990 920.625 0
2022 0805 0100 0000 0101 0100 5.57755 -40.5 9630 920.625 0
2022 0805 0100 0000 0101 0100 5.54687 -40.5 20080 920.625 0
2022 0805 0100 0000 0101 0100 5.58983 -41.0 20728 920.625 0
2022 0805 0100 0000 0101 0100 5.57755 -41.0 21369 920.625 0
2022 0805 0100 0000 0101 0100 5.58369 -40.5 22009 920.625 0
2022 0805 0100 0000 0101 0100 5.56528 -40.5 22641 920.625 0
2022 0805 0100 0000 0101 0100 5.56528 -40.5 23286 920.625 0
2022 0805 0100 0000 0101 0100 5.56528 -40.5 23921 920.625 0
2022 0805 0100 0000 0101 0100 5.57755 -41.0 24575 920.625 0
2022 0805 0100 0000 0101 0100 5.56528 -41.0 25206 920.625 0
2022 0805 0100 0000 0101 0100 5.58369 -40.5 25848 920.625 0
2022 0805 0100 0000 0101 0100 5.55301 -40.5 26512 920.625 0
2022 0805 0100 0000 0101 0100 5.57755 -40.5 27160 920.625 0
2022 0805 0100 0000 0101 0100 5.57142 -40.5 27800 920.625 0
2022 0805 0100 0000 0101 0100 5.57142 -41.0 28433 920.625 0
2022 0805 0100 0000 0101 0100 5.56528 -40.5 29076 920.625 0
2022 0805 0100 0000 0101 0100 5.57142 -41.0 29714 920.625 0
2022 0805 0100 0000 0101 0100 5.54074 -40.5 40130 920.625 0
2022 0805 0100 0000 0101 0100 5.55301 -40.5 40779 920.625 0
2022 0805 0100 0000 0101 0100 5.56528 -41.0 41423 920.625 0
2022 0805 0100 0000 0101 0100 5.55301 -40.5 42077 920.625 0
2022 0805 0100 0000 0101 0100 5.54687 -40.5 42716 920.625 0
2022 0805 0100 0000 0101 0100 5.53460 -40.5 43356 920.625 0
2022 0805 0100 0000 0101 0100 5.55301 -40.5 44000 920.625 0
2022 0805 0100 0000 0101 0100 5.52233 -41.0 44644 920.625 0
2022 0805 0100 0000 0101 0100 5.54687 -41.0 45288 920.625 0
2022 0805 0100 0000 0101 0100 5.55915 -40.5 45937 920.625 0
2022 0805 0100 0000 0101 0100 5.55915 -40.5 46586 920.625 0
2022 0805 0100 0000 0101 0100 5.56528 -41.0 47231 920.625 0
2022 0805 0100 0000 0101 0100 5.55915 -41.0 47870 920.625 0
2022 0805 0100 0000 0101 0100 5.57755 -40.5 48509 920.625 0
2022 0805 0100 0000 0101 0100 5.57755 -40.5 49143 920.625 0
2022 0805 0100 0000 0101 0100 5.57755 -40.5 49785 920.625 0
