2022 0805 0100 0000 0101 0100 0.23317 -41.0 0 920.625 0
2022 0805 0100 0000 0101 0100 0.26998 -41.0 542 920.625 0
2022 0805 0100 0000 0101 0100 0.26998 -41.0 1086 920.625 0
2022 0805 0100 0000 0101 0100 0.26998 -41.0 1633 920.625 0
2022 0805 0100 0000 0101 0100 0.28225 -41.0 2180 920.625 0
2022 0805 0100 0000 0101 0100 0.28839 -41.0 2734 920.625 0
2022 0805 0100 0000 0101 0100 0.25157 -41.0 3288 920.625 0
2022 0805 0100 0000 0101 0100 0.25157 -41.0 3835 920.625 0
2022 0805 0100 0000 0101 0100 0.26384 -41.0 4396 920.625 0
2022 0805 0100 0000 0101 0100 0.26998 -41.0 4948 920.625 0
2022 0805 0100 0000 0101 0100 0.25157 -41.0 5488 920.625 0
2022 0805 0100 0000 0101 0100 0.23930 -41.0 6043 920.625 0
2022 0805 0100 0000 0101 0100 0.22089 -41.0 6591 920.625 0
2022 0805 0100 0000 0101 0100 0.25157 -41.0 7150 920.625 0
2022 0805 0100 0000 0101 0100 0.23930 -41.0 7699 920.625 0
2022 0805 0100 0000 0101 0100 0.22703 -41.0 8249 920.625 0
2022 0805 0100 0000 0101 0100 0.24544 -41.0 8798 920.625 0
2022 0805 0100 0000 0101 0100 0.21476 -41.0 9338 920.625 0
2022 0805 0100 0000 0101 0100 0.20862 -41.0 9892 920.625 0
2022 0805 0100 0000 0101 0100 0.15953 -40.5 20060 920.625 0
2022 0805 0100 0000 0101 0100 0.22703 -41.0 20610 920.625 0
2022 0805 0100 0000 0101 0100 0.19021 -40.5 21160 920.625 0
2022 0805 0100 0000 0101 0100 0.20862 -41.0 21712 920.625 0
2022 0805 0100 0000 0101 0100 0.21476 -41.0 22263 920.625 0
2022 0805 0100 0000 0101 0100 0.19635 -41.0 22822 920.625 0
2022 0805 0100 0000 0101 0100 0.18408 -41.0 23374 920.625 0
2022 0805 0100 0000 0101 0100 0.18408 -40.5 23925 920.625 0
2022 0805 0100 0000 0101 0100 0.21476 -40.5 24468 920.625 0
2022 0805 0100 0000 0101 0100 0.19635 -41.0 25025 920.625 0
2022 0805 0100 0000 0101 0100 0.25157 -40.5 25582 920.625 0
2022 0805 0100 0000 0101 0100 0.21476 -40.5 26125 920.625 0
2022 0805 0100 0000 0101 0100 0.24544 -40.5 26681 920.625 0
2022 0805 0100 0000 0101 0100 0.22703 -40.5 27239 920.625 0
2022 0805 0100 0000 0101 0100 0.19635 -40.5 27793 920.625 0
2022 0805 0100 0000 0101 0100 0.18408 -40.5 28352 920.625 0
2022 0805 0100 0000 0101 0100 0.22089 -40.5 28909 920.625 0
2022 0805 0100 0000 0101 0100 0.19021 -40.5 29460 920.625 0
2022 0805 0100 0000 0101 0100 0.20249 -40.5 30006 920.625 0
2022 0805 0100 0000 0101 0100 0.17181 -40.5 40130 920.625 0
2022 0805 0100 0000 0101 0100 0.17794 -40.5 40686 920.625 0
2022 0805 0100 0000 0101 0100 0.16567 -41.0 41240 920.625 0
2022 0805 0100 0000 0101 0100 0.15953 -41.0 41793 920.625 0
2022 0805 0100 0000 0101 0100 0.19021 -40.5 42358 920.625 0
2022 0805 0100 0000 0101 0100 0.16567 -40.5 42912 920.625 0
2022 0805 0100 0000 0101 0100 0.21476 -40.5 43466 920.625 0
2022 0805 0100 0000 0101 0100 0.15953 -40.5 44029 920.625 0
2022 0805 0100 0000 0101 0100 0.15953 -40.5 44587 920.625 0
2022 0805 0100 0000 0101 0100 0.22703 -40.5 45150 920.625 0
2022 0805 0100 0000 0101 0100 0.20249 -40.5 45703 920.625 0
2022 0805 0100 0000 0101 0100 0.20862 -40.5 46258 920.625 0
2022 0805 0100 0000 0101 0100 0.17181 -40.5 46813 920.625 0
2022 0805 0100 0000 0101 0100 0.17181 -40.5 47370 920.625 0
2022 0805 0100 0000 0101 0100 0.19021 -40.5 47932 920.625 0
2022 0805 0100 0000 0101 0100 0.14113 -40.5 48499 920.625 0
2022 0805 0100 0000 0101 0100 0.17181 -40.5 49049 920.625 0
2022 0805 0100 0000 0101 0100 0.19021 -40.5 49611 920.625 0
