001 0.46633 -31.0 0 920.625 0
100 1.52171 -33.0 5 920.625 0
101 1.09219 -41.0 10 920.625 0
100 1.54625 -33.0 704 920.625 0
001 0.55837 -30.0 731 920.625 0
101 0.96948 -41.5 754 920.625 0
100 1.54012 -33.5 1415 920.625 0
001 0.98788 -30.5 1462 920.625 0
101 1.14128 -41.5 1472 920.625 0
100 0.78540 -34.0 2112 921.625 0
001 6.24637 -31.0 2191 921.625 0
101 0.25771 -41.5 2207 921.625 0
100 0.87744 -34.5 2843 921.625 0
001 6.10524 -31.0 2931 921.625 0
101 0.25157 -41.5 2942 921.625 0
100 0.80994 -34.0 3561 921.625 0
001 5.46711 -31.0 3654 922.625 0
101 5.91503 -41.5 3672 922.625 0
100 0.15340 -33.5 4270 922.625 0
001 5.44870 -31.5 4386 922.625 0
101 5.89662 -42.0 4406 922.625 0
100 0.11045 -33.5 4977 922.625 0
001 5.47938 -31.0 5117 922.625 0
101 6.08070 -42.0 5127 922.625 0
100 5.73095 -34.5 5689 923.625 0
101 5.17872 -42.0 5846 923.625 0
001 4.75534 -31.0 5857 923.625 0
100 5.85981 -34.0 6397 923.625 0
101 5.20940 -42.0 6579 923.625 0
001 4.71239 -31.0 6589 923.625 0
100 5.81686 -34.0 7104 923.625 0
101 1.07992 -41.5 7311 920.625 0
001 0.54610 -30.5 7331 920.625 0
100 1.53398 -33.5 7812 920.625 0
101 1.38672 -41.5 8029 920.625 0
001 0.47860 -30.5 8073 920.625 0
100 1.35604 -33.5 8507 920.625 0
101 1.33150 -41.5 8757 920.625 0
001 0.82835 -30.5 8815 920.625 0
100 0.76085 -33.5 9205 921.625 0
101 0.41724 -41.5 9483 921.625 0
001 6.01320 -31.0 9547 921.625 0
100 0.76699 -33.5 9917 921.625 0
100 6.26478 -34.5 20040 922.625 0
001 5.33212 -31.5 20045 922.625 0
101 6.19728 -41.5 20051 922.625 0
100 6.26478 -34.5 20758 922.625 0
001 5.49165 -31.5 20769 922.625 0
101 6.00093 -41.5 20787 922.625 0
100 0.07977 -34.0 21462 922.625 0
001 5.45484 -31.0 21488 922.625 0
101 5.79845 -42.0 21521 922.625 0
100 5.99480 -34.0 22155 923.625 0
001 4.73693 -31.5 22232 923.625 0
101 5.07441 -42.0 22248 923.625 0
100 5.72482 -34.5 22872 923.625 0
001 4.73693 -31.5 22963 923.625 0
101 5.16645 -41.5 22979 923.625 0
100 5.87821 -34.5 23588 923.625 0
001 0.59518 -30.5 23698 920.625 0
101 1.19037 -41.5 23713 920.625 0
100 1.41126 -32.5 24293 920.625 0
001 0.49087 -30.5 24439 920.625 0
101 1.15355 -41.5 24453 920.625 0
001 0.55223 -31.0 25179 920.625 0
101 1.19037 -41.0 25188 920.625 0
100 0.66882 -34.0 25704 921.625 0
001 6.21569 -31.0 25908 921.625 0
101 0.24544 -41.5 25918 921.625 0
100 0.68109 -34.0 26423 921.625 0
001 0.43565 -31.0 26652 921.625 0
101 0.49087 -41.5 26663 921.625 0
100 0.74858 -34.0 27133 921.625 0
101 5.95185 -41.5 27389 922.625 0
001 5.76163 -31.0 27400 922.625 0
100 6.27091 -34.0 27852 922.625 0
101 5.82299 -41.5 28115 922.625 0
001 5.66959 -31.5 28142 922.625 0
100 6.27091 -34.5 28560 922.625 0
101 5.78004 -42.0 28845 922.625 0
001 5.64505 -31.0 28887 922.625 0
100 5.70027 -34.5 29263 923.625 0
101 5.08668 -42.0 29564 923.625 0
001 4.70625 -31.0 29622 923.625 0
100 5.71868 -35.0 29973 923.625 0
101 1.04924 -41.0 40078 920.625 0
001 0.48474 -30.5 40083 920.625 0
100 1.32536 -33.0 40088 920.625 0
100 1.21491 -33.5 40801 920.625 0
101 1.29468 -41.0 40812 920.625 0
001 0.45406 -31.0 40821 920.625 0
100 1.30082 -34.0 41523 920.625 0
101 1.11674 -41.0 41533 920.625 0
001 0.50315 -31.0 41544 920.625 0
101 0.46633 -40.5 42269 921.625 0
001 6.06843 -31.0 42284 921.625 0
100 0.61973 -32.5 42941 921.625 0
001 6.19115 -30.5 43010 921.625 0
101 0.34361 -40.0 43023 921.625 0
100 6.10524 -33.0 43664 922.625 0
001 5.89662 -31.0 43734 922.625 0
101 5.96412 -39.5 43762 922.625 0
001 5.62664 -31.0 44472 922.625 0
101 5.78004 -41.5 44483 922.625 0
100 6.12365 -33.0 45073 922.625 0
001 5.73095 -31.0 45214 922.625 0
101 6.00707 -41.0 45219 922.625 0
100 5.48552 -33.5 45787 923.625 0
101 4.81670 -41.0 45945 923.625 0
001 4.68785 -31.5 45961 923.625 0
100 5.55915 -34.0 46513 923.625 0
101 4.79216 -41.5 46670 923.625 0
001 4.68171 -32.0 46697 923.625 0
100 5.55915 -34.0 47229 923.625 0
101 0.76699 -41.0 47401 920.625 0
001 0.46633 -31.0 47438 920.625 0
100 1.34377 -33.0 47939 920.625 0
101 0.76085 -41.0 48123 920.625 0
001 0.46019 -31.0 48176 920.625 0
100 1.30695 -32.5 48652 920.625 0
101 0.76699 -41.0 48844 920.625 0
001 0.50928 -31.0 48914 920.625 0
100 0.95107 -32.5 49353 921.625 0
101 0.09817 -41.0 49570 921.625 0
001 6.05616 -30.5 49644 921.625 0
100 0.69950 -32.0 50065 921.625 0
