101 4.70012 -50.5 0 920.625 0
001 5.79845 -42.0 5 920.625 0
100 0.05522 -35.0 10 920.625 0
100 0.05522 -35.0 691 920.625 0
101 4.70012 -50.5 718 920.625 0
001 5.71254 -41.5 734 920.625 0
100 0.04909 -35.0 1383 920.625 0
101 4.65717 -50.5 1436 920.625 0
001 5.63278 -41.0 1453 920.625 0
100 5.73709 -35.0 2074 921.625 0
101 4.35037 -49.5 2164 921.625 0
001 4.69398 -41.5 2175 921.625 0
100 5.83526 -35.0 2753 921.625 0
101 4.13561 -49.5 2883 921.625 0
001 4.68785 -41.5 2896 921.625 0
100 5.87821 -35.0 3446 921.625 0
101 3.50975 -48.5 3604 922.625 0
001 4.39946 -42.0 3632 922.625 0
100 5.09282 -35.0 4137 922.625 0
101 3.27045 -48.0 4323 922.625 0
001 4.22152 -42.0 4355 922.625 0
100 4.95169 -35.5 4827 922.625 0
101 3.51588 -48.0 5038 922.625 0
001 4.17243 -42.5 5074 922.625 0
100 4.35651 -36.0 5505 923.625 0
101 2.96365 -48.0 5748 923.625 0
001 3.15386 -42.5 5798 923.625 0
100 4.38719 -36.0 6186 923.625 0
101 2.89002 -47.5 6466 923.625 0
001 3.19068 -42.5 6518 923.625 0
100 4.35037 -36.0 6863 923.625 0
101 4.71239 -50.0 7190 920.625 0
001 5.46711 -41.0 7237 920.625 0
100 0.04295 -35.0 7556 920.625 0
101 4.76148 -49.5 7915 920.625 0
001 5.43643 -41.5 7958 920.625 0
100 0.00000 -35.0 8230 920.625 0
101 4.74307 -49.5 8640 920.625 0
001 5.63891 -41.5 8677 920.625 0
100 0.04295 -35.0 8919 920.625 0
101 4.54058 -48.5 9355 921.625 0
001 4.66944 -42.0 9414 921.625 0
100 5.76163 -35.0 9593 921.625 0
001 4.44241 -42.0 20043 922.625 0
100 5.14190 -35.0 20049 922.625 0
101 3.36862 -48.0 20054 922.625 0
100 5.13577 -35.5 20751 922.625 0
001 4.25219 -42.5 20762 922.625 0
101 3.22136 -48.0 20772 922.625 0
100 5.08054 -35.0 21428 922.625 0
001 4.12948 -43.0 21488 922.625 0
101 3.34408 -48.0 21499 922.625 0
100 4.43627 -35.5 22109 923.625 0
101 3.12932 -47.5 22212 923.625 0
001 3.26431 -43.0 22217 923.625 0
100 4.47309 -35.5 22788 923.625 0
101 2.79185 -47.5 22920 923.625 0
001 3.27045 -43.0 22940 923.625 0
100 4.40559 -35.5 23471 923.625 0
101 4.61421 -48.5 23636 920.625 0
001 5.70027 -41.0 23663 920.625 0
100 0.07363 -34.5 24176 920.625 0
101 4.59581 -48.5 24352 920.625 0
001 5.48552 -41.0 24378 920.625 0
100 0.00614 -34.5 24863 920.625 0
001 5.79845 -41.0 25097 920.625 0
100 5.82913 -35.0 25549 921.625 0
101 4.03744 -48.5 25778 921.625 0
001 4.73080 -42.0 25820 921.625 0
100 5.79231 -35.0 26227 921.625 0
101 4.36264 -48.0 26490 921.625 0
001 4.68785 -41.5 26541 921.625 0
100 5.87208 -35.0 26908 921.625 0
101 4.31355 -48.0 27206 921.625 0
001 4.09266 -42.5 27267 922.625 0
100 5.17258 -35.0 27593 922.625 0
101 3.31953 -47.5 27914 922.625 0
001 4.37491 -42.0 27990 922.625 0
100 5.22781 -35.0 28262 922.625 0
101 3.26431 -48.0 28619 922.625 0
001 4.47922 -42.5 28719 922.625 0
100 5.07441 -35.0 28941 922.625 0
101 2.76117 -47.5 29327 923.625 0
001 3.31953 -43.0 29455 923.625 0
100 4.39946 -35.5 29617 923.625 0
101 4.44854 -47.0 40079 920.625 0
100 0.01841 -34.5 40084 920.625 0
001 5.76163 -41.0 40089 920.625 0
100 0.05522 -34.5 40756 920.625 0
101 4.43627 -47.0 40784 920.625 0
001 5.71868 -41.0 40809 920.625 0
100 6.26478 -34.5 41427 920.625 0
101 4.47922 -47.0 41501 920.625 0
001 5.49165 -41.0 41537 920.625 0
100 5.92730 -35.0 42101 921.625 0
101 3.87177 -47.5 42219 921.625 0
001 4.71239 -42.0 42257 921.625 0
100 5.83526 -35.0 42783 921.625 0
101 4.31969 -47.5 42928 921.625 0
001 4.71239 -42.0 42987 921.625 0
100 5.81072 -35.0 43453 921.625 0
101 3.83495 -47.5 43640 921.625 0
001 4.30742 -42.0 43714 922.625 0
100 5.15418 -35.0 44140 922.625 0
101 3.11091 -48.0 44363 922.625 0
001 4.17243 -42.0 44426 922.625 0
100 5.17872 -35.0 44835 922.625 0
101 3.12318 -48.0 45068 922.625 0
001 4.25833 -42.0 45158 922.625 0
100 4.44854 -35.5 45519 923.625 0
101 2.54641 -47.5 45785 923.625 0
001 3.27658 -42.5 45877 923.625 0
100 4.44241 -35.5 46198 923.625 0
101 2.72435 -47.5 46505 923.625 0
001 3.25204 -43.0 46606 923.625 0
100 4.46695 -35.5 46887 923.625 0
101 2.54027 -47.5 47221 923.625 0
001 5.82913 -41.0 47334 920.625 0
100 0.07977 -34.5 47586 920.625 0
101 4.74307 -47.0 47936 920.625 0
001 5.57142 -41.0 48049 920.625 0
100 0.06136 -34.5 48265 920.625 0
101 4.42400 -46.5 48652 920.625 0
001 5.49165 -41.0 48766 920.625 0
100 0.06750 -34.5 48933 920.625 0
101 3.74291 -47.0 49366 921.625 0
001 4.73693 -41.5 49485 921.625 0
100 5.79845 -34.5 49608 921.625 0
