100 5.91503 -31.0 0 920.625 0
101 4.50377 -30.5 6 920.625 0
001 6.23410 -33.5 11 920.625 0
100 5.95185 -31.0 648 920.625 0
101 4.50990 -31.0 677 920.625 0
001 6.23410 -33.0 687 920.625 0
100 5.84140 -31.0 1322 920.625 0
101 4.48536 -31.0 1349 920.625 0
001 6.22796 -33.0 1361 920.625 0
100 5.29530 -31.5 1984 921.625 0
101 3.72451 -31.0 2019 921.625 0
001 5.63891 -34.0 2047 921.625 0
100 5.25235 -31.5 2638 921.625 0
101 3.84722 -32.0 2693 921.625 0
001 5.54687 -34.0 2725 921.625 0
100 5.22781 -31.5 3285 921.625 0
101 3.74291 -31.5 3350 921.625 0
001 5.82299 -34.0 3402 921.625 0
100 4.64489 -32.0 3937 922.625 0
101 2.97592 -34.5 4000 922.625 0
001 4.90874 -32.0 4069 922.625 0
100 4.47922 -30.5 4598 922.625 0
101 3.44225 -33.0 4656 922.625 0
001 4.50377 -30.5 4741 922.625 0
100 4.46082 -30.5 5253 922.625 0
101 3.31340 -33.0 5327 922.625 0
001 3.80427 -31.5 5404 923.625 0
100 3.82882 -31.5 5903 923.625 0
101 3.09251 -33.5 5987 923.625 0
001 3.80427 -31.5 6088 923.625 0
100 3.89631 -31.0 6560 923.625 0
101 2.67526 -33.0 6660 923.625 0
001 4.01289 -31.5 6757 923.625 0
100 5.89049 -30.0 7220 920.625 0
101 4.83511 -33.5 7332 920.625 0
001 6.08070 -30.5 7429 920.625 0
100 5.88435 -30.0 7857 920.625 0
101 4.79829 -33.5 7994 920.625 0
001 6.06843 -30.5 8107 920.625 0
100 5.90276 -30.0 8507 920.625 0
101 4.71852 -33.5 8649 920.625 0
001 6.04388 -30.5 8767 920.625 0
100 5.21553 -30.0 9157 921.625 0
101 4.25219 -33.5 9308 921.625 0
001 5.33212 -30.5 9438 921.625 0
100 5.19099 -30.0 9805 921.625 0
101 4.41786 -33.5 9965 921.625 0
001 4.53445 -31.5 20042 922.625 0
100 4.44241 -30.5 20047 922.625 0
101 3.20295 -33.5 20052 922.625 0
100 4.44854 -30.5 20701 922.625 0
001 4.47922 -31.0 20721 922.625 0
101 3.22136 -33.5 20732 922.625 0
100 4.43627 -31.0 21345 922.625 0
001 4.50377 -31.0 21386 922.625 0
101 3.28272 -34.0 21398 922.625 0
100 3.72451 -32.0 21996 923.625 0
001 3.65087 -32.5 22050 923.625 0
101 2.77957 -34.5 22056 923.625 0
100 3.56497 -42.5 22652 923.625 0
001 3.12932 -42.0 22726 923.625 0
101 3.53429 -42.0 22737 923.625 0
100 0.76699 -50.5 23298 923.625 0
101 4.39332 -41.5 23403 923.625 0
100 3.20295 -53.5 23949 920.625 0
101 0.50315 -41.0 24067 920.625 0
100 3.26431 -54.0 24608 920.625 0
101 0.57678 -39.5 24739 920.625 0
100 3.25204 -52.0 25266 920.625 0
101 0.61973 -41.5 25404 920.625 0
100 2.73049 -49.5 25935 921.625 0
101 6.17887 -42.0 26089 921.625 0
100 3.38089 -69.5 26597 921.625 0
101 6.27091 -40.0 26750 921.625 0
100 2.94524 -64.5 27261 922.625 0
101 6.00093 -40.0 27416 922.625 0
100 2.94524 -63.5 27927 922.625 0
101 5.74322 -41.0 28094 922.625 0
100 3.02501 -64.5 28582 922.625 0
101 5.58983 -40.0 28764 922.625 0
100 2.85934 -59.5 29242 923.625 0
101 5.05600 -41.0 29435 923.625 0
100 2.63845 -56.0 29910 923.625 0
001 3.46680 -40.5 40079 920.625 0
101 0.56450 -41.0 40085 920.625 0
100 3.14159 -38.5 40090 920.625 0
101 2.28256 -46.0 40743 920.625 0
100 2.96979 -29.0 40754 920.625 0
001 2.77957 -35.5 40760 920.625 0
100 0.50928 -34.5 41399 920.625 0
001 0.79767 -33.0 41415 920.625 0
101 2.03713 -34.5 41426 920.625 0
100 0.07363 -34.0 42053 921.625 0
001 0.58905 -32.0 42090 921.625 0
101 1.93895 -36.0 42107 921.625 0
100 0.41724 -34.5 42704 921.625 0
001 1.24559 -33.0 42767 921.625 0
101 2.36847 -38.0 42794 921.625 0
100 4.95783 -28.0 43379 921.625 0
001 5.12963 -37.5 43454 921.625 0
101 5.12963 -45.0 43465 921.625 0
100 3.33181 -31.5 44034 922.625 0
101 3.25818 -42.5 44104 922.625 0
001 4.27060 -45.5 44143 922.625 0
100 4.76761 -30.0 44682 922.625 0
101 1.36831 -39.5 44768 922.625 0
001 0.09204 -33.0 44826 922.625 0
100 5.93344 -36.0 45335 922.625 0
101 1.53398 -43.5 45436 922.625 0
001 5.71254 -34.0 45502 923.625 0
100 5.08668 -34.0 45987 923.625 0
101 6.03775 -39.0 46113 923.625 0
001 4.99464 -35.5 46178 923.625 0
100 4.97623 -36.0 46643 923.625 0
101 5.97025 -36.0 46776 923.625 0
001 4.80443 -33.5 46867 923.625 0
100 0.46019 -32.5 47303 920.625 0
101 1.63216 -35.5 47427 920.625 0
001 0.50928 -33.0 47552 920.625 0
100 5.99480 -36.0 47943 920.625 0
001 0.13499 -39.5 48242 920.625 0
100 2.84707 -40.5 48581 920.625 0
101 1.34377 -30.5 48763 920.625 0
001 5.15418 -46.0 48842 920.625 0
100 1.28241 -26.5 49200 921.625 0
101 2.00031 -38.0 49444 921.625 0
001 2.09849 -42.5 49485 921.625 0
100 1.28854 -25.0 49851 921.625 0
