101 4.06198 -31.0 0 922.625 0
101 4.02517 -31.0 486 922.625 0
101 4.01903 -31.0 971 922.625 0
101 3.96381 -31.0 1451 922.625 0
101 3.16614 -32.0 1931 923.625 0
101 3.16614 -32.5 2409 923.625 0
101 3.16000 -32.5 2900 923.625 0
101 3.32567 -32.0 3371 923.625 0
100 5.81686 -47.5 3597 920.625 0
101 5.74322 -29.5 3847 920.625 0
100 5.95185 -47.5 4105 920.625 0
101 5.90276 -29.5 4322 920.625 0
100 5.87208 -47.5 4617 920.625 0
101 5.92117 -29.5 4802 920.625 0
100 6.07456 -47.0 5123 920.625 0
101 5.84140 -29.5 5301 920.625 0
100 5.11122 -50.0 5635 921.625 0
101 4.86579 -29.5 5789 921.625 0
100 5.08668 -49.5 6142 921.625 0
101 4.86579 -30.0 6268 921.625 0
100 5.12350 -49.5 6652 921.625 0
101 4.87192 -30.0 6755 921.625 0
100 5.03759 -49.5 7158 921.625 0
101 4.08652 -30.5 7239 922.625 0
100 4.40559 -53.5 7666 922.625 0
101 4.07425 -30.5 7715 922.625 0
100 4.41173 -53.5 8179 922.625 0
101 4.06812 -31.0 8202 922.625 0
101 4.06812 -31.0 8679 922.625 0
100 4.39332 -53.5 8694 922.625 0
101 3.19068 -32.0 9154 923.625 0
101 3.22136 -32.0 9642 923.625 0
101 6.06843 -31.0 20033 920.625 0
100 1.56466 -42.5 20038 920.625 0
001 5.45484 -41.0 20517 920.625 0
101 1.13515 -57.5 20543 920.625 0
100 6.10524 -45.5 20566 920.625 0
101 2.35006 -32.0 21054 920.625 0
100 0.05522 -38.5 21071 920.625 0
101 1.65670 -28.5 21551 920.625 0
100 4.47922 -45.5 21562 920.625 0
001 5.90276 -43.5 21889 921.625 0
100 1.44808 -33.0 22054 921.625 0
101 4.65717 -34.0 22059 921.625 0
001 5.85981 -47.5 22428 921.625 0
100 1.48489 -36.5 22534 921.625 0
101 2.50959 -38.0 22555 921.625 0
100 3.28272 -44.0 23028 921.625 0
101 2.81025 -40.0 23048 921.625 0
100 2.73049 -47.5 23508 921.625 0
101 1.31922 -34.0 23551 921.625 0
100 2.85320 -43.0 23995 922.625 0
101 1.39285 -36.5 24060 922.625 0
100 2.78571 -52.0 24489 922.625 0
101 0.14113 -31.5 24559 922.625 0
001 5.41188 -43.5 24701 922.625 0
100 3.54656 -30.0 24976 922.625 0
101 1.54625 -40.5 25069 922.625 0
001 1.92668 -40.0 25252 922.625 0
100 5.49779 -38.5 25467 923.625 0
101 1.39899 -27.0 25574 923.625 0
001 3.24590 -46.5 25727 923.625 0
100 3.09251 -31.5 25939 923.625 0
100 3.60179 -41.5 26425 923.625 0
101 4.11107 -49.0 26584 923.625 0
100 3.29499 -39.5 26913 923.625 0
101 1.56466 -42.0 27084 923.625 0
100 4.33810 -44.5 27406 920.625 0
101 1.50330 -32.0 27573 920.625 0
100 4.73693 -38.5 27900 920.625 0
101 5.31371 -45.0 28076 920.625 0
001 1.16583 -46.5 28120 920.625 0
100 5.93344 -36.0 28406 920.625 0
101 5.14804 -42.0 28583 920.625 0
001 1.46035 -47.5 28844 920.625 0
100 0.34975 -34.5 28904 920.625 0
101 2.70594 -40.5 29079 921.625 0
100 3.53429 -31.5 29398 921.625 0
101 2.31324 -37.5 29572 921.625 0
100 4.05585 -35.5 29884 921.625 0
101 5.95798 -26.0 40071 922.625 0
100 1.23946 -32.0 40076 922.625 0
001 4.73080 -36.5 40081 922.625 0
101 5.93957 -26.0 40559 922.625 0
100 1.25173 -32.5 40570 922.625 0
001 4.54672 -36.5 40597 922.625 0
101 6.08684 -26.0 41052 922.625 0
100 1.24559 -32.0 41073 922.625 0
001 4.66330 -37.0 41105 922.625 0
101 5.97639 -25.5 41547 922.625 0
100 1.25173 -32.0 41568 922.625 0
001 4.64489 -37.0 41616 922.625 0
101 5.17872 -26.5 42037 923.625 0
100 0.50928 -33.0 42077 923.625 0
001 3.75518 -36.5 42135 923.625 0
101 5.20326 -26.5 42527 923.625 0
100 0.55837 -33.0 42570 923.625 0
001 3.79200 -36.5 42654 923.625 0
101 5.24008 -26.0 43021 923.625 0
100 0.48474 -33.0 43053 923.625 0
001 3.74291 -36.5 43173 923.625 0
101 5.21553 -26.5 43508 923.625 0
100 0.57064 -33.0 43541 923.625 0
001 6.24023 -37.0 43692 920.625 0
101 1.14128 -25.5 44000 920.625 0
100 2.72435 -31.0 44039 920.625 0
001 6.27705 -37.0 44212 920.625 0
101 1.08606 -25.5 44486 920.625 0
100 2.69367 -31.0 44535 920.625 0
001 6.25864 -37.0 44727 920.625 0
101 1.19037 -25.5 44988 920.625 0
100 2.77957 -31.5 45027 920.625 0
001 6.20955 -37.0 45241 920.625 0
101 0.48474 -25.5 45478 921.625 0
100 1.73033 -32.0 45517 921.625 0
001 5.26462 -36.5 45761 921.625 0
101 0.41111 -26.0 45967 921.625 0
100 1.69351 -32.5 46008 921.625 0
001 5.22781 -36.0 46276 921.625 0
101 0.44179 -26.0 46452 921.625 0
100 1.67511 -32.5 46512 921.625 0
001 5.30757 -36.5 46795 921.625 0
101 0.44792 -25.5 46937 921.625 0
100 1.66284 -32.5 46997 921.625 0
001 4.38719 -36.0 47315 922.625 0
101 5.96412 -26.0 47424 922.625 0
100 0.93880 -33.5 47488 922.625 0
001 4.33810 -36.0 47827 922.625 0
101 5.95798 -26.0 47917 922.625 0
100 1.04311 -34.0 47997 922.625 0
001 4.39332 -36.0 48341 922.625 0
101 5.93957 -26.0 48402 922.625 0
100 0.87130 -33.5 48482 922.625 0
001 4.38719 -36.0 48858 922.625 0
101 5.97025 -26.0 48885 922.625 0
100 0.93266 -34.0 48981 922.625 0
101 5.17258 -26.5 49371 923.625 0
001 3.52816 -36.0 49382 923.625 0
100 0.17794 -34.5 49482 923.625 0
101 5.18486 -26.5 49861 923.625 0
001 3.57724 -36.0 49887 923.625 0
100 0.11658 -34.5 49973 923.625 0
