001 5.08668 -35.0 0 920.625 0
101 5.57755 -45.5 6 920.625 0
100 6.26478 -36.5 11 920.625 0
100 6.15433 -37.0 473 920.625 0
101 5.65732 -45.0 484 920.625 0
001 5.01919 -35.5 494 920.625 0
100 6.20955 -36.5 948 920.625 0
101 5.56528 -45.5 969 920.625 0
001 4.99464 -35.5 984 920.625 0
100 6.19115 -37.0 1419 920.625 0
101 5.65732 -45.0 1440 920.625 0
001 5.02532 -35.0 1472 920.625 0
100 5.48552 -37.5 1883 921.625 0
101 5.01919 -44.5 1915 921.625 0
001 4.29515 -35.5 1964 921.625 0
100 5.46097 -37.5 2345 921.625 0
101 5.04373 -44.5 2385 921.625 0
001 4.30742 -35.5 2456 921.625 0
100 5.45484 -38.0 2805 921.625 0
101 5.09282 -45.0 2868 921.625 0
001 4.31355 -35.5 2943 921.625 0
100 5.58369 -37.5 3279 921.625 0
101 5.09282 -45.0 3352 921.625 0
001 4.31355 -35.5 3436 921.625 0
100 4.78602 -38.5 3740 922.625 0
101 4.44241 -44.5 3832 922.625 0
001 3.52816 -36.0 3928 922.625 0
100 4.77988 -38.5 4207 922.625 0
101 4.43014 -45.0 4313 922.625 0
001 3.48520 -36.0 4411 922.625 0
100 4.82284 -38.5 4691 922.625 0
101 4.42400 -45.5 4791 922.625 0
001 3.43612 -36.5 4906 922.625 0
100 4.70012 -39.5 5166 922.625 0
101 4.36264 -45.5 5275 922.625 0
001 2.66913 -36.5 5398 923.625 0
100 4.11107 -39.5 5626 923.625 0
101 3.74291 -45.5 5749 923.625 0
001 2.71821 -36.5 5888 923.625 0
100 4.13561 -39.5 6089 923.625 0
101 3.75518 -45.5 6228 923.625 0
001 2.73049 -36.0 6384 923.625 0
100 4.10493 -39.5 6551 923.625 0
101 3.88404 -46.0 6710 923.625 0
001 2.69981 -36.0 6864 923.625 0
100 4.10493 -39.5 7024 923.625 0
101 3.88404 -45.5 7179 923.625 0
001 4.89033 -36.0 7356 920.625 0
100 5.97639 -37.0 7489 920.625 0
101 5.63278 -46.0 7657 920.625 0
001 4.84738 -36.0 7847 920.625 0
100 6.00707 -36.5 7967 920.625 0
101 5.63278 -46.0 8138 920.625 0
001 4.87806 -36.0 8328 920.625 0
100 6.05002 -36.5 8433 920.625 0
101 5.76777 -46.0 8611 920.625 0
001 4.87192 -36.5 8820 920.625 0
100 6.03161 -36.5 8899 920.625 0
101 5.09282 -46.0 9092 921.625 0
001 4.47309 -36.0 9303 921.625 0
100 5.34439 -38.0 9367 921.625 0
101 5.11122 -46.0 9574 921.625 0
001 4.05585 -36.5 9790 921.625 0
100 5.32598 -38.0 9840 921.625 0
100 4.58967 -40.5 20045 922.625 0
001 3.23977 -37.5 20050 922.625 0
101 4.46695 -46.5 20055 922.625 0
100 4.58353 -40.5 20510 922.625 0
101 4.46695 -46.0 20526 922.625 0
001 3.22136 -37.5 20543 922.625 0
100 4.58967 -40.5 20994 922.625 0
101 4.46082 -46.0 21005 922.625 0
001 3.20909 -38.0 21042 922.625 0
100 4.52218 -41.5 21456 922.625 0
101 4.53445 -47.0 21488 922.625 0
001 3.17841 -38.0 21541 922.625 0
100 4.01903 -42.5 21932 923.625 0
101 3.90858 -46.5 21964 923.625 0
001 2.37460 -38.0 22045 923.625 0
100 4.04971 -42.0 22405 923.625 0
101 3.89631 -46.5 22443 923.625 0
001 2.37460 -38.0 22537 923.625 0
100 4.27674 -42.0 22881 923.625 0
101 3.96381 -46.5 22919 923.625 0
001 2.34392 -38.5 23026 923.625 0
100 4.28287 -42.5 23359 923.625 0
101 3.90245 -46.0 23411 923.625 0
001 2.70594 -39.5 23529 923.625 0
100 5.89049 -39.5 23823 920.625 0
101 5.90276 -47.0 23890 920.625 0
001 4.67557 -39.0 24023 920.625 0
100 5.90276 -39.5 24290 920.625 0
101 5.80458 -46.5 24368 920.625 0
001 4.73693 -38.5 24515 920.625 0
100 5.92117 -37.5 24759 920.625 0
101 5.79845 -47.0 24855 920.625 0
001 4.64489 -37.5 25011 920.625 0
100 5.88435 -37.5 25237 920.625 0
101 5.72482 -47.5 25338 920.625 0
001 3.90858 -37.5 25519 921.625 0
100 5.20940 -39.0 25701 921.625 0
101 5.09895 -47.0 25822 921.625 0
001 3.90245 -37.5 26022 921.625 0
100 5.18486 -39.0 26186 921.625 0
101 5.05600 -47.0 26312 921.625 0
001 3.89018 -37.5 26517 921.625 0
100 5.11122 -39.5 26658 921.625 0
101 5.05600 -46.5 26791 921.625 0
001 3.87790 -38.0 27015 921.625 0
100 5.19099 -39.5 27137 921.625 0
101 4.42400 -46.0 27270 922.625 0
001 3.09864 -38.5 27506 922.625 0
100 4.57126 -41.0 27607 922.625 0
101 4.41786 -46.5 27762 922.625 0
001 3.08637 -38.0 28007 922.625 0
100 4.56513 -41.0 28077 922.625 0
101 4.44854 -46.0 28245 922.625 0
001 3.02501 -38.5 28502 922.625 0
100 4.57740 -40.5 28558 922.625 0
101 4.41173 -46.5 28726 922.625 0
001 3.04342 -38.5 28995 922.625 0
100 4.21538 -42.0 29028 923.625 0
101 3.94540 -46.5 29210 923.625 0
001 2.33779 -38.5 29493 923.625 0
100 4.01903 -42.0 29502 923.625 0
101 3.87790 -46.0 29699 923.625 0
100 4.14788 -43.5 29989 923.625 0
001 2.20893 -39.0 30000 923.625 0
001 4.50377 -39.5 40069 920.625 0
100 5.87821 -40.0 40074 920.625 0
101 5.82913 -47.0 40080 920.625 0
100 5.92730 -39.5 40547 920.625 0
101 5.72482 -46.5 40559 920.625 0
001 4.49763 -39.5 40578 920.625 0
100 5.90276 -39.0 41030 920.625 0
101 5.74936 -46.5 41047 920.625 0
001 4.52218 -39.0 41086 920.625 0
100 5.91503 -39.0 41502 920.625 0
101 5.66959 -47.0 41536 920.625 0
001 4.56513 -38.5 41590 920.625 0
100 5.33825 -41.0 41968 921.625 0
101 5.11122 -46.5 42017 921.625 0
001 3.79814 -39.0 42099 921.625 0
100 5.22167 -41.5 42448 921.625 0
101 5.06214 -47.5 42497 921.625 0
001 3.76746 -38.5 42602 921.625 0
100 5.44870 -42.5 42919 921.625 0
101 4.90260 -48.0 42983 921.625 0
001 3.76746 -37.0 43102 921.625 0
100 5.08054 -38.5 43392 921.625 0
101 4.66330 -49.5 43471 921.625 0
001 3.54043 -36.5 43598 921.625 0
100 4.46695 -39.5 43867 922.625 0
101 4.28901 -49.0 43958 922.625 0
001 2.73049 -37.0 44100 922.625 0
100 4.46695 -39.5 44347 922.625 0
101 4.38105 -49.0 44443 922.625 0
001 2.74276 -36.5 44592 922.625 0
100 4.47922 -39.5 44818 922.625 0
101 4.36878 -49.0 44926 922.625 0
001 2.80412 -36.5 45098 922.625 0
100 4.44854 -40.0 45298 922.625 0
101 4.23379 -49.0 45417 922.625 0
001 1.97577 -36.5 45593 923.625 0
100 3.90858 -41.0 45776 923.625 0
101 3.54043 -49.0 45898 923.625 0
001 1.71192 -37.5 46083 923.625 0
100 3.91472 -41.5 46250 923.625 0
101 3.54656 -49.0 46384 923.625 0
001 2.04940 -36.5 46577 923.625 0
100 3.90245 -41.0 46732 923.625 0
101 3.57111 -49.0 46877 923.625 0
001 1.71806 -37.5 47080 923.625 0
100 3.90245 -41.0 47212 923.625 0
101 5.19713 -49.5 47367 920.625 0
001 4.33196 -37.5 47577 920.625 0
100 5.90276 -38.5 47682 920.625 0
101 5.43029 -50.0 47854 920.625 0
001 4.36878 -37.0 48073 920.625 0
100 5.92730 -37.5 48153 920.625 0
101 5.44870 -50.0 48341 920.625 0
001 4.34423 -37.0 48577 920.625 0
100 5.91503 -38.5 48635 920.625 0
101 5.39961 -49.0 48827 920.625 0
001 3.61406 -37.0 49081 921.625 0
100 5.28917 -40.0 49119 921.625 0
101 4.82897 -49.0 49313 921.625 0
001 3.55884 -36.5 49580 921.625 0
100 5.28303 -38.0 49601 921.625 0
101 4.72466 -50.0 49803 921.625 0
