101 0.04909 -31.5 0 920.625 0
001 2.81639 -36.5 5 920.625 0
100 4.35037 -61.5 10 920.625 0
101 0.03682 -32.0 367 920.625 0
001 2.84093 -37.0 394 920.625 0
100 3.99449 -56.5 416 920.625 0
101 0.05522 -31.5 733 920.625 0
001 2.84707 -36.5 802 920.625 0
100 4.30742 -60.5 823 920.625 0
101 0.00614 -31.5 1113 920.625 0
001 2.82252 -37.0 1197 920.625 0
100 4.07425 -57.0 1235 920.625 0
101 0.03068 -32.0 1477 920.625 0
001 2.84093 -36.5 1600 920.625 0
100 4.19084 -62.5 1639 920.625 0
101 5.93957 -31.5 1844 921.625 0
001 2.13530 -37.0 1995 921.625 0
100 2.54027 -61.0 2054 921.625 0
101 5.62664 -31.5 2207 921.625 0
001 2.17212 -37.0 2396 921.625 0
100 2.57709 -58.5 2465 921.625 0
101 5.80458 -31.5 2572 921.625 0
001 2.17212 -37.0 2788 921.625 0
100 2.59550 -61.0 2875 921.625 0
101 5.80458 -31.5 2941 921.625 0
001 2.12303 -36.5 3192 921.625 0
100 2.58936 -60.5 3291 921.625 0
101 5.79845 -31.5 3313 921.625 0
001 1.52784 -37.5 3591 922.625 0
101 4.89033 -31.0 3689 922.625 0
100 1.73647 -56.0 3735 922.625 0
001 1.54012 -37.5 3981 922.625 0
101 4.84738 -31.0 4059 922.625 0
100 1.65670 -56.5 4251 922.625 0
001 1.53398 -37.5 4383 922.625 0
101 4.84738 -31.0 4428 922.625 0
100 1.69351 -56.5 4767 922.625 0
001 1.53398 -37.5 4778 922.625 0
101 4.81670 -31.0 4804 922.625 0
101 4.78602 -31.0 5165 922.625 0
001 1.51557 -37.5 5178 922.625 0
100 1.68124 -56.0 5283 922.625 0
101 4.22765 -31.0 5526 923.625 0
001 0.91425 -37.0 5577 923.625 0
101 4.22765 -31.5 5888 923.625 0
001 0.90812 -37.0 5966 923.625 0
101 4.10493 -31.0 6250 923.625 0
001 1.03697 -37.0 6360 923.625 0
101 4.04971 -31.5 6616 923.625 0
001 1.04311 -37.0 6753 923.625 0
101 4.02517 -31.0 6984 923.625 0
001 0.90812 -37.0 7152 923.625 0
100 3.94540 -64.0 7187 920.625 0
101 0.03682 -32.0 7350 920.625 0
001 2.84093 -36.5 7565 920.625 0
100 4.08652 -60.0 7603 920.625 0
101 0.00000 -32.0 7719 920.625 0
001 2.79798 -36.5 7970 920.625 0
100 3.95767 -63.5 8019 920.625 0
101 0.02454 -32.0 8105 920.625 0
001 2.77957 -36.5 8367 920.625 0
100 3.87790 -57.5 8434 920.625 0
101 0.01841 -32.0 8473 920.625 0
001 2.81639 -36.5 8766 920.625 0
101 0.02454 -32.0 8844 920.625 0
100 3.93313 -63.5 8854 920.625 0
001 2.12303 -37.0 9163 921.625 0
101 5.78618 -31.5 9218 921.625 0
100 2.50959 -60.5 9273 921.625 0
101 5.73709 -31.5 9577 921.625 0
001 2.14757 -37.0 9582 921.625 0
100 2.78571 -57.0 9696 921.625 0
101 5.62051 -31.5 9960 921.625 0
001 2.12303 -37.0 9971 921.625 0
101 4.95169 -31.5 20042 922.625 0
001 1.52784 -37.5 20047 922.625 0
101 4.96396 -31.0 20413 922.625 0
001 1.54012 -37.5 20461 922.625 0
101 4.87806 -31.0 20783 922.625 0
001 1.52784 -37.5 20861 922.625 0
101 4.97010 -31.0 21172 922.625 0
001 1.54012 -37.5 21267 922.625 0
101 4.95783 -31.0 21557 922.625 0
001 1.52784 -37.5 21670 922.625 0
101 4.11107 -31.5 21929 923.625 0
001 1.03697 -37.0 22072 923.625 0
101 4.06198 -31.5 22300 923.625 0
001 0.92039 -37.0 22479 923.625 0
101 4.22765 -31.5 22674 923.625 0
001 0.85289 -37.0 22876 923.625 0
101 4.18470 -31.5 23051 923.625 0
001 0.82221 -37.0 23283 923.625 0
101 4.19697 -31.5 23421 923.625 0
100 3.81041 -60.0 23634 920.625 0
001 2.84707 -37.0 23679 920.625 0
101 0.03682 -32.0 23800 920.625 0
100 3.61406 -62.0 24048 920.625 0
001 2.82252 -37.0 24093 920.625 0
101 0.01227 -32.0 24168 920.625 0
100 3.57724 -57.0 24472 920.625 0
001 2.79798 -37.0 24495 920.625 0
101 0.03682 -32.0 24558 920.625 0
100 3.59565 -62.0 24884 920.625 0
001 2.82252 -37.0 24901 920.625 0
101 0.01841 -32.0 24928 920.625 0
101 0.02454 -32.0 25297 920.625 0
100 3.58952 -62.0 25308 920.625 0
001 2.84707 -37.0 25320 920.625 0
101 5.91503 -31.5 25668 921.625 0
001 2.13530 -37.0 25725 921.625 0
100 2.61390 -58.5 25753 921.625 0
101 5.77390 -32.0 26036 921.625 0
001 2.13530 -37.0 26129 921.625 0
100 2.54641 -58.5 26182 921.625 0
101 5.78004 -31.5 26409 921.625 0
001 2.13530 -37.0 26530 921.625 0
100 2.82866 -58.5 26613 921.625 0
101 5.76777 -32.0 26787 921.625 0
001 2.14757 -37.0 26942 921.625 0
100 2.58936 -55.5 27033 921.625 0
101 5.78618 -31.5 27162 921.625 0
001 1.52171 -37.5 27336 922.625 0
101 4.87806 -31.5 27528 922.625 0
001 1.52784 -37.5 27736 922.625 0
101 4.87192 -31.5 27910 922.625 0
001 1.53398 -37.5 28130 922.625 0
101 4.97010 -31.0 28273 922.625 0
001 1.52171 -37.5 28547 922.625 0
101 4.87806 -31.5 28659 922.625 0
001 1.54012 -37.5 28954 922.625 0
101 4.10493 -31.5 29027 923.625 0
001 0.82835 -37.0 29354 923.625 0
101 4.21538 -31.5 29397 923.625 0
001 0.90198 -37.0 29752 923.625 0
101 4.19084 -31.0 29763 923.625 0
100 0.03682 -41.0 40071 920.625 0
101 5.88435 -34.5 40077 920.625 0
001 1.81623 -38.5 40084 920.625 0
101 6.08070 -34.0 40454 920.625 0
001 2.76730 -41.5 40491 920.625 0
100 1.18423 -49.5 40497 920.625 0
101 6.24637 -35.0 40830 920.625 0
001 2.99433 -41.5 40910 920.625 0
100 1.60761 -48.5 40925 920.625 0
101 6.27091 -35.0 41211 920.625 0
001 3.04342 -41.0 41328 920.625 0
100 2.01258 -46.0 41349 920.625 0
101 0.14113 -33.0 41588 920.625 0
001 2.84093 -40.5 41736 920.625 0
100 2.21507 -51.0 41772 920.625 0
101 5.79231 -32.5 41961 921.625 0
001 2.34392 -40.0 42150 921.625 0
100 1.42353 -50.0 42195 921.625 0
101 5.79231 -32.0 42339 921.625 0
001 2.31938 -40.5 42574 921.625 0
100 1.48489 -51.0 42621 921.625 0
101 5.76163 -32.0 42729 921.625 0
001 2.35619 -40.0 42983 921.625 0
100 1.49717 -51.5 43044 921.625 0
101 6.20955 -32.0 43099 921.625 0
001 2.33165 -40.0 43390 921.625 0
100 1.55852 -50.5 43463 921.625 0
101 5.77390 -32.0 43477 921.625 0
001 1.71192 -39.5 43805 922.625 0
101 5.01919 -32.5 43853 922.625 0
100 1.13515 -49.0 43881 922.625 0
001 1.71192 -39.5 44217 922.625 0
101 4.88419 -32.0 44237 922.625 0
100 1.24559 -48.5 44307 922.625 0
101 5.02532 -32.5 44616 922.625 0
001 1.71806 -40.0 44632 922.625 0
100 1.20878 -48.5 44725 922.625 0
101 4.90260 -32.5 44985 922.625 0
001 1.70579 -39.5 45041 922.625 0
100 1.15969 -49.0 45146 922.625 0
101 5.01919 -32.0 45361 922.625 0
001 1.12287 -39.5 45463 923.625 0
100 0.47860 -48.0 45567 923.625 0
101 4.33196 -32.5 45751 923.625 0
001 1.11674 -39.5 45880 923.625 0
100 0.47860 -48.0 45987 923.625 0
101 4.35651 -32.5 46134 923.625 0
001 1.12287 -39.5 46291 923.625 0
100 0.50315 -48.0 46414 923.625 0
101 4.32583 -32.5 46520 923.625 0
001 1.12287 -39.0 46711 923.625 0
100 0.44792 -48.0 46834 923.625 0
101 4.30128 -33.0 46908 923.625 0
001 1.19651 -39.5 47118 923.625 0
100 1.96963 -51.0 47259 920.625 0
101 0.05522 -33.0 47285 920.625 0
001 2.92684 -39.5 47523 920.625 0
101 0.04909 -32.5 47667 920.625 0
100 1.98190 -50.5 47684 920.625 0
001 2.85934 -39.5 47937 920.625 0
101 0.14113 -33.0 48047 920.625 0
100 2.02485 -51.0 48108 920.625 0
001 2.84093 -39.5 48344 920.625 0
101 0.14726 -32.0 48415 920.625 0
100 2.04326 -51.0 48530 920.625 0
001 2.84093 -39.5 48748 920.625 0
101 0.14726 -32.5 48788 920.625 0
100 2.00031 -50.5 48959 920.625 0
001 2.31324 -40.0 49149 921.625 0
101 5.93344 -32.0 49161 921.625 0
100 1.61988 -50.0 49384 921.625 0
101 5.70027 -32.0 49529 921.625 0
001 2.30711 -40.0 49572 921.625 0
100 1.60761 -50.0 49810 921.625 0
101 5.84140 -32.0 49908 921.625 0
001 2.35006 -40.0 49992 921.625 0
