001 1.25173 -32.0 0 920.625 0
100 3.41771 -41.0 5 920.625 0
001 1.17196 -32.0 782 920.625 0
100 3.46680 -41.0 792 920.625 0
001 1.09833 -32.5 1542 920.625 0
100 3.57111 -41.0 1582 920.625 0
001 0.14726 -32.5 2313 921.625 0
100 2.82866 -41.0 2375 921.625 0
001 0.14726 -32.5 3093 921.625 0
100 2.80412 -41.0 3157 921.625 0
001 5.88435 -33.0 3853 922.625 0
100 2.07394 -41.5 3951 922.625 0
001 5.74322 -33.0 4624 922.625 0
100 1.79783 -41.0 4739 922.625 0
001 4.82897 -33.0 5404 923.625 0
100 1.22105 -41.5 5528 923.625 0
001 4.85352 -33.0 6181 923.625 0
100 1.16583 -41.5 6303 923.625 0
001 4.85352 -33.0 6948 923.625 0
100 1.00016 -41.5 7090 923.625 0
001 1.05538 -33.5 7715 920.625 0
100 2.95138 -41.0 7883 920.625 0
001 1.25173 -33.5 8493 920.625 0
001 6.07456 -34.0 9267 921.625 0
100 2.35619 -41.5 9439 921.625 0
100 0.40497 -47.5 20047 922.625 0
001 4.68171 -42.0 20058 922.625 0
100 0.31907 -48.0 20836 922.625 0
100 0.27612 -48.0 21631 922.625 0
001 4.66944 -42.5 21640 922.625 0
100 5.92730 -48.5 22424 923.625 0
001 4.09266 -43.5 22438 923.625 0
100 5.78004 -49.0 23216 923.625 0
001 4.02517 -44.0 23231 923.625 0
101 2.59550 -47.0 23641 920.625 0
100 1.38058 -48.0 24007 920.625 0
001 5.84140 -44.5 24030 920.625 0
101 2.28870 -47.0 24437 920.625 0
100 1.38672 -48.0 24799 920.625 0
001 5.94571 -44.5 24808 920.625 0
101 2.49118 -46.5 25226 920.625 0
100 1.04924 -49.0 25589 921.625 0
001 5.46097 -45.0 25612 921.625 0
101 1.47876 -47.0 26037 921.625 0
100 0.77926 -49.0 26388 921.625 0
001 5.19099 -45.0 26406 921.625 0
101 1.52784 -47.5 26869 921.625 0
100 0.98175 -49.5 27170 921.625 0
001 5.38734 -45.5 27201 921.625 0
101 1.11060 -47.0 27675 922.625 0
100 6.26478 -50.5 27976 922.625 0
001 4.51604 -47.5 27998 922.625 0
101 0.85289 -47.5 28470 922.625 0
100 5.88435 -50.5 28767 922.625 0
001 4.46082 -49.5 28803 922.625 0
101 0.06750 -47.0 29242 923.625 0
100 5.36280 -50.5 29571 923.625 0
001 3.73678 -49.5 29607 923.625 0
101 0.03068 -46.5 30035 923.625 0
100 1.46649 -46.5 40086 920.625 0
001 5.62664 -40.0 40092 920.625 0
101 2.56482 -46.5 40098 920.625 0
001 5.81686 -39.5 40873 920.625 0
100 1.41740 -46.5 40878 920.625 0
101 2.55868 -46.5 40892 920.625 0
001 5.76163 -39.0 41651 920.625 0
100 1.31309 -46.5 41671 920.625 0
101 2.51573 -47.0 41780 920.625 0
001 4.64489 -39.5 42423 921.625 0
100 1.00629 -47.0 42477 921.625 0
101 1.54012 -47.0 42616 921.625 0
001 4.71239 -39.5 43202 921.625 0
100 0.57064 -46.5 43264 921.625 0
101 1.57080 -47.0 43379 921.625 0
001 3.96994 -40.0 43995 922.625 0
101 1.04924 -46.5 44199 922.625 0
001 4.09880 -40.0 44775 922.625 0
101 1.04924 -47.0 44940 922.625 0
001 3.09251 -40.5 45554 923.625 0
100 5.63891 -48.5 45648 923.625 0
101 0.09817 -47.0 45705 923.625 0
001 3.09251 -40.5 46342 923.625 0
100 6.01934 -48.0 46435 923.625 0
101 0.05522 -47.0 46498 923.625 0
001 3.10478 -40.5 47124 923.625 0
100 5.78004 -47.5 47221 923.625 0
101 2.65685 -47.0 47309 920.625 0
001 5.65119 -39.0 47905 920.625 0
100 1.52784 -47.0 48012 920.625 0
101 2.58322 -46.5 48142 920.625 0
001 5.59596 -39.0 48675 920.625 0
100 1.53398 -46.5 48803 920.625 0
101 2.61390 -46.5 48936 920.625 0
001 4.64489 -39.5 49464 921.625 0
100 1.30695 -47.0 49592 921.625 0
101 1.57693 -47.0 49733 921.625 0
