100 1.30082 -46.5 0 920.625 0
101 3.19068 -48.5 5 920.625 0
100 1.90827 -46.5 769 920.625 0
101 2.88388 -48.0 780 920.625 0
100 1.53398 -46.5 1542 920.625 0
101 2.82866 -48.0 1551 920.625 0
100 0.55837 -47.0 2313 921.625 0
101 2.13530 -48.0 2324 921.625 0
100 0.61359 -47.0 3085 921.625 0
100 5.94571 -47.5 3850 922.625 0
101 1.42967 -48.0 3860 922.625 0
100 5.96412 -47.5 4614 922.625 0
100 5.13577 -48.0 5389 923.625 0
101 1.08606 -48.0 5398 923.625 0
100 5.20940 -48.0 6156 923.625 0
101 1.08606 -48.0 6166 923.625 0
100 5.16645 -48.0 6926 923.625 0
101 1.11060 -48.0 6937 923.625 0
100 1.60148 -47.0 7694 920.625 0
101 3.25818 -48.0 7708 920.625 0
100 1.30695 -47.0 8464 920.625 0
101 2.82252 -48.0 8478 920.625 0
100 0.44179 -47.5 9236 921.625 0
101 2.08621 -47.5 9255 921.625 0
101 1.41740 -47.5 20042 922.625 0
100 6.01320 -48.5 20047 922.625 0
001 0.87744 -31.0 20052 920.625 0
001 0.82835 -31.0 20772 920.625 0
101 1.35604 -47.0 20803 922.625 0
100 5.97025 -49.0 20821 922.625 0
001 0.82221 -31.5 21493 920.625 0
101 1.77942 -47.0 21574 922.625 0
100 5.95185 -49.0 21597 922.625 0
001 0.15340 -31.5 22220 921.625 0
101 1.06151 -47.5 22345 923.625 0
100 5.23394 -49.5 22372 923.625 0
001 0.12272 -31.5 22934 921.625 0
101 0.79153 -47.5 23114 923.625 0
100 5.18486 -50.0 23146 923.625 0
001 5.75550 -31.5 23655 922.625 0
101 2.89616 -47.5 23880 920.625 0
100 1.25786 -48.0 23920 920.625 0
001 5.81686 -31.5 24369 922.625 0
101 2.67526 -47.5 24646 920.625 0
100 1.40513 -48.0 24690 920.625 0
001 5.85367 -31.5 25081 922.625 0
101 2.65072 -47.5 25412 920.625 0
100 0.44792 -48.5 25464 921.625 0
101 2.11689 -47.0 26183 921.625 0
100 0.66882 -48.5 26239 921.625 0
100 0.93266 -48.5 27015 921.625 0
101 1.31922 -47.0 27723 922.625 0
100 6.22183 -49.5 27794 922.625 0
101 1.27627 -47.0 28490 922.625 0
100 5.99480 -49.5 28566 922.625 0
101 1.21491 -47.0 29264 923.625 0
100 5.23394 -50.0 29346 923.625 0
101 0.68109 -47.0 30034 923.625 0
101 2.50959 -47.0 40097 920.625 0
100 1.35604 -48.0 40102 920.625 0
101 2.54027 -47.0 40861 920.625 0
100 1.53398 -48.0 40870 920.625 0
101 2.48505 -47.0 41628 920.625 0
100 1.34377 -48.0 41642 920.625 0
101 1.96963 -47.0 42390 921.625 0
100 0.57678 -48.5 42423 921.625 0
101 1.95122 -47.0 43148 921.625 0
100 0.61973 -48.0 43203 921.625 0
101 1.17810 -46.5 43921 922.625 0
100 6.11752 -49.0 43982 922.625 0
101 0.96948 -47.0 44684 922.625 0
100 6.09297 -48.5 44760 922.625 0
101 1.06151 -47.0 45457 922.625 0
101 0.10431 -47.5 46232 923.625 0
101 0.02454 -47.5 47004 923.625 0
100 1.37445 -47.0 47291 920.625 0
101 2.38687 -47.0 47770 920.625 0
100 1.36831 -47.0 48063 920.625 0
101 2.14144 -47.5 48545 920.625 0
100 1.77942 -47.0 48857 920.625 0
101 1.58307 -48.0 49321 921.625 0
100 0.65654 -48.0 49632 921.625 0
101 1.50944 -48.0 50092 921.625 0
