101 3.92085 -46.5 0 922.625 0
001 6.12365 -37.0 6 922.625 0
101 3.82882 -46.0 659 922.625 0
001 6.09911 -37.0 669 922.625 0
101 4.16629 -46.5 1316 922.625 0
001 6.11752 -37.0 1334 922.625 0
101 2.98206 -47.0 1991 923.625 0
001 5.60823 -37.5 2005 923.625 0
001 5.72482 -37.0 2656 923.625 0
101 2.93297 -46.5 2665 923.625 0
001 5.89662 -37.5 3317 923.625 0
101 2.98819 -47.0 3328 923.625 0
001 1.24559 -36.0 3961 920.625 0
101 5.25849 -46.5 3984 920.625 0
001 1.39285 -36.5 4633 920.625 0
101 5.14804 -47.0 4657 920.625 0
001 1.49717 -36.0 5271 920.625 0
101 5.17258 -46.5 5325 920.625 0
001 0.52769 -36.5 5934 921.625 0
101 4.43014 -46.5 5996 921.625 0
001 0.83449 -36.5 6585 921.625 0
101 4.49150 -46.5 6670 921.625 0
001 6.10524 -37.0 7237 922.625 0
101 3.71837 -46.5 7336 922.625 0
001 6.11138 -37.0 7884 922.625 0
101 3.79814 -46.5 7993 922.625 0
001 6.10524 -37.0 8535 922.625 0
101 3.90245 -46.5 8650 922.625 0
001 5.89049 -37.5 9193 923.625 0
101 2.93911 -46.5 9307 923.625 0
001 5.71254 -37.5 9867 923.625 0
101 2.94524 -46.5 9961 923.625 0
001 1.23332 -36.0 20041 920.625 0
101 5.20326 -47.0 20696 920.625 0
001 1.42967 -36.5 20710 920.625 0
101 5.44870 -46.5 21356 920.625 0
001 1.33150 -36.5 21366 920.625 0
101 4.40559 -46.5 22016 921.625 0
001 0.72404 -36.5 22021 921.625 0
101 4.39332 -46.5 22684 921.625 0
001 0.75472 -36.5 22693 921.625 0
101 4.60808 -46.5 23339 921.625 0
001 0.95720 -36.5 23366 921.625 0
101 3.69996 -46.5 24000 922.625 0
001 6.06843 -37.0 24018 922.625 0
101 4.13561 -46.5 24656 922.625 0
001 6.20955 -37.0 24670 922.625 0
101 3.96994 -46.5 25318 922.625 0
001 6.09911 -37.0 25328 922.625 0
001 5.61437 -37.0 26004 923.625 0
101 2.92684 -46.5 26635 923.625 0
001 5.48552 -37.0 26679 923.625 0
101 5.11736 -46.5 27291 920.625 0
001 1.30082 -36.0 27332 920.625 0
101 5.11122 -46.5 27954 920.625 0
001 1.42353 -36.5 27986 920.625 0
101 5.11122 -46.5 28606 920.625 0
001 1.42967 -36.5 28634 920.625 0
101 4.47309 -46.5 29273 921.625 0
001 0.77926 -36.5 29288 921.625 0
001 0.90812 -36.0 29937 921.625 0
101 4.41173 -46.5 29946 921.625 0
101 3.66315 -46.5 40083 922.625 0
001 6.10524 -37.0 40088 922.625 0
001 6.11138 -37.0 40733 922.625 0
101 3.87790 -46.5 40747 922.625 0
001 6.08070 -37.0 41405 922.625 0
101 4.06812 -46.5 41419 922.625 0
001 5.70027 -37.0 42073 923.625 0
001 5.53460 -37.0 42722 923.625 0
101 2.95138 -46.5 42741 923.625 0
001 5.69414 -37.5 43384 923.625 0
101 3.11091 -46.5 43409 923.625 0
001 1.28854 -36.5 44046 920.625 0
101 5.11122 -46.5 44070 920.625 0
001 1.22718 -36.5 44700 920.625 0
101 5.12350 -46.5 44727 920.625 0
001 1.35604 -36.5 45345 920.625 0
101 5.39961 -46.5 45391 920.625 0
001 0.80994 -36.5 46014 921.625 0
101 4.39946 -46.5 46051 921.625 0
001 0.74858 -36.5 46688 921.625 0
001 6.07456 -37.0 47342 922.625 0
101 3.84109 -46.5 47369 922.625 0
001 6.14206 -37.5 47995 922.625 0
101 3.62019 -46.5 48040 922.625 0
001 6.06843 -37.0 48647 922.625 0
101 4.10493 -46.5 48702 922.625 0
001 5.87821 -37.5 49308 923.625 0
101 3.09864 -46.5 49370 923.625 0
001 5.52233 -37.5 49959 923.625 0
101 2.93911 -46.5 50030 923.625 0
