100 1.65056 -45.0 0 922.625 0
101 2.48505 -42.0 5 922.625 0
100 1.65670 -44.5 669 922.625 0
101 2.44210 -42.0 749 922.625 0
100 1.70579 -45.0 1337 922.625 0
101 2.78571 -42.0 1482 922.625 0
100 1.07379 -44.5 1995 923.625 0
011 0.94493 -49.5 2115 923.625 0
100 1.09833 -44.5 2662 923.625 0
011 0.57064 -49.5 2822 923.625 0
100 1.30695 -44.5 3331 923.625 0
011 0.75472 -49.5 3533 923.625 0
101 4.08652 -42.5 3677 920.625 0
100 3.27658 -46.0 4000 920.625 0
101 4.02517 -42.5 4398 920.625 0
100 3.25204 -46.0 4664 920.625 0
101 4.36264 -42.0 5125 920.625 0
100 3.16614 -46.0 5329 920.625 0
011 2.49732 -50.5 5659 921.625 0
101 3.08637 -42.0 5851 921.625 0
100 2.60777 -45.0 6006 921.625 0
011 2.44210 -50.5 6367 921.625 0
101 3.09251 -42.0 6582 921.625 0
100 2.79798 -45.5 6673 921.625 0
011 2.12917 -50.5 7065 921.625 0
101 2.55868 -41.5 7314 922.625 0
100 1.58920 -44.5 7341 922.625 0
100 1.66284 -44.5 8009 922.625 0
101 2.38687 -41.5 8049 922.625 0
100 1.63829 -44.5 8673 922.625 0
101 2.52800 -41.5 8770 922.625 0
011 0.89584 -49.5 9188 923.625 0
100 1.56466 -44.5 9342 923.625 0
011 1.07992 -49.5 9900 923.625 0
100 1.07379 -45.0 10001 923.625 0
100 3.20909 -46.0 20055 920.625 0
101 4.15402 -42.0 20060 920.625 0
100 3.21522 -46.0 20717 920.625 0
101 4.15402 -42.0 20788 920.625 0
100 3.11705 -45.5 21384 920.625 0
101 4.18470 -42.5 21518 920.625 0
100 2.57095 -45.5 22048 921.625 0
011 2.73049 -50.5 22183 921.625 0
101 3.07410 -42.0 22257 921.625 0
100 2.89616 -45.0 22719 921.625 0
011 2.22120 -50.5 22894 921.625 0
101 3.08023 -42.0 22996 921.625 0
100 2.54641 -45.5 23388 921.625 0
011 2.57709 -50.5 23599 921.625 0
101 2.40528 -41.5 23729 922.625 0
100 1.61375 -45.0 24052 922.625 0
101 2.58936 -41.5 24463 922.625 0
100 1.66284 -45.0 24716 922.625 0
011 1.30695 -49.5 25001 922.625 0
101 2.39915 -41.5 25207 922.625 0
100 1.51557 -45.0 25380 922.625 0
011 0.73017 -49.5 25716 923.625 0
100 1.14128 -44.0 26049 923.625 0
011 0.96948 -49.5 26423 923.625 0
100 1.09219 -44.0 26716 923.625 0
011 1.00629 -49.5 27138 923.625 0
100 3.15386 -45.5 27388 920.625 0
101 4.03130 -42.0 27393 920.625 0
100 3.16614 -46.0 28048 920.625 0
101 4.23992 -42.0 28130 920.625 0
100 3.14773 -45.5 28714 920.625 0
101 4.18470 -42.0 28858 920.625 0
011 2.38687 -50.5 29241 921.625 0
100 2.64458 -45.0 29381 921.625 0
101 3.07410 -42.0 29605 921.625 0
011 2.55868 -50.5 29951 921.625 0
100 2.76730 -45.5 30043 921.625 0
100 1.65670 -44.5 40107 922.625 0
101 2.51573 -41.5 40112 922.625 0
100 1.66284 -44.5 40772 922.625 0
011 1.37445 -50.0 40815 922.625 0
101 2.51573 -41.5 40836 922.625 0
100 1.68124 -45.0 41439 922.625 0
011 1.46649 -49.5 41519 922.625 0
101 2.33779 -41.5 41556 922.625 0
100 1.21491 -44.0 42101 923.625 0
011 0.49087 -49.5 42228 923.625 0
100 1.40513 -44.5 42769 923.625 0
011 0.77926 -49.5 42936 923.625 0
100 0.96948 -44.0 43430 923.625 0
011 0.88971 -49.5 43636 923.625 0
101 4.08039 -42.0 43747 920.625 0
100 3.13546 -45.5 44097 920.625 0
011 2.94524 -51.0 44351 920.625 0
101 4.27060 -42.0 44476 920.625 0
100 3.13546 -45.5 44773 920.625 0
101 4.31355 -42.0 45205 920.625 0
100 3.14159 -45.5 45439 920.625 0
011 2.54027 -50.0 45764 921.625 0
100 2.91456 -45.5 46109 921.625 0
011 2.53414 -50.0 46469 921.625 0
100 2.67526 -45.0 46779 921.625 0
011 2.50346 -50.0 47168 921.625 0
101 2.38687 -41.5 47407 922.625 0
100 1.58920 -44.5 47440 922.625 0
011 1.34990 -50.0 47880 922.625 0
100 1.60761 -44.5 48111 922.625 0
101 2.60163 -41.5 48138 922.625 0
011 1.41740 -49.5 48579 922.625 0
100 1.56466 -45.0 48772 922.625 0
101 2.57095 -41.5 48867 922.625 0
011 0.97561 -49.5 49287 923.625 0
100 0.95720 -44.5 49436 923.625 0
101 1.39899 -41.5 49605 923.625 0
011 0.57678 -49.5 50000 923.625 0
100 1.02470 -44.5 50096 923.625 0
