011 4.26447 -48.0 0 920.625 0
100 4.98851 -44.0 5 920.625 0
101 5.84753 -50.0 10 920.625 0
100 4.93328 -44.0 515 920.625 0
011 4.48536 -48.0 525 920.625 0
101 5.62051 -50.5 552 920.625 0
100 4.78602 -44.0 1015 920.625 0
011 4.16016 -48.0 1046 920.625 0
101 5.64505 -50.0 1095 920.625 0
100 4.84738 -44.0 1528 920.625 0
011 4.30742 -48.0 1564 920.625 0
101 5.39961 -49.5 1648 920.625 0
100 4.25833 -43.5 2035 921.625 0
011 3.23363 -49.0 2084 921.625 0
100 4.26447 -43.0 2549 921.625 0
011 3.34408 -49.0 2603 921.625 0
100 4.33810 -43.5 3051 921.625 0
011 3.28272 -48.5 3121 921.625 0
100 4.39332 -43.0 3550 921.625 0
011 2.79185 -49.0 3637 922.625 0
101 4.20924 -49.5 3835 922.625 0
100 3.62019 -43.5 4052 922.625 0
011 2.59550 -49.5 4161 922.625 0
101 4.30128 -49.5 4386 922.625 0
100 3.91472 -43.5 4550 922.625 0
011 2.58936 -49.5 4683 922.625 0
101 4.04971 -49.5 4933 922.625 0
100 4.04357 -43.5 5049 922.625 0
011 2.78571 -49.5 5206 922.625 0
101 3.18454 -49.0 5483 923.625 0
101 3.28885 -49.0 6036 923.625 0
100 3.19682 -43.0 6068 923.625 0
100 2.81025 -43.0 6574 923.625 0
101 3.31340 -49.0 6588 923.625 0
100 2.83480 -43.0 7081 923.625 0
101 3.38089 -49.0 7143 923.625 0
011 4.31355 -48.5 7189 920.625 0
100 4.84738 -44.0 7587 920.625 0
101 5.28917 -51.0 7697 920.625 0
011 4.71852 -48.5 7706 920.625 0
100 4.85965 -44.5 8098 920.625 0
011 4.19697 -48.0 8227 920.625 0
101 5.43643 -50.0 8237 920.625 0
100 4.78602 -44.5 8601 920.625 0
011 4.50990 -48.0 8746 920.625 0
101 5.44256 -50.0 8782 920.625 0
100 4.31355 -43.5 9114 921.625 0
011 3.24590 -48.5 9261 921.625 0
100 4.22152 -44.0 9627 921.625 0
011 3.28272 -49.0 9780 921.625 0
101 4.05585 -50.0 20043 922.625 0
100 3.49134 -43.0 20048 922.625 0
011 2.60163 -50.0 20054 922.625 0
100 3.47907 -43.5 20553 922.625 0
101 4.11720 -50.5 20584 922.625 0
100 3.74905 -43.5 21057 922.625 0
101 4.11107 -50.5 21134 922.625 0
100 3.54043 -43.5 21569 922.625 0
101 4.04971 -50.5 21695 922.625 0
100 2.82866 -43.0 22087 923.625 0
101 3.31340 -49.5 22253 923.625 0
100 2.79798 -43.0 22592 923.625 0
101 3.27045 -49.5 22797 923.625 0
100 2.77344 -43.0 23098 923.625 0
101 3.33794 -49.5 23344 923.625 0
100 2.77344 -43.0 23618 923.625 0
011 4.19697 -48.5 23635 920.625 0
101 5.42416 -51.0 23898 920.625 0
100 4.87806 -44.5 24123 920.625 0
011 4.48536 -49.0 24161 920.625 0
101 5.22167 -51.0 24450 920.625 0
100 4.87806 -44.5 24625 920.625 0
011 4.12948 -49.0 24685 920.625 0
101 5.28917 -50.5 24999 920.625 0
100 4.81056 -44.5 25138 920.625 0
011 4.32583 -48.5 25206 920.625 0
100 4.30128 -44.0 25646 921.625 0
011 3.23363 -49.0 25859 921.625 0
100 4.27674 -43.5 26155 921.625 0
011 3.27658 -50.0 26382 921.625 0
100 4.30742 -44.0 26679 921.625 0
011 3.12932 -50.0 26888 921.625 0
100 4.19084 -43.5 27185 921.625 0
011 2.72435 -50.0 27415 922.625 0
100 3.49134 -43.0 27698 922.625 0
101 4.15402 -50.0 27721 922.625 0
100 3.80427 -43.5 28204 922.625 0
101 4.18470 -50.0 28267 922.625 0
100 3.90245 -43.0 28718 922.625 0
101 4.22152 -49.5 28820 922.625 0
011 2.79798 -49.0 28830 922.625 0
100 2.78571 -42.5 29235 923.625 0
101 3.40544 -49.5 29376 923.625 0
100 2.79798 -42.5 29746 923.625 0
101 3.23977 -49.0 29920 923.625 0
101 5.46097 -50.0 40082 920.625 0
011 4.27060 -48.5 40088 920.625 0
100 4.85965 -44.5 40093 920.625 0
100 4.86579 -44.0 40606 920.625 0
011 4.28901 -49.0 40615 920.625 0
101 5.20940 -50.5 40629 920.625 0
100 4.79829 -44.5 41113 920.625 0
011 4.25219 -48.5 41137 920.625 0
101 5.25849 -49.5 41193 920.625 0
100 4.87192 -44.5 41624 920.625 0
011 4.04357 -48.5 41662 920.625 0
101 5.78004 -50.0 41742 920.625 0
100 4.16016 -43.0 42146 921.625 0
011 3.17841 -49.5 42157 921.625 0
100 4.16629 -44.0 42665 921.625 0
100 4.40559 -44.0 43181 921.625 0
100 3.52202 -43.0 43701 922.625 0
101 4.23992 -49.5 43977 922.625 0
100 3.35021 -43.5 44224 922.625 0
101 4.15402 -50.5 44532 922.625 0
100 3.53429 -43.5 44732 922.625 0
101 4.43627 -50.5 45089 922.625 0
100 3.30113 -43.5 45247 922.625 0
101 3.28885 -49.5 45648 923.625 0
100 2.82252 -43.0 45760 923.625 0
101 3.28272 -49.5 46201 923.625 0
100 2.84093 -43.0 46272 923.625 0
101 3.33181 -49.5 46750 923.625 0
100 2.98819 -43.0 46787 923.625 0
011 3.96381 -49.0 47271 920.625 0
101 5.25235 -50.5 47303 920.625 0
100 4.87192 -44.5 47312 920.625 0
011 4.12948 -49.0 47797 920.625 0
100 4.85965 -44.5 47824 920.625 0
101 5.56528 -51.0 47853 920.625 0
011 4.10493 -49.0 48323 920.625 0
100 4.85352 -44.5 48338 920.625 0
101 5.16031 -50.5 48406 920.625 0
011 4.30742 -49.0 48847 920.625 0
100 4.80443 -45.0 48860 920.625 0
101 5.17258 -50.0 48964 920.625 0
100 4.16016 -44.0 49368 921.625 0
100 4.14175 -44.0 49871 921.625 0
101 4.57126 -50.5 50073 921.625 0
