100 3.78586 -44.0 0 922.625 0
011 3.01274 -47.5 6 922.625 0
101 4.06198 -51.5 11 922.625 0
100 4.15402 -43.5 499 922.625 0
101 4.54672 -51.5 543 922.625 0
100 3.99449 -44.0 981 922.625 0
011 3.00047 -47.5 994 922.625 0
101 4.44241 -51.5 1074 922.625 0
100 4.01289 -44.0 1479 922.625 0
011 2.96365 -48.0 1494 922.625 0
101 4.24606 -51.5 1605 922.625 0
100 2.96365 -44.0 1975 923.625 0
011 2.20280 -48.5 1990 923.625 0
101 3.21522 -51.5 2137 923.625 0
100 2.96979 -43.5 2465 923.625 0
011 2.10462 -48.0 2488 923.625 0
101 3.27658 -51.0 2666 923.625 0
100 2.92684 -43.5 2953 923.625 0
011 2.68753 -47.5 2985 923.625 0
101 3.26431 -50.5 3194 923.625 0
100 2.95138 -43.5 3448 923.625 0
011 2.18439 -47.5 3484 923.625 0
101 5.57755 -51.0 3729 920.625 0
100 5.15418 -43.5 3945 920.625 0
011 4.69398 -47.5 3977 920.625 0
101 5.76163 -50.5 4264 920.625 0
100 5.33212 -43.5 4425 920.625 0
011 4.68785 -47.5 4473 920.625 0
101 5.17872 -50.0 4797 920.625 0
100 5.15418 -43.5 4918 920.625 0
011 4.70012 -47.5 4967 920.625 0
101 5.46711 -50.5 5327 920.625 0
011 4.00676 -47.0 5462 921.625 0
100 4.39946 -43.5 5898 921.625 0
011 4.13561 -47.5 5956 921.625 0
100 4.80443 -44.0 6398 921.625 0
011 3.98835 -47.5 6449 921.625 0
100 4.35651 -44.0 6887 921.625 0
101 4.50990 -50.5 6920 921.625 0
011 4.07425 -47.5 6938 921.625 0
100 3.89018 -43.5 7383 922.625 0
011 3.00047 -47.5 7434 922.625 0
101 4.23992 -51.0 7443 922.625 0
100 3.65087 -44.0 7886 922.625 0
011 2.95138 -47.5 7932 922.625 0
101 4.38719 -51.0 7980 922.625 0
100 4.20311 -43.5 8376 922.625 0
011 2.93297 -47.5 8427 922.625 0
101 4.16629 -51.5 8511 922.625 0
100 3.93926 -43.5 8872 922.625 0
011 2.95751 -47.5 8928 922.625 0
101 3.19682 -50.5 9054 923.625 0
100 2.95751 -43.0 9366 923.625 0
011 2.44210 -47.5 9424 923.625 0
101 3.53429 -51.0 9579 923.625 0
011 2.38074 -47.5 9920 923.625 0
100 5.17258 -43.5 20037 920.625 0
101 5.43029 -50.5 20050 920.625 0
100 5.06827 -43.5 20524 920.625 0
101 5.43643 -50.0 20583 920.625 0
100 4.97623 -44.0 21022 920.625 0
101 5.26462 -50.5 21115 920.625 0
100 5.07441 -44.0 21524 920.625 0
101 5.25849 -50.5 21652 920.625 0
100 4.71852 -43.5 22024 921.625 0
011 3.97608 -47.0 22035 921.625 0
100 4.45468 -44.0 22515 921.625 0
011 4.31355 -47.0 22529 921.625 0
100 4.33810 -43.5 23018 921.625 0
011 4.04357 -47.0 23028 921.625 0
101 4.54672 -50.5 23263 921.625 0
100 4.38105 -43.5 23511 921.625 0
011 4.25219 -47.5 23525 921.625 0
101 4.27060 -51.5 23802 922.625 0
100 4.27674 -43.5 23997 922.625 0
101 3.97608 -51.5 24339 922.625 0
100 4.17856 -43.5 24487 922.625 0
011 2.98819 -47.5 24522 922.625 0
101 4.31969 -51.0 24869 922.625 0
100 4.23379 -43.5 24974 922.625 0
011 2.96979 -47.0 25022 922.625 0
101 4.18470 -51.5 25407 922.625 0
100 2.92684 -43.0 25467 923.625 0
011 2.05553 -47.5 25518 923.625 0
101 3.31953 -50.5 25945 923.625 0
100 3.11091 -43.0 25959 923.625 0
011 2.23348 -47.5 26021 923.625 0
100 2.90843 -43.0 26459 923.625 0
101 3.27045 -50.5 26479 923.625 0
011 2.53414 -47.5 26523 923.625 0
100 3.08637 -43.5 26975 923.625 0
101 3.30726 -50.5 27009 923.625 0
011 2.52800 -48.0 27025 923.625 0
100 5.17258 -43.5 27472 920.625 0
101 5.46711 -51.0 27549 920.625 0
100 4.96396 -43.5 27971 920.625 0
101 5.91503 -50.5 28080 920.625 0
100 5.08668 -44.5 28462 920.625 0
101 5.25235 -50.0 28612 920.625 0
100 4.97010 -43.5 28960 920.625 0
011 4.12334 -47.5 29022 921.625 0
100 4.77375 -44.0 29460 921.625 0
011 3.92699 -47.0 29523 921.625 0
100 4.49150 -43.5 29963 921.625 0
011 3.95153 -47.0 30026 921.625 0
100 4.02517 -43.5 40070 922.625 0
011 2.93297 -47.5 40075 922.625 0
101 4.28901 -51.0 40079 922.625 0
100 3.77359 -43.5 40557 922.625 0
011 2.89616 -47.5 40591 922.625 0
101 4.33810 -51.0 40615 922.625 0
100 4.00062 -43.5 41064 922.625 0
011 3.10478 -48.0 41092 922.625 0
101 4.17856 -51.0 41147 922.625 0
100 4.00062 -43.0 41561 922.625 0
011 2.94524 -48.0 41588 922.625 0
101 4.31969 -51.0 41682 922.625 0
100 3.09251 -43.0 42059 923.625 0
011 2.06167 -48.0 42091 923.625 0
101 3.35021 -51.0 42214 923.625 0
100 2.96979 -44.0 42548 923.625 0
011 2.07394 -48.0 42592 923.625 0
101 3.33181 -50.5 42753 923.625 0
100 2.89002 -44.0 43049 923.625 0
011 2.22734 -48.0 43100 923.625 0
101 3.32567 -50.5 43285 923.625 0
100 3.09864 -43.5 43543 923.625 0
011 2.45437 -48.0 43600 923.625 0
101 5.27076 -50.5 43825 920.625 0
100 4.85965 -44.5 44039 920.625 0
101 5.38734 -50.5 44362 920.625 0
100 5.00691 -44.5 44528 920.625 0
011 4.52218 -47.5 44605 920.625 0
101 5.31371 -50.5 44889 920.625 0
100 5.11122 -44.0 45019 920.625 0
011 4.52831 -47.5 45110 920.625 0
101 5.35666 -51.0 45419 920.625 0
100 4.35037 -44.0 45531 921.625 0
011 4.14175 -47.5 45612 921.625 0
100 4.58353 -44.0 46038 921.625 0
011 4.09266 -47.0 46111 921.625 0
100 4.25219 -43.5 46539 921.625 0
011 3.87790 -48.0 46614 921.625 0
100 4.37491 -43.5 47032 921.625 0
011 3.99449 -47.0 47112 921.625 0
100 3.64474 -43.5 47524 922.625 0
101 4.31355 -51.0 47557 922.625 0
011 2.84093 -48.0 47614 922.625 0
100 3.79814 -43.5 48013 922.625 0
101 4.43627 -51.0 48094 922.625 0
011 2.84093 -47.5 48118 922.625 0
100 3.95153 -43.5 48509 922.625 0
011 3.21522 -47.5 48619 922.625 0
101 4.10493 -51.0 48637 922.625 0
100 3.63860 -43.5 49001 922.625 0
011 1.97577 -48.5 49123 923.625 0
101 3.28885 -51.5 49174 923.625 0
100 2.95138 -43.5 49500 923.625 0
011 1.97577 -48.0 49628 923.625 0
101 3.26431 -51.0 49719 923.625 0
100 2.90843 -44.0 49994 923.625 0
