001 2.35006 -51.5 0 920.625 0
011 5.54074 -54.0 6 920.625 0
100 5.58983 -41.5 12 920.625 0
101 5.33825 -41.5 17 920.625 0
100 5.27076 -41.5 461 920.625 0
011 5.28917 -54.0 466 920.625 0
001 2.27029 -50.5 476 920.625 0
101 5.46711 -42.0 499 920.625 0
100 5.51006 -41.5 920 920.625 0
011 5.68800 -54.0 925 920.625 0
001 2.54027 -50.5 935 920.625 0
101 5.44256 -42.0 992 920.625 0
011 5.65732 -54.5 1377 920.625 0
100 5.64505 -41.0 1387 920.625 0
001 2.46664 -51.0 1396 920.625 0
101 5.36893 -42.0 1474 920.625 0
011 4.55285 -53.0 1838 921.625 0
101 4.50377 -42.0 1951 921.625 0
011 4.50990 -53.5 2291 921.625 0
100 4.50377 -41.5 2301 921.625 0
101 4.46695 -41.5 2446 921.625 0
011 4.47922 -52.5 2749 921.625 0
100 4.49150 -41.0 2764 921.625 0
101 4.43627 -42.0 2931 921.625 0
011 4.43627 -53.0 3212 921.625 0
100 4.46695 -41.5 3223 921.625 0
101 4.46082 -41.5 3417 921.625 0
011 3.85950 -52.5 3671 922.625 0
100 4.33810 -41.5 3690 922.625 0
101 3.73064 -42.0 3905 922.625 0
011 3.98221 -52.5 4137 922.625 0
100 3.90245 -41.5 4156 922.625 0
101 3.96994 -42.0 4391 922.625 0
011 3.76132 -52.0 4596 922.625 0
100 3.87790 -41.5 4614 922.625 0
101 4.06812 -42.0 4879 922.625 0
011 4.06812 -51.5 5058 922.625 0
100 3.77973 -41.0 5077 922.625 0
101 3.70610 -42.0 5365 922.625 0
011 2.95138 -52.0 5526 923.625 0
100 2.93297 -41.5 5537 923.625 0
101 2.92684 -42.5 5847 923.625 0
011 2.85320 -52.0 5984 923.625 0
100 2.96979 -41.5 5994 923.625 0
101 2.92070 -42.5 6326 923.625 0
100 2.92684 -41.5 6451 923.625 0
101 2.93911 -42.5 6812 923.625 0
100 2.85934 -41.5 6908 923.625 0
011 3.01274 -52.0 6919 923.625 0
001 2.11689 -51.0 7289 920.625 0
101 5.57755 -41.5 7300 920.625 0
100 5.28917 -41.5 7378 920.625 0
011 5.30144 -54.0 7384 920.625 0
001 2.59550 -50.5 7731 920.625 0
101 5.19713 -41.5 7794 920.625 0
100 5.57142 -41.5 7838 920.625 0
011 5.17258 -53.5 7851 920.625 0
001 2.12917 -50.5 8172 920.625 0
101 5.25235 -42.0 8290 920.625 0
100 5.68800 -41.5 8302 920.625 0
011 5.19713 -54.0 8312 920.625 0
001 2.13530 -51.0 8617 920.625 0
100 5.58983 -41.5 8758 920.625 0
011 5.74936 -54.5 8771 920.625 0
101 5.36893 -41.5 8781 920.625 0
100 4.44241 -41.0 9225 921.625 0
011 4.45468 -53.0 9235 921.625 0
101 4.49150 -41.5 9268 921.625 0
100 4.52831 -41.0 9681 921.625 0
011 4.44854 -52.5 9695 921.625 0
101 4.46082 -41.5 9769 921.625 0
011 4.15402 -52.0 20048 922.625 0
100 3.74905 -41.0 20054 922.625 0
101 3.81041 -42.0 20059 922.625 0
100 3.81654 -41.5 20505 922.625 0
011 3.77973 -53.0 20515 922.625 0
101 3.96381 -42.0 20555 922.625 0
100 3.74905 -41.5 20957 922.625 0
011 3.98221 -52.0 20982 922.625 0
101 3.92699 -42.0 21043 922.625 0
100 4.22765 -41.0 21414 922.625 0
011 4.01903 -52.0 21448 922.625 0
101 3.95767 -42.0 21545 922.625 0
100 2.81025 -41.5 21869 923.625 0
011 2.93911 -51.5 21917 923.625 0
101 2.97592 -42.0 22032 923.625 0
100 3.22136 -41.5 22323 923.625 0
011 2.87775 -51.0 22382 923.625 0
101 2.89002 -42.0 22523 923.625 0
100 2.95138 -41.5 22781 923.625 0
011 2.94524 -52.5 22845 923.625 0
101 2.85934 -42.0 23015 923.625 0
100 2.82866 -41.5 23244 923.625 0
011 2.98206 -52.0 23314 923.625 0
101 2.84707 -42.0 23502 923.625 0
001 2.53414 -51.0 23694 920.625 0
100 5.35052 -41.0 23704 920.625 0
011 5.39961 -54.5 23779 920.625 0
101 5.14804 -41.5 23996 920.625 0
100 5.43643 -41.5 24163 920.625 0
001 2.15371 -51.5 24205 920.625 0
011 5.20326 -54.0 24249 920.625 0
101 5.73709 -41.5 24483 920.625 0
100 5.47938 -41.0 24611 920.625 0
001 2.17825 -51.0 24646 920.625 0
011 5.17872 -53.5 24718 920.625 0
101 5.16645 -41.5 24986 920.625 0
100 5.28917 -41.5 25064 920.625 0
011 5.19099 -54.0 25177 920.625 0
001 2.24575 -51.5 25231 920.625 0
101 4.64489 -42.0 25481 921.625 0
100 4.43014 -41.0 25520 921.625 0
011 4.84124 -53.0 25646 921.625 0
100 4.35037 -41.5 25978 921.625 0
011 4.44854 -53.0 26115 921.625 0
100 4.43627 -41.0 26431 921.625 0
101 4.46082 -41.5 26477 921.625 0
011 4.51604 -52.0 26580 921.625 0
100 4.37491 -41.0 26886 921.625 0
101 4.81670 -41.5 26963 921.625 0
011 4.40559 -52.5 27043 921.625 0
100 3.94540 -41.0 27347 922.625 0
101 3.70610 -42.0 27449 922.625 0
011 3.94540 -52.5 27504 922.625 0
100 3.64474 -41.0 27804 922.625 0
101 3.77973 -41.5 27942 922.625 0
011 3.67542 -52.5 27971 922.625 0
100 3.86563 -41.0 28255 922.625 0
101 4.11720 -42.0 28433 922.625 0
011 3.72451 -52.0 28442 922.625 0
100 3.65087 -41.5 28710 922.625 0
011 4.26447 -52.0 28904 922.625 0
101 4.12948 -42.0 28918 922.625 0
011 2.84707 -51.0 29372 923.625 0
101 2.87775 -42.0 29410 923.625 0
100 2.87161 -41.5 29624 923.625 0
011 2.89002 -51.5 29840 923.625 0
101 2.90229 -42.5 29912 923.625 0
001 2.64458 -51.5 40080 920.625 0
011 5.18486 -53.5 40086 920.625 0
101 5.15418 -41.5 40091 920.625 0
100 5.53460 -41.0 40096 920.625 0
011 5.14804 -53.5 40552 920.625 0
100 5.19099 -41.0 40566 920.625 0
101 5.20940 -41.5 40580 920.625 0
011 5.15418 -54.5 41020 920.625 0
100 5.16645 -41.5 41034 920.625 0
101 5.39348 -41.5 41075 920.625 0
011 5.68800 -54.0 41487 920.625 0
100 5.20940 -41.0 41496 920.625 0
101 5.28917 -41.5 41566 920.625 0
001 2.38074 -52.0 41577 920.625 0
100 4.36264 -41.0 41955 921.625 0
011 4.74307 -53.0 41967 921.625 0
101 4.47309 -42.0 42058 921.625 0
100 4.35037 -41.0 42410 921.625 0
011 4.79829 -52.5 42434 921.625 0
101 4.49150 -41.5 42549 921.625 0
100 4.80443 -41.5 42878 921.625 0
011 4.40559 -52.5 42901 921.625 0
101 4.46695 -41.5 43039 921.625 0
100 4.36878 -41.0 43348 921.625 0
011 4.55285 -52.5 43368 921.625 0
100 3.68769 -41.0 43807 922.625 0
011 3.68155 -51.5 43839 922.625 0
101 4.13561 -42.0 44014 922.625 0
100 3.65701 -41.0 44269 922.625 0
011 3.66928 -52.0 44304 922.625 0
101 3.73678 -41.5 44497 922.625 0
100 3.72451 -41.0 44739 922.625 0
011 3.93926 -51.0 44775 922.625 0
101 3.93926 -41.5 44999 922.625 0
100 3.62019 -41.0 45199 922.625 0
011 4.11720 -51.5 45244 922.625 0
101 2.81025 -42.5 45484 923.625 0
100 2.76730 -41.5 45666 923.625 0
011 2.84093 -51.5 45713 923.625 0
101 2.83480 -42.0 45983 923.625 0
100 3.22136 -41.5 46122 923.625 0
011 2.93911 -51.0 46188 923.625 0
100 2.79185 -41.5 46583 923.625 0
011 3.25204 -51.0 46655 923.625 0
101 3.03115 -42.0 46964 923.625 0
100 2.65685 -41.5 47054 923.625 0
011 2.90843 -51.0 47128 923.625 0
101 5.19099 -41.5 47455 920.625 0
100 5.17258 -41.0 47510 920.625 0
011 5.22781 -52.5 47597 920.625 0
101 5.19099 -41.5 47941 920.625 0
100 5.15418 -41.0 47981 920.625 0
011 5.47938 -52.5 48065 920.625 0
001 2.77344 -51.5 48076 920.625 0
100 5.17872 -41.0 48438 920.625 0
101 5.14190 -41.5 48448 920.625 0
011 5.14804 -52.5 48534 920.625 0
100 5.24008 -41.0 48899 920.625 0
001 2.18439 -51.5 48909 920.625 0
101 5.14190 -41.5 48949 920.625 0
011 5.12963 -53.5 49003 920.625 0
100 4.25219 -41.0 49356 921.625 0
101 4.43627 -41.5 49448 921.625 0
011 4.50377 -53.0 49474 921.625 0
100 4.34423 -41.0 49820 921.625 0
011 4.44854 -52.0 49941 921.625 0
101 4.36264 -41.5 49956 921.625 0
