101 5.91503 -43.0 0 920.625 0
011 5.63891 -54.0 6 920.625 0
001 2.55868 -48.5 11 920.625 0
100 6.07456 -44.5 16 920.625 0
011 5.53460 -54.0 410 920.625 0
001 2.69367 -48.0 426 920.625 0
100 6.06229 -44.5 446 920.625 0
101 5.86594 -43.0 455 920.625 0
011 5.78618 -53.5 820 920.625 0
001 2.82866 -48.0 843 920.625 0
101 5.73095 -43.0 894 920.625 0
011 5.89049 -54.5 1231 920.625 0
001 2.81639 -47.5 1260 920.625 0
100 6.16047 -44.5 1270 920.625 0
101 5.82913 -43.0 1337 920.625 0
011 5.82299 -54.0 1641 920.625 0
001 2.90843 -47.5 1675 920.625 0
100 6.09297 -44.5 1687 920.625 0
101 5.85981 -43.0 1778 920.625 0
011 4.70012 -53.5 2049 921.625 0
100 5.58369 -43.5 2098 921.625 0
001 1.71806 -48.5 2103 921.625 0
101 4.85965 -43.0 2212 921.625 0
011 4.68785 -54.0 2458 921.625 0
100 5.28917 -44.0 2515 921.625 0
001 1.69351 -49.0 2527 921.625 0
101 4.95169 -43.0 2649 921.625 0
011 4.71852 -54.0 2867 921.625 0
100 5.33212 -43.5 2929 921.625 0
001 1.68738 -48.5 2942 921.625 0
101 4.88419 -42.5 3090 921.625 0
011 4.66944 -53.5 3280 921.625 0
100 5.24008 -44.0 3335 921.625 0
001 1.76715 -48.5 3357 921.625 0
101 4.87192 -43.0 3528 921.625 0
011 4.54672 -53.0 3686 922.625 0
100 4.51604 -43.0 3751 922.625 0
001 1.20264 -49.5 3779 922.625 0
101 4.30128 -43.0 3976 922.625 0
011 4.43627 -53.5 4099 922.625 0
100 4.59581 -43.0 4163 922.625 0
001 1.14128 -49.0 4196 922.625 0
101 4.33196 -42.5 4414 922.625 0
011 4.04357 -53.0 4511 922.625 0
100 4.47922 -43.0 4574 922.625 0
001 1.33150 -49.5 4611 922.625 0
101 4.26447 -43.0 4859 922.625 0
011 4.25219 -53.0 4917 922.625 0
100 4.50377 -43.0 4982 922.625 0
001 1.44194 -49.0 5027 922.625 0
101 4.21538 -42.5 5295 922.625 0
011 4.43014 -53.0 5326 922.625 0
100 3.69383 -42.5 5394 923.625 0
001 0.35588 -49.5 5444 923.625 0
101 3.30726 -43.0 5734 923.625 0
011 3.17841 -52.0 5746 923.625 0
100 4.04357 -42.5 5805 923.625 0
001 0.47247 -49.5 5863 923.625 0
011 3.36862 -53.0 6155 923.625 0
101 3.42998 -43.0 6173 923.625 0
100 4.31355 -42.5 6219 923.625 0
001 0.26998 -50.0 6281 923.625 0
011 3.31953 -52.5 6561 923.625 0
101 3.36249 -43.0 6614 923.625 0
100 4.04357 -42.5 6628 923.625 0
001 0.76085 -49.5 6700 923.625 0
011 3.35021 -52.0 6970 923.625 0
100 3.97608 -42.5 7047 923.625 0
101 3.30113 -43.0 7058 923.625 0
001 0.27612 -51.0 7120 923.625 0
011 5.74322 -54.0 7383 920.625 0
100 6.06843 -44.0 7456 920.625 0
101 5.82913 -43.5 7496 920.625 0
001 2.52800 -48.0 7533 920.625 0
011 5.63278 -54.0 7788 920.625 0
101 5.80458 -43.0 7933 920.625 0
001 2.66913 -48.5 7948 920.625 0
011 5.72482 -54.0 8192 920.625 0
100 6.15433 -44.5 8285 920.625 0
001 2.68140 -48.0 8369 920.625 0
101 5.75550 -43.0 8378 920.625 0
011 5.41188 -53.5 8600 920.625 0
100 6.05002 -44.0 8697 920.625 0
001 2.71208 -47.5 8789 920.625 0
101 5.84753 -43.0 8828 920.625 0
011 4.74307 -53.5 9006 921.625 0
100 5.24008 -43.5 9108 921.625 0
001 1.67511 -49.0 9206 921.625 0
101 4.83511 -42.5 9273 921.625 0
011 4.71239 -54.0 9414 921.625 0
100 5.73709 -43.5 9524 921.625 0
001 1.71806 -48.5 9621 921.625 0
101 4.84124 -43.0 9711 921.625 0
011 4.73693 -54.0 9823 921.625 0
100 5.52233 -43.5 9933 921.625 0
101 4.68785 -43.0 20047 922.625 0
100 4.48536 -42.5 20052 922.625 0
001 1.11674 -49.0 20058 922.625 0
011 4.23992 -52.5 20063 922.625 0
100 4.50377 -42.5 20471 922.625 0
011 4.11720 -52.0 20483 922.625 0
001 0.97561 -49.0 20488 922.625 0
101 4.28287 -42.5 20498 922.625 0
100 4.66330 -42.5 20884 922.625 0
011 4.14788 -53.0 20894 922.625 0
001 1.06765 -49.0 20908 922.625 0
101 4.54058 -42.5 20941 922.625 0
100 4.46695 -42.0 21294 922.625 0
011 4.19084 -52.5 21308 922.625 0
001 1.19037 -48.5 21332 922.625 0
101 4.28287 -43.0 21381 922.625 0
100 4.46695 -42.5 21707 922.625 0
011 4.31355 -52.5 21716 922.625 0
001 0.96948 -49.5 21757 922.625 0
101 4.30742 -43.0 21826 922.625 0
100 3.76132 -42.0 22119 923.625 0
011 3.65087 -51.5 22129 923.625 0
001 0.30066 -50.0 22182 923.625 0
101 3.53429 -42.5 22270 923.625 0
011 3.30113 -52.5 22539 923.625 0
100 3.75518 -42.0 22544 923.625 0
001 0.28225 -50.0 22604 923.625 0
101 3.38703 -42.5 22705 923.625 0
011 3.22136 -52.5 22949 923.625 0
100 3.95767 -42.0 22958 923.625 0
001 0.24544 -51.0 23025 923.625 0
101 3.41771 -42.5 23152 923.625 0
011 3.25204 -52.0 23362 923.625 0
100 3.91472 -42.0 23378 923.625 0
001 0.18408 -50.0 23452 923.625 0
101 3.39317 -42.5 23594 923.625 0
011 5.58369 -54.0 23772 920.625 0
100 6.06843 -44.0 23795 920.625 0
001 2.58322 -48.0 23879 920.625 0
101 6.11752 -42.5 24035 920.625 0
011 5.65732 -53.5 24185 920.625 0
100 6.05002 -43.5 24212 920.625 0
001 2.61390 -48.0 24299 920.625 0
101 5.97639 -43.0 24484 920.625 0
011 5.57142 -54.0 24603 920.625 0
100 6.00093 -44.0 24629 920.625 0
001 2.62618 -48.0 24718 920.625 0
101 5.84753 -43.0 24930 920.625 0
011 5.64505 -54.5 25009 920.625 0
100 6.12365 -43.5 25043 920.625 0
001 2.61390 -47.5 25138 920.625 0
101 5.90889 -42.5 25368 920.625 0
011 4.78602 -53.0 25431 921.625 0
100 5.62051 -42.5 25455 921.625 0
001 1.71806 -48.5 25555 921.625 0
101 4.87192 -42.5 25813 921.625 0
011 4.71239 -53.5 25840 921.625 0
100 5.47324 -43.0 25870 921.625 0
001 1.60148 -48.5 25976 921.625 0
011 4.77375 -53.5 26248 921.625 0
101 4.87192 -43.0 26262 921.625 0
100 5.24621 -43.0 26280 921.625 0
001 1.66897 -49.0 26394 921.625 0
011 4.80443 -53.5 26659 921.625 0
100 5.45484 -43.0 26703 921.625 0
101 4.87192 -42.5 26716 921.625 0
001 1.65056 -48.5 26823 921.625 0
011 4.79829 -53.5 27064 921.625 0
100 5.36893 -43.0 27117 921.625 0
101 4.74920 -42.5 27160 921.625 0
001 1.07379 -49.0 27249 922.625 0
011 4.43627 -52.0 27482 922.625 0
100 4.46082 -42.5 27539 922.625 0
101 4.22765 -42.5 27599 922.625 0
001 1.07992 -50.0 27671 922.625 0
011 4.27674 -53.5 27894 922.625 0
100 4.47922 -42.5 27955 922.625 0
101 4.21538 -42.5 28040 922.625 0
001 1.27014 -49.0 28092 922.625 0
011 4.23379 -52.5 28307 922.625 0
100 4.65103 -42.5 28379 922.625 0
101 4.35651 -42.5 28479 922.625 0
001 1.34990 -49.0 28516 922.625 0
011 4.25833 -53.0 28724 922.625 0
100 4.44854 -42.5 28804 922.625 0
101 4.28901 -42.5 28924 922.625 0
001 1.13515 -49.0 28937 922.625 0
011 3.33794 -52.5 29137 923.625 0
100 3.66928 -42.0 29217 923.625 0
001 0.14113 -50.0 29366 923.625 0
101 3.48520 -43.0 29375 923.625 0
011 3.28272 -52.0 29550 923.625 0
100 3.66315 -42.0 29632 923.625 0
001 0.15953 -50.0 29796 923.625 0
101 3.29499 -43.0 29821 923.625 0
011 3.27045 -52.5 29961 923.625 0
100 3.76132 -42.0 30047 923.625 0
100 6.11138 -44.0 40095 920.625 0
101 6.00707 -43.0 40100 920.625 0
001 2.66299 -48.0 40105 920.625 0
011 5.70641 -54.5 40111 920.625 0
100 5.96412 -43.5 40520 920.625 0
011 5.76777 -54.0 40526 920.625 0
001 2.95138 -48.0 40535 920.625 0
101 5.71868 -43.0 40549 920.625 0
100 6.10524 -43.5 40935 920.625 0
011 5.57142 -55.0 40941 920.625 0
001 2.63231 -48.5 40955 920.625 0
101 5.81686 -42.5 41000 920.625 0
100 5.96412 -43.5 41351 920.625 0
011 5.72482 -54.5 41361 920.625 0
001 2.66913 -48.0 41384 920.625 0
101 5.66346 -43.0 41451 920.625 0
100 5.95798 -43.5 41773 920.625 0
011 5.54687 -55.0 41778 920.625 0
001 2.76117 -48.5 41807 920.625 0
101 4.78602 -43.0 41900 921.625 0
011 4.77375 -53.5 42192 921.625 0
100 5.31985 -42.5 42202 921.625 0
001 1.58307 -49.5 42234 921.625 0
101 4.84124 -43.0 42348 921.625 0
011 4.65103 -54.0 42613 921.625 0
100 5.24008 -42.5 42623 921.625 0
001 1.71192 -48.5 42655 921.625 0
101 4.83511 -43.0 42791 921.625 0
011 4.82284 -54.0 43030 921.625 0
100 5.23394 -42.5 43044 921.625 0
001 1.66897 -49.5 43082 921.625 0
101 4.81056 -43.0 43243 921.625 0
011 4.84124 -54.0 43450 921.625 0
100 5.24621 -42.5 43471 921.625 0
001 1.74260 -49.0 43508 921.625 0
101 4.18470 -43.0 43693 922.625 0
011 4.27674 -53.5 43863 922.625 0
100 4.54058 -42.5 43881 922.625 0
101 4.35037 -42.5 44136 922.625 0
011 4.27060 -53.0 44283 922.625 0
100 4.42400 -42.0 44301 922.625 0
001 1.26400 -49.5 44354 922.625 0
101 4.31355 -42.5 44580 922.625 0
011 4.35037 -52.5 44703 922.625 0
100 4.81056 -42.0 44718 922.625 0
001 0.96948 -50.0 44781 922.625 0
101 4.38105 -42.5 45026 922.625 0
011 4.26447 -52.5 45121 922.625 0
100 4.41173 -42.0 45135 922.625 0
001 1.11060 -49.5 45216 922.625 0
101 3.20295 -43.0 45480 923.625 0
011 3.31340 -52.5 45541 923.625 0
100 3.56497 -42.0 45564 923.625 0
001 0.38656 -51.0 45646 923.625 0
101 3.28885 -43.0 45929 923.625 0
011 3.54656 -52.0 45957 923.625 0
100 3.58338 -42.0 45982 923.625 0
001 0.04295 -51.5 46074 923.625 0
101 3.30113 -42.5 46372 923.625 0
011 3.17227 -53.0 46381 923.625 0
100 3.58952 -42.0 46401 923.625 0
001 0.13499 -50.5 46505 923.625 0
011 3.33181 -52.0 46794 923.625 0
101 3.26431 -43.0 46817 923.625 0
100 3.58338 -42.0 46822 923.625 0
001 0.06136 -52.0 46932 923.625 0
011 3.32567 -52.0 47216 923.625 0
100 3.65087 -42.0 47235 923.625 0
101 5.84140 -43.0 47281 920.625 0
001 2.62004 -48.5 47363 920.625 0
011 5.57142 -55.5 47628 920.625 0
100 0.06136 -43.5 47657 920.625 0
101 5.77390 -43.0 47727 920.625 0
001 2.79798 -48.5 47787 920.625 0
011 5.63278 -55.0 48049 920.625 0
100 6.07456 -43.0 48077 920.625 0
101 5.84753 -43.0 48170 920.625 0
001 2.69367 -48.0 48213 920.625 0
011 5.63278 -55.0 48471 920.625 0
100 0.01841 -43.0 48503 920.625 0
101 6.20342 -43.0 48617 920.625 0
001 2.65685 -49.0 48641 920.625 0
011 5.63278 -55.0 48891 920.625 0
100 5.95185 -43.0 48918 920.625 0
101 4.74307 -43.0 49077 921.625 0
001 1.70579 -48.5 49082 921.625 0
011 4.63876 -54.0 49311 921.625 0
100 5.20940 -42.5 49339 921.625 0
001 1.73033 -49.5 49509 921.625 0
101 4.78602 -42.5 49529 921.625 0
011 4.76761 -54.0 49727 921.625 0
100 5.23394 -42.5 49758 921.625 0
001 1.63829 -49.5 49934 921.625 0
101 4.82897 -42.5 49986 921.625 0
