001 3.31953 -45.0 0 922.625 0
011 4.93328 -51.0 6 922.625 0
101 0.12272 -46.0 11 922.625 0
001 3.25818 -44.5 322 922.625 0
011 4.81056 -51.0 327 922.625 0
101 0.06750 -46.5 374 922.625 0
011 4.86579 -51.5 645 922.625 0
001 3.24590 -44.5 656 922.625 0
101 0.14726 -46.0 735 922.625 0
011 4.95783 -51.0 964 922.625 0
001 3.28885 -45.0 978 922.625 0
101 0.01841 -46.5 1087 922.625 0
011 4.98851 -51.5 1283 922.625 0
001 3.27658 -44.5 1297 922.625 0
101 0.12885 -46.5 1439 922.625 0
011 4.79829 -51.5 1593 922.625 0
001 3.26431 -45.0 1621 922.625 0
101 6.03161 -45.5 1795 923.625 0
011 4.23379 -52.0 1913 923.625 0
001 2.68753 -45.0 1942 923.625 0
101 5.83526 -46.0 2144 923.625 0
011 4.30128 -51.0 2222 923.625 0
001 2.68140 -45.5 2271 923.625 0
101 5.70027 -46.0 2498 923.625 0
011 4.36264 -51.5 2540 923.625 0
001 2.58936 -45.5 2590 923.625 0
101 5.68800 -46.0 2845 923.625 0
011 4.34423 -51.5 2854 923.625 0
001 2.66913 -45.0 2914 923.625 0
011 4.15402 -51.5 3173 923.625 0
101 5.82299 -46.0 3205 923.625 0
001 2.90229 -45.0 3236 923.625 0
011 4.44241 -52.0 3487 923.625 0
101 5.93957 -46.0 3563 923.625 0
001 2.65685 -45.0 3573 923.625 0
011 0.06136 -50.5 3806 920.625 0
001 4.79829 -44.5 3893 920.625 0
101 1.75487 -48.0 3914 920.625 0
011 0.03068 -50.5 4113 920.625 0
001 4.78602 -44.5 4222 920.625 0
101 1.76715 -48.0 4272 920.625 0
011 6.22796 -50.5 4436 920.625 0
001 4.81670 -45.0 4544 920.625 0
101 1.67511 -47.5 4622 920.625 0
001 4.80443 -44.5 4866 920.625 0
101 1.71192 -48.0 4969 920.625 0
001 4.78602 -44.5 5200 920.625 0
101 1.67511 -47.5 5326 920.625 0
011 5.70641 -51.5 5398 921.625 0
001 4.31969 -44.5 5519 921.625 0
101 1.23946 -47.0 5676 921.625 0
011 5.62051 -51.5 5717 921.625 0
001 4.18470 -44.5 5840 921.625 0
101 0.94493 -47.0 6023 921.625 0
011 5.61437 -51.0 6032 921.625 0
001 4.13561 -45.0 6163 921.625 0
011 5.56528 -51.0 6350 921.625 0
101 1.09219 -47.0 6379 921.625 0
001 4.00676 -44.5 6495 921.625 0
011 5.93344 -51.5 6671 921.625 0
101 1.11674 -47.0 6739 921.625 0
001 4.32583 -45.0 6818 921.625 0
011 5.70641 -51.5 6986 921.625 0
101 1.00629 -47.0 7098 921.625 0
001 4.16629 -45.0 7140 921.625 0
011 4.95169 -51.5 7306 922.625 0
101 0.07977 -46.5 7452 922.625 0
001 3.16000 -44.5 7463 922.625 0
011 5.02532 -51.5 7623 922.625 0
001 3.22750 -45.0 7800 922.625 0
101 6.26478 -46.5 7810 922.625 0
011 4.86579 -51.5 7945 922.625 0
001 3.25204 -44.5 8124 922.625 0
101 0.01227 -46.5 8159 922.625 0
011 4.76148 -52.0 8264 922.625 0
001 3.24590 -45.0 8448 922.625 0
101 0.01227 -46.5 8509 922.625 0
011 4.84124 -52.0 8584 922.625 0
001 3.22750 -44.5 8773 922.625 0
101 0.01227 -47.0 8862 922.625 0
011 4.82897 -51.5 8902 922.625 0
001 2.59550 -45.0 9105 923.625 0
101 6.00093 -45.5 9212 923.625 0
011 4.23379 -52.0 9222 923.625 0
001 2.54641 -45.0 9427 923.625 0
011 4.28901 -52.0 9542 923.625 0
101 5.85367 -46.0 9562 923.625 0
001 2.52800 -45.0 9759 923.625 0
011 4.36264 -52.0 9864 923.625 0
101 5.60210 -45.5 9914 923.625 0
101 1.65670 -48.0 20039 920.625 0
001 4.69398 -44.5 20044 920.625 0
011 6.09911 -51.0 20050 920.625 0
001 4.70012 -44.5 20380 920.625 0
101 1.60148 -48.0 20398 920.625 0
001 4.71239 -44.5 20708 920.625 0
101 1.69965 -47.5 20754 920.625 0
001 4.68785 -45.0 21035 920.625 0
101 1.62602 -47.0 21103 920.625 0
001 4.65717 -44.5 21361 920.625 0
101 1.66284 -47.5 21454 920.625 0
001 4.67557 -44.5 21687 920.625 0
101 1.65670 -47.5 21804 920.625 0
011 5.45484 -52.0 21956 921.625 0
001 4.19697 -44.5 22018 921.625 0
101 1.06765 -46.5 22154 921.625 0
011 5.58983 -52.0 22278 921.625 0
001 4.09266 -44.5 22350 921.625 0
101 0.99402 -46.5 22506 921.625 0
011 5.66346 -52.0 22598 921.625 0
001 4.19697 -44.5 22677 921.625 0
101 1.14742 -47.0 22869 921.625 0
011 5.39961 -52.0 22919 921.625 0
001 4.13561 -45.0 23002 921.625 0
101 0.91425 -47.0 23222 921.625 0
011 5.85367 -52.0 23236 921.625 0
001 4.20311 -45.0 23330 921.625 0
011 5.78004 -52.0 23560 921.625 0
101 1.11674 -46.5 23579 921.625 0
001 3.09864 -45.0 23664 922.625 0
011 4.84124 -52.0 23883 922.625 0
101 6.27091 -45.5 23932 922.625 0
001 3.10478 -45.0 23999 922.625 0
011 4.69398 -52.5 24202 922.625 0
101 6.25864 -45.5 24288 922.625 0
001 3.09864 -45.0 24334 922.625 0
011 4.77988 -52.5 24524 922.625 0
101 6.25864 -45.5 24639 922.625 0
001 3.06796 -45.0 24665 922.625 0
011 4.70012 -52.0 24849 922.625 0
001 3.11091 -45.0 24992 922.625 0
101 6.27091 -45.5 25001 922.625 0
011 4.81056 -52.5 25173 922.625 0
001 3.10478 -45.5 25319 922.625 0
101 6.23410 -45.5 25365 922.625 0
011 4.27674 -52.5 25492 923.625 0
001 2.69981 -45.5 25655 923.625 0
101 5.76163 -44.5 25717 923.625 0
011 4.34423 -52.5 25810 923.625 0
001 2.42369 -45.5 25981 923.625 0
101 5.58369 -44.5 26070 923.625 0
011 4.35037 -52.5 26138 923.625 0
001 2.43596 -45.5 26318 923.625 0
101 5.58983 -44.5 26420 923.625 0
011 4.30128 -53.0 26465 923.625 0
001 2.53414 -45.0 26649 923.625 0
101 5.71868 -45.0 26784 923.625 0
011 4.12948 -53.0 26793 923.625 0
001 2.64458 -45.0 26975 923.625 0
011 4.08652 -53.0 27119 923.625 0
101 5.63891 -45.5 27138 923.625 0
001 4.63262 -44.5 27305 920.625 0
011 0.03682 -51.0 27438 920.625 0
101 1.54625 -48.0 27495 920.625 0
001 4.67557 -44.5 27641 920.625 0
011 6.18501 -51.5 27756 920.625 0
101 1.63216 -48.0 27850 920.625 0
011 6.14206 -51.5 28103 920.625 0
101 1.66284 -47.5 28203 920.625 0
001 4.63876 -44.5 28304 920.625 0
101 1.62602 -48.0 28563 920.625 0
001 4.68171 -44.0 28637 920.625 0
101 1.65056 -47.0 28915 920.625 0
001 4.60808 -44.5 28970 920.625 0
011 5.60823 -52.0 29072 921.625 0
101 0.88971 -47.0 29274 921.625 0
001 4.24606 -44.5 29301 921.625 0
011 5.74322 -52.5 29396 921.625 0
101 1.03084 -47.0 29624 921.625 0
001 4.27674 -44.5 29639 921.625 0
011 5.90889 -52.0 29716 921.625 0
001 4.23379 -45.0 29967 921.625 0
101 1.01856 -46.5 29985 921.625 0
011 4.75534 -53.0 40062 922.625 0
001 3.03115 -44.5 40085 922.625 0
011 4.85352 -53.0 40382 922.625 0
101 6.22796 -46.0 40433 922.625 0
011 4.70012 -53.0 40709 922.625 0
101 6.23410 -45.5 40791 922.625 0
011 4.80443 -53.0 41041 922.625 0
011 4.76761 -53.0 41371 922.625 0
101 6.25251 -46.0 41513 922.625 0
011 4.80443 -53.5 41698 922.625 0
001 3.03728 -45.0 41760 922.625 0
101 5.67573 -44.5 41870 923.625 0
001 2.54641 -44.5 42100 923.625 0
101 5.73095 -45.0 42228 923.625 0
011 4.25833 -53.0 42351 923.625 0
001 2.38687 -45.0 42434 923.625 0
101 5.87208 -45.0 42586 923.625 0
011 4.36264 -53.5 42680 923.625 0
001 2.49732 -45.0 42772 923.625 0
101 5.31985 -44.5 42938 923.625 0
011 4.52218 -53.0 43010 923.625 0
001 2.44823 -45.0 43108 923.625 0
101 5.73709 -45.0 43297 923.625 0
011 4.31355 -53.0 43338 923.625 0
001 2.50959 -45.0 43444 923.625 0
101 1.54625 -47.5 43653 920.625 0
011 6.00093 -52.0 43667 920.625 0
001 4.57740 -44.0 43781 920.625 0
011 6.01934 -52.0 43991 920.625 0
101 1.54625 -47.5 44005 920.625 0
001 4.52218 -44.0 44124 920.625 0
101 1.53398 -47.0 44363 920.625 0
001 4.51604 -44.0 44471 920.625 0
011 6.11752 -52.0 44643 920.625 0
101 1.54012 -47.0 44721 920.625 0
001 4.51604 -44.0 44804 920.625 0
101 1.56466 -47.0 45084 920.625 0
011 5.98253 -52.0 45290 920.625 0
101 0.86517 -46.5 45450 921.625 0
001 3.75518 -44.0 45482 921.625 0
011 5.63891 -53.0 45618 921.625 0
101 0.99402 -46.5 45813 921.625 0
001 3.97608 -44.5 45824 921.625 0
011 5.48552 -53.0 45947 921.625 0
001 3.98835 -44.5 46159 921.625 0
101 0.85289 -46.0 46173 921.625 0
011 5.71868 -53.0 46280 921.625 0
001 3.93313 -44.5 46491 921.625 0
101 0.76085 -46.0 46524 921.625 0
011 5.54074 -52.5 46611 921.625 0
001 3.94540 -44.0 46828 921.625 0
101 1.03697 -46.0 46887 921.625 0
011 5.55915 -53.0 46934 921.625 0
001 4.20311 -44.5 47165 921.625 0
011 4.76761 -53.5 47266 922.625 0
001 2.96979 -44.5 47500 922.625 0
011 4.79216 -53.5 47596 922.625 0
001 2.98819 -45.0 47837 922.625 0
011 4.55285 -53.0 47927 922.625 0
001 2.93911 -44.5 48172 922.625 0
011 4.75534 -53.5 48259 922.625 0
001 3.00047 -44.5 48508 922.625 0
011 4.53445 -53.0 48595 922.625 0
101 6.21569 -45.5 48694 922.625 0
011 4.56513 -53.0 48928 922.625 0
101 5.62051 -45.0 49046 923.625 0
001 2.41755 -45.0 49201 923.625 0
011 4.17243 -53.5 49258 923.625 0
101 5.89049 -44.5 49413 923.625 0
001 2.66299 -45.5 49538 923.625 0
011 4.32583 -54.0 49593 923.625 0
101 5.47938 -44.5 49769 923.625 0
001 2.40528 -44.5 49876 923.625 0
011 4.71239 -53.5 49926 923.625 0
