001 0.38043 -44.5 0 922.625 0
100 5.63278 -46.5 6 922.625 0
100 5.71254 -46.5 753 922.625 0
001 0.41724 -44.0 799 922.625 0
101 4.68785 -45.0 859 922.625 0
100 5.73095 -46.5 1494 922.625 0
001 0.50928 -44.0 1610 922.625 0
101 4.65717 -45.0 1725 922.625 0
100 4.74307 -46.5 2232 923.625 0
001 5.84140 -44.5 2413 923.625 0
101 4.22765 -45.0 2583 923.625 0
100 4.74920 -46.5 2977 923.625 0
001 5.85981 -44.0 3212 923.625 0
101 4.14175 -45.0 3436 923.625 0
100 0.82835 -46.0 3713 920.625 0
001 1.68124 -44.5 4013 920.625 0
101 0.01227 -44.5 4285 920.625 0
100 1.07379 -46.0 4464 920.625 0
001 1.93895 -44.5 4828 920.625 0
101 6.09911 -44.0 5139 920.625 0
100 0.90198 -46.0 5203 920.625 0
001 1.31922 -44.0 5623 921.625 0
100 6.26478 -46.0 5950 921.625 0
101 5.54687 -44.5 6005 921.625 0
001 1.25173 -44.0 6426 921.625 0
100 6.25864 -46.5 6689 921.625 0
101 5.74936 -44.5 6854 921.625 0
001 0.43565 -44.0 7224 922.625 0
100 5.74322 -46.5 7432 922.625 0
101 4.65103 -45.0 7702 922.625 0
001 0.42951 -44.0 8033 922.625 0
100 5.79845 -46.5 8187 922.625 0
101 4.55285 -45.0 8546 922.625 0
001 0.49701 -44.5 8826 922.625 0
100 5.79231 -46.5 8932 922.625 0
101 4.12334 -45.0 9394 923.625 0
001 5.89049 -44.5 9624 923.625 0
100 4.71852 -46.0 9671 923.625 0
100 0.88971 -46.0 20047 920.625 0
001 1.69965 -45.5 20051 920.625 0
100 1.01243 -46.0 20790 920.625 0
001 1.57080 -45.5 20852 920.625 0
101 6.19728 -45.0 20888 920.625 0
100 1.22105 -46.0 21538 920.625 0
001 1.66897 -46.0 21650 920.625 0
101 6.12365 -45.0 21743 920.625 0
100 6.22183 -46.5 22280 921.625 0
001 1.00629 -44.5 22456 921.625 0
101 5.79231 -44.5 22596 921.625 0
100 6.26478 -46.5 23029 921.625 0
001 1.10447 -45.0 23262 921.625 0
101 5.51006 -45.0 23440 921.625 0
100 5.90276 -46.5 23769 922.625 0
001 0.23317 -45.0 24067 922.625 0
101 4.58967 -45.5 24287 922.625 0
100 5.78618 -46.0 24512 922.625 0
001 0.12272 -45.5 24868 922.625 0
101 4.62035 -45.5 25132 922.625 0
100 5.75550 -46.5 25260 922.625 0
001 5.87821 -45.0 25668 923.625 0
101 4.33196 -45.5 25977 923.625 0
100 4.77375 -46.0 26010 923.625 0
001 6.14206 -45.0 26472 923.625 0
100 4.84124 -46.0 26762 923.625 0
101 4.10493 -45.5 26828 923.625 0
001 1.52171 -45.5 27274 920.625 0
100 0.96334 -46.0 27501 920.625 0
101 6.27091 -44.5 27675 920.625 0
001 1.60148 -45.5 28072 920.625 0
100 1.23946 -46.0 28246 920.625 0
101 6.12365 -44.5 28533 920.625 0
001 1.59534 -45.5 28879 920.625 0
100 1.19037 -46.0 28995 920.625 0
101 5.75550 -45.0 29394 921.625 0
001 1.07379 -45.0 29688 921.625 0
100 6.25864 -46.5 29740 921.625 0
001 0.30066 -45.5 40059 922.625 0
101 4.61421 -45.0 40064 922.625 0
100 5.65732 -46.5 40069 922.625 0
100 5.93957 -46.5 40818 922.625 0
001 0.18408 -45.5 40860 922.625 0
101 4.68785 -45.0 40910 922.625 0
100 5.90889 -46.5 41564 922.625 0
001 0.12885 -45.5 41665 922.625 0
101 4.66944 -45.0 41755 922.625 0
100 4.76148 -46.5 42301 923.625 0
001 5.80458 -45.0 42465 923.625 0
101 4.18470 -45.0 42604 923.625 0
100 4.81670 -46.0 43045 923.625 0
001 5.77390 -45.5 43258 923.625 0
101 4.11720 -45.0 43458 923.625 0
100 0.95107 -46.5 43788 920.625 0
001 1.63829 -45.5 44068 920.625 0
101 6.24023 -44.5 44305 920.625 0
100 1.06765 -46.5 44528 920.625 0
001 1.57080 -45.0 44864 920.625 0
101 6.19115 -45.0 45168 920.625 0
100 0.87130 -46.5 45273 920.625 0
001 1.09833 -45.0 45662 921.625 0
101 5.65732 -44.5 46022 921.625 0
100 6.26478 -46.5 46035 921.625 0
001 1.15355 -45.5 46467 921.625 0
100 6.24637 -46.5 46779 921.625 0
101 5.90889 -44.5 46888 921.625 0
001 0.12885 -45.0 47274 922.625 0
100 5.85367 -46.5 47523 922.625 0
001 0.10431 -45.0 48079 922.625 0
100 5.98866 -46.5 48262 922.625 0
001 0.07363 -44.5 48890 922.625 0
100 6.05002 -46.5 48997 922.625 0
101 4.15402 -45.5 49435 923.625 0
001 5.82913 -45.0 49691 923.625 0
100 4.86579 -46.0 49749 923.625 0
