100 2.89002 -51.5 0 920.625 0
101 2.71208 -41.0 5 920.625 0
001 2.60163 -47.5 10 920.625 0
100 2.55254 -51.0 706 920.625 0
001 2.82252 -47.5 759 920.625 0
101 2.64458 -41.0 797 920.625 0
100 2.60163 -51.0 1409 920.625 0
001 2.58936 -47.5 1505 920.625 0
101 2.36847 -40.5 1585 920.625 0
100 1.82237 -51.5 2119 921.625 0
001 1.92668 -47.5 2256 921.625 0
101 1.93895 -40.5 2371 921.625 0
100 1.90827 -51.0 2824 921.625 0
001 1.93895 -47.5 3007 921.625 0
101 1.80396 -41.0 3146 921.625 0
100 1.82237 -52.0 3525 921.625 0
001 1.38672 -47.0 3767 922.625 0
101 1.02470 -41.0 3924 922.625 0
100 1.12901 -50.5 4233 922.625 0
001 1.20878 -47.0 4518 922.625 0
101 1.17196 -41.0 4708 922.625 0
100 1.20264 -50.0 4940 922.625 0
001 1.34990 -47.0 5261 922.625 0
101 0.26998 -41.5 5493 923.625 0
100 0.33748 -52.0 5647 923.625 0
001 0.61359 -47.0 6009 923.625 0
101 0.31907 -41.5 6271 923.625 0
100 0.28225 -51.0 6357 923.625 0
001 0.60132 -47.0 6756 923.625 0
101 0.44179 -41.0 7048 923.625 0
100 0.31293 -51.5 7058 923.625 0
001 2.65685 -48.0 7516 920.625 0
100 2.57709 -51.0 7760 920.625 0
101 2.46051 -41.0 7833 920.625 0
001 2.82252 -47.5 8269 920.625 0
100 2.48505 -51.5 8461 920.625 0
101 2.74889 -41.0 8617 920.625 0
001 1.87759 -47.5 9028 921.625 0
100 1.96350 -51.5 9170 921.625 0
101 1.64443 -41.0 9396 921.625 0
001 1.97577 -47.0 9781 921.625 0
100 1.87146 -51.5 9878 921.625 0
101 0.85289 -41.5 20040 922.625 0
001 1.12287 -48.0 20047 922.625 0
100 1.38672 -51.5 20052 922.625 0
100 1.29468 -53.0 20768 922.625 0
001 1.39899 -47.0 20802 922.625 0
101 0.85289 -42.0 20822 922.625 0
100 1.11674 -52.5 21476 922.625 0
001 1.25786 -47.0 21551 922.625 0
101 1.01856 -41.5 21605 922.625 0
100 0.39884 -52.0 22189 923.625 0
001 0.41111 -47.5 22307 923.625 0
101 0.15953 -42.0 22396 923.625 0
100 0.36202 -53.0 22898 923.625 0
001 0.56450 -47.0 23066 923.625 0
101 0.46019 -41.5 23177 923.625 0
100 0.45406 -52.5 23601 923.625 0
001 2.62618 -48.0 23818 920.625 0
101 2.42983 -40.5 23952 920.625 0
100 2.52186 -51.0 24311 920.625 0
001 2.80412 -48.0 24576 920.625 0
101 2.47891 -41.5 24728 920.625 0
100 2.47891 -52.0 25018 920.625 0
001 2.58936 -48.0 25323 920.625 0
101 1.93895 -41.5 25512 921.625 0
100 1.96350 -51.5 25730 921.625 0
001 1.82851 -47.5 26080 921.625 0
101 1.73647 -41.0 26307 921.625 0
100 2.10462 -52.0 26437 921.625 0
001 2.19666 -47.0 26829 921.625 0
101 1.81010 -41.5 27092 921.625 0
100 2.25188 -52.0 27141 921.625 0
001 1.22718 -47.5 27582 922.625 0
100 1.23946 -51.5 27850 922.625 0
101 1.09833 -41.5 27889 922.625 0
001 1.19651 -47.0 28334 922.625 0
100 1.12901 -52.0 28565 922.625 0
101 1.11060 -41.5 28658 922.625 0
001 0.47247 -46.5 29083 923.625 0
100 0.36816 -52.5 29274 923.625 0
101 0.03682 -41.5 29454 923.625 0
001 0.71177 -47.0 29837 923.625 0
100 0.36816 -50.5 29975 923.625 0
100 2.78571 -51.5 40082 920.625 0
101 2.35006 -41.0 40088 920.625 0
001 2.73049 -48.0 40093 920.625 0
100 2.49118 -51.5 40784 920.625 0
001 2.71821 -47.0 40848 920.625 0
101 2.42369 -41.0 40865 920.625 0
100 2.43596 -51.5 41486 920.625 0
001 2.63231 -48.0 41607 920.625 0
101 2.66913 -41.0 41647 920.625 0
100 1.93282 -52.0 42190 921.625 0
001 1.95122 -47.0 42361 921.625 0
101 1.93282 -41.5 42427 921.625 0
100 2.12917 -52.5 42894 921.625 0
001 1.92054 -47.5 43108 921.625 0
101 1.68738 -41.0 43198 921.625 0
001 1.15969 -47.0 43852 922.625 0
101 1.07379 -41.5 43977 922.625 0
100 1.00016 -52.5 44310 922.625 0
001 1.12287 -47.0 44599 922.625 0
101 1.17810 -41.5 44759 922.625 0
100 1.04924 -52.0 45015 922.625 0
001 1.04311 -46.5 45348 922.625 0
101 0.32520 -42.0 45531 923.625 0
100 0.36816 -51.5 45723 923.625 0
001 0.42951 -46.5 46099 923.625 0
101 0.12885 -41.5 46321 923.625 0
100 0.26384 -51.5 46429 923.625 0
001 0.44792 -47.0 46852 923.625 0
101 0.21476 -41.5 47111 923.625 0
100 0.22703 -52.5 47138 923.625 0
001 2.47278 -48.0 47593 920.625 0
100 2.47278 -52.5 47844 920.625 0
101 2.41755 -41.0 47889 920.625 0
001 2.81639 -47.0 48339 920.625 0
100 2.49732 -50.5 48554 920.625 0
101 2.40528 -41.0 48673 920.625 0
001 1.87146 -48.0 49096 921.625 0
100 1.84078 -51.5 49259 921.625 0
101 1.93282 -41.5 49453 921.625 0
001 1.76101 -47.5 49851 921.625 0
100 1.86532 -51.5 49966 921.625 0
