101 3.15386 -38.0 0 920.625 0
100 2.95751 -41.0 10 920.625 0
001 4.44854 -50.5 16 920.625 0
100 2.93297 -40.0 668 920.625 0
001 4.58353 -51.0 729 920.625 0
101 2.78571 -37.5 748 920.625 0
100 2.90843 -40.0 1346 920.625 0
001 4.23992 -50.5 1450 920.625 0
101 2.78571 -38.0 1487 920.625 0
100 2.57095 -40.0 2005 921.625 0
001 3.63860 -50.0 2174 921.625 0
101 1.98190 -37.5 2232 921.625 0
100 2.34392 -40.0 2667 921.625 0
001 3.71837 -49.5 2895 921.625 0
101 2.04326 -38.0 2981 921.625 0
100 2.66913 -40.0 3329 921.625 0
001 3.10478 -49.5 3619 922.625 0
101 1.19037 -37.5 3727 922.625 0
001 2.92070 -50.0 4336 922.625 0
101 1.20264 -37.5 4461 922.625 0
100 1.34377 -40.5 4654 922.625 0
001 2.92070 -49.5 5068 922.625 0
101 1.21491 -38.0 5203 922.625 0
100 1.38058 -40.5 5328 922.625 0
001 2.39915 -48.5 5782 923.625 0
101 0.39270 -38.0 5945 923.625 0
100 0.69336 -40.5 5996 923.625 0
001 2.33779 -48.5 6497 923.625 0
100 0.88357 -40.5 6654 923.625 0
101 0.38656 -38.0 6672 923.625 0
001 4.75534 -50.5 7219 920.625 0
100 3.11705 -40.0 7317 920.625 0
101 2.90843 -38.0 7431 920.625 0
001 4.41786 -50.5 7940 920.625 0
100 2.87775 -40.0 7986 920.625 0
101 3.05569 -38.0 8196 920.625 0
100 3.11705 -40.0 8653 920.625 0
001 4.30742 -51.0 8662 920.625 0
101 2.77957 -38.0 8938 920.625 0
100 2.50346 -40.0 9310 921.625 0
001 3.59565 -50.0 9383 921.625 0
101 1.81010 -38.0 9702 921.625 0
100 2.43596 -40.0 9968 921.625 0
100 1.54625 -40.5 20035 922.625 0
101 1.39285 -38.0 20040 922.625 0
001 3.28272 -49.5 20045 922.625 0
100 1.34990 -40.0 20720 922.625 0
001 2.98206 -49.5 20760 922.625 0
101 1.18423 -38.0 20783 922.625 0
100 1.35604 -40.5 21382 922.625 0
001 2.96365 -49.5 21476 922.625 0
101 1.18423 -38.0 21530 922.625 0
100 1.15969 -40.5 22054 923.625 0
001 2.41755 -49.0 22193 923.625 0
101 0.44792 -38.0 22265 923.625 0
100 1.06151 -40.5 22714 923.625 0
001 2.65685 -49.0 22909 923.625 0
101 0.40497 -38.0 23006 923.625 0
100 0.87130 -40.5 23380 923.625 0
001 4.61421 -51.0 23628 920.625 0
101 2.62004 -38.0 23742 920.625 0
100 2.98206 -40.0 24060 920.625 0
001 4.35651 -50.5 24341 920.625 0
101 3.13546 -38.0 24479 920.625 0
100 3.30726 -40.0 24719 920.625 0
001 4.33810 -51.0 25058 920.625 0
101 2.60163 -38.0 25245 920.625 0
100 2.89616 -40.0 25393 920.625 0
001 4.22152 -49.5 25776 921.625 0
101 1.78555 -38.0 25982 921.625 0
100 2.33779 -40.0 26060 921.625 0
001 3.79814 -50.0 26498 921.625 0
101 1.82851 -38.0 26717 921.625 0
100 2.24575 -40.0 26731 921.625 0
001 2.93297 -49.5 27226 922.625 0
100 1.32536 -40.0 27400 922.625 0
101 1.16583 -38.0 27462 922.625 0
001 2.92684 -50.0 27960 922.625 0
100 1.52171 -40.5 28063 922.625 0
101 1.19651 -38.0 28192 922.625 0
001 2.92684 -49.5 28677 922.625 0
100 1.34377 -40.0 28724 922.625 0
101 1.28241 -38.0 28941 922.625 0
100 0.79153 -40.5 29384 923.625 0
001 2.31938 -48.5 29398 923.625 0
101 0.96334 -38.0 29673 923.625 0
101 3.07410 -38.0 40075 920.625 0
100 2.84707 -40.0 40080 920.625 0
001 4.42400 -50.5 40086 920.625 0
100 2.88388 -40.0 40743 920.625 0
101 2.88388 -38.0 40800 920.625 0
001 4.23379 -50.5 40810 920.625 0
100 2.94524 -40.0 41413 920.625 0
101 2.60163 -38.0 41525 920.625 0
001 4.34423 -50.5 41535 920.625 0
100 2.41142 -40.0 42065 921.625 0
001 3.73064 -50.0 42262 921.625 0
101 1.76101 -38.0 42271 921.625 0
100 2.14757 -40.0 42725 921.625 0
001 3.68155 -50.0 42983 921.625 0
101 1.75487 -38.0 43007 921.625 0
100 2.11076 -40.0 43389 921.625 0
001 2.89616 -49.5 43701 922.625 0
101 1.27627 -38.0 43746 922.625 0
100 1.38058 -40.5 44045 922.625 0
001 3.10478 -49.0 44418 922.625 0
101 1.52171 -38.0 44478 922.625 0
100 1.54625 -40.5 44730 922.625 0
001 2.89002 -49.0 45135 922.625 0
101 1.59534 -38.0 45209 922.625 0
100 1.54625 -40.0 45387 922.625 0
001 2.12917 -49.0 45856 923.625 0
101 0.45406 -38.0 45945 923.625 0
100 0.65654 -40.5 46055 923.625 0
001 2.55868 -49.0 46570 923.625 0
101 0.39270 -38.0 46682 923.625 0
100 0.92039 -40.5 46710 923.625 0
001 4.36264 -50.5 47292 920.625 0
100 2.89616 -40.0 47379 920.625 0
101 2.70594 -38.0 47416 920.625 0
001 4.31355 -50.5 48017 920.625 0
100 3.04955 -40.0 48058 920.625 0
101 2.60163 -38.0 48154 920.625 0
001 4.49150 -50.0 48740 920.625 0
101 2.80412 -38.0 48892 920.625 0
100 2.08008 -40.0 49385 921.625 0
001 4.15402 -50.0 49456 921.625 0
101 1.65670 -38.0 49635 921.625 0
100 2.06167 -40.0 50045 921.625 0
