100 2.90229 -48.5 0 922.625 0
100 2.95138 -49.0 671 922.625 0
100 2.92070 -48.5 1346 922.625 0
100 2.46664 -48.5 2014 923.625 0
100 2.59550 -48.5 2677 923.625 0
100 2.18439 -48.5 3346 923.625 0
100 4.48536 -49.0 4010 920.625 0
100 4.60194 -49.0 4682 920.625 0
100 4.04971 -49.0 5365 921.625 0
100 3.95767 -49.0 6034 921.625 0
100 3.67542 -49.0 6699 921.625 0
100 3.35021 -48.5 7373 922.625 0
100 2.95138 -49.0 8038 922.625 0
100 2.93911 -49.0 8699 922.625 0
100 2.57095 -49.0 9362 923.625 0
100 4.67557 -48.5 20023 920.625 0
100 4.79829 -47.0 20681 920.625 0
101 3.39930 -49.5 20984 920.625 0
011 6.01934 -58.5 21056 920.625 0
001 0.98788 -48.5 21105 920.625 0
100 3.20295 -50.0 21589 920.625 0
101 2.89616 -40.0 21718 920.625 0
100 1.76715 -44.0 22241 921.625 0
101 2.19666 -39.5 22452 921.625 0
100 2.46664 -47.0 22907 921.625 0
101 2.50346 -41.0 23174 921.625 0
100 2.23961 -45.5 23559 921.625 0
100 1.32536 -46.0 24208 922.625 0
100 1.44194 -45.5 24869 922.625 0
100 1.03084 -46.0 25527 923.625 0
101 1.07379 -42.0 26067 923.625 0
100 1.01856 -46.0 26185 923.625 0
101 1.15969 -42.0 26791 923.625 0
100 0.60132 -46.5 26837 923.625 0
100 2.87775 -45.5 27495 920.625 0
101 2.91456 -41.5 27522 920.625 0
100 2.87161 -45.5 28158 920.625 0
101 2.93911 -41.5 28250 920.625 0
100 3.11705 -45.0 28827 920.625 0
100 2.44210 -45.5 29494 921.625 0
101 2.32551 -41.5 29700 921.625 0
100 1.30695 -45.5 40063 922.625 0
100 1.37445 -46.0 40721 922.625 0
100 1.32536 -45.5 41371 922.625 0
100 0.87744 -46.0 42021 923.625 0
101 0.88971 -42.5 42239 923.625 0
100 1.11674 -46.0 42677 923.625 0
101 1.07379 -42.0 42972 923.625 0
100 0.81608 -46.0 43332 923.625 0
101 3.09864 -41.5 43699 920.625 0
100 2.90229 -45.5 43988 920.625 0
101 3.27658 -41.5 44429 920.625 0
100 2.88388 -45.0 44639 920.625 0
101 2.88388 -41.5 45163 920.625 0
100 3.30113 -45.0 45289 920.625 0
101 2.36847 -42.0 45893 921.625 0
100 2.55254 -45.5 45943 921.625 0
100 2.13530 -45.5 46600 921.625 0
101 2.41142 -41.5 46619 921.625 0
100 1.29468 -46.0 47264 922.625 0
101 1.41126 -42.0 47350 922.625 0
100 1.31922 -45.5 47924 922.625 0
100 1.32536 -45.5 48585 922.625 0
101 1.44194 -42.0 48795 922.625 0
100 1.03697 -46.0 49246 923.625 0
101 1.12901 -42.0 49516 923.625 0
100 1.28241 -46.0 49908 923.625 0
