101 1.75487 -42.0 0 920.625 0
100 1.76101 -46.5 5 920.625 0
100 1.77942 -46.5 644 920.625 0
101 1.33150 -42.0 708 920.625 0
100 1.74260 -46.0 1284 920.625 0
101 1.75487 -42.5 1402 920.625 0
100 1.23332 -46.0 1925 921.625 0
101 0.81608 -42.0 2107 921.625 0
100 1.20878 -45.5 2558 921.625 0
101 0.90198 -42.0 2808 921.625 0
100 1.17810 -46.0 3195 921.625 0
101 0.84676 -42.0 3508 921.625 0
100 0.41724 -46.0 3829 922.625 0
100 0.44179 -46.0 4459 922.625 0
101 6.12365 -42.5 4906 922.625 0
100 0.41724 -46.0 5096 922.625 0
101 5.70027 -42.5 5619 923.625 0
100 6.16660 -46.0 5733 923.625 0
101 5.71868 -42.5 6317 923.625 0
100 0.01841 -46.0 6378 923.625 0
100 5.91503 -46.0 7021 923.625 0
101 5.82299 -42.5 7030 923.625 0
100 1.71192 -46.0 7661 920.625 0
101 1.74874 -42.0 7733 920.625 0
100 1.65670 -46.0 8285 920.625 0
101 1.31922 -42.0 8429 920.625 0
100 1.68124 -46.0 8921 920.625 0
101 1.22718 -42.0 9130 921.625 0
100 1.36217 -46.0 9555 921.625 0
101 0.82221 -42.0 9835 921.625 0
100 0.52155 -46.0 20046 922.625 0
100 0.23317 -46.5 20682 922.625 0
100 0.38043 -46.0 21325 922.625 0
101 6.10524 -42.0 21459 922.625 0
100 5.98253 -46.0 21969 923.625 0
101 5.87208 -42.5 22159 923.625 0
100 5.92117 -46.0 22606 923.625 0
101 5.68800 -42.5 22867 923.625 0
100 5.91503 -46.0 23251 923.625 0
101 5.74322 -42.5 23566 923.625 0
100 1.69965 -46.5 23880 920.625 0
101 1.54625 -42.0 24266 920.625 0
100 1.66897 -46.0 24516 920.625 0
101 1.27014 -42.0 24963 920.625 0
100 1.74874 -46.0 25156 920.625 0
101 0.99402 -42.0 25668 921.625 0
100 1.17810 -46.0 25784 921.625 0
101 0.55223 -42.0 26367 921.625 0
100 1.18423 -46.0 26425 921.625 0
100 1.12287 -45.5 27057 921.625 0
101 0.82835 -42.0 27076 921.625 0
100 0.49087 -46.5 27689 922.625 0
101 6.09911 -42.5 27777 922.625 0
100 0.37429 -46.0 28326 922.625 0
101 6.10524 -42.0 28483 922.625 0
100 0.38043 -46.0 28966 922.625 0
101 5.73095 -42.5 29190 923.625 0
100 5.88435 -46.0 29602 923.625 0
101 5.67573 -42.5 29898 923.625 0
101 1.30695 -42.0 40091 920.625 0
100 1.60148 -46.0 40097 920.625 0
100 1.74874 -46.0 40728 920.625 0
101 1.49717 -42.0 40803 920.625 0
100 1.69351 -46.0 41374 920.625 0
101 1.33150 -42.0 41510 920.625 0
100 1.09833 -46.0 42013 921.625 0
101 0.59518 -42.0 42212 921.625 0
100 1.40513 -46.0 42649 921.625 0
101 0.60132 -42.0 42916 921.625 0
100 1.33763 -46.0 43278 921.625 0
101 0.73017 -42.0 43625 921.625 0
100 0.27612 -46.0 43905 922.625 0
101 6.27091 -42.5 44317 922.625 0
100 0.32520 -46.0 44538 922.625 0
101 6.10524 -42.5 45011 922.625 0
100 0.35588 -46.0 45180 922.625 0
101 5.53460 -42.5 45725 923.625 0
100 5.82299 -46.0 45809 923.625 0
101 5.82299 -42.0 46432 923.625 0
100 6.24023 -46.0 46442 923.625 0
100 5.93344 -45.5 47070 923.625 0
101 5.51006 -42.0 47133 923.625 0
100 1.74874 -46.0 47709 920.625 0
101 1.31922 -42.0 47841 920.625 0
100 1.69965 -46.0 48349 920.625 0
101 1.30695 -42.0 48553 920.625 0
100 1.65670 -46.0 48993 920.625 0
101 1.04311 -42.0 49256 921.625 0
100 1.37445 -46.0 49635 921.625 0
101 0.92039 -42.0 49956 921.625 0
