101 5.69414 -48.0 0 922.625 0
101 5.72482 -48.0 601 922.625 0
101 5.66959 -48.0 1198 922.625 0
100 4.14175 -51.0 1791 923.625 0
101 4.63262 -48.0 1802 923.625 0
100 4.23379 -50.5 2344 923.625 0
101 4.71239 -48.0 2397 923.625 0
100 4.57740 -51.0 2903 923.625 0
101 4.68785 -48.0 2999 923.625 0
100 4.13561 -50.5 3454 923.625 0
101 0.88971 -48.0 3597 920.625 0
101 1.11674 -48.0 4200 920.625 0
101 0.95107 -48.0 4796 920.625 0
101 6.16047 -48.0 5381 921.625 0
101 0.91425 -48.0 6002 920.625 0
101 0.91425 -48.0 6605 920.625 0
101 5.86594 -48.0 7181 922.625 0
101 5.67573 -47.5 7781 922.625 0
101 5.63891 -47.5 8388 922.625 0
101 4.68785 -47.5 8985 923.625 0
100 4.17856 -50.5 8994 923.625 0
100 4.15402 -50.5 9549 923.625 0
101 0.91425 -48.0 20046 920.625 0
101 0.91425 -48.0 20638 920.625 0
101 0.97561 -48.0 21238 920.625 0
100 5.73095 -51.0 21846 921.625 0
101 6.16047 -48.0 22443 921.625 0
100 5.70027 -51.0 22453 921.625 0
101 5.63278 -47.5 23647 922.625 0
101 5.49165 -48.0 24244 922.625 0
101 5.66346 -47.5 24843 922.625 0
100 4.35037 -50.5 25434 923.625 0
100 4.12948 -50.5 25994 923.625 0
100 4.17243 -50.5 26546 923.625 0
100 4.21538 -50.5 27102 923.625 0
101 1.12901 -48.0 27233 920.625 0
101 0.69950 -48.0 27827 920.625 0
101 0.98788 -47.5 28420 920.625 0
101 5.51619 -47.5 40088 922.625 0
101 5.71868 -47.5 40690 922.625 0
101 5.71868 -48.0 41291 922.625 0
100 4.23992 -51.0 41883 923.625 0
100 4.22152 -50.5 42443 923.625 0
100 4.16016 -50.5 42999 923.625 0
100 4.12334 -50.5 43557 923.625 0
101 1.10447 -48.0 43683 920.625 0
101 1.06765 -48.0 44285 920.625 0
101 0.93880 -47.5 44885 920.625 0
101 6.11752 -48.0 45488 921.625 0
101 5.84753 -48.0 47279 922.625 0
101 5.74322 -48.0 47875 922.625 0
101 5.58983 -47.5 48476 922.625 0
100 4.04357 -50.5 49069 923.625 0
100 4.09266 -50.5 49630 923.625 0
