101 0.07977 -47.5 0 920.625 0
100 6.00707 -67.0 479 920.625 0
101 0.14726 -47.5 503 920.625 0
101 0.01841 -47.5 1003 920.625 0
101 0.01841 -47.0 1512 920.625 0
101 5.98253 -47.5 2018 921.625 0
101 5.71254 -47.5 2529 921.625 0
101 5.92730 -47.5 3033 921.625 0
101 5.86594 -47.5 3532 921.625 0
100 0.45406 -66.5 3644 922.625 0
101 4.85965 -47.5 4036 922.625 0
100 0.88971 -65.0 4150 922.625 0
101 4.92101 -48.0 4544 922.625 0
101 4.95169 -47.5 5047 922.625 0
100 0.98788 -65.5 5186 922.625 0
101 4.55899 -47.5 5546 923.625 0
100 6.06229 -62.5 5658 923.625 0
101 4.20311 -47.5 6048 923.625 0
100 6.24023 -63.5 6133 923.625 0
101 4.28901 -48.0 6555 923.625 0
101 4.48536 -48.0 7057 923.625 0
100 6.25251 -63.0 7087 923.625 0
101 0.07363 -47.5 7564 920.625 0
100 5.98253 -68.0 7586 920.625 0
100 6.06229 -67.5 8065 920.625 0
101 0.03682 -47.0 8075 920.625 0
101 0.03068 -47.5 8571 920.625 0
101 5.86594 -47.5 9071 921.625 0
101 5.86594 -47.5 9579 921.625 0
101 4.76148 -47.5 20046 922.625 0
101 4.82897 -48.0 20560 922.625 0
101 4.88419 -47.5 21068 922.625 0
100 0.34975 -64.0 21495 922.625 0
101 4.78602 -47.5 21576 922.625 0
101 4.34423 -48.0 22072 923.625 0
101 4.23379 -48.0 22576 923.625 0
100 0.00000 -62.5 22907 923.625 0
101 4.33196 -48.0 23086 923.625 0
100 6.08684 -62.5 23376 923.625 0
101 4.20311 -48.0 23588 923.625 0
101 0.00614 -47.5 24098 920.625 0
101 0.00000 -47.5 24598 920.625 0
101 0.01227 -47.5 25101 920.625 0
101 5.81686 -48.0 25606 921.625 0
101 6.01320 -48.0 26105 921.625 0
101 5.90889 -47.5 26606 921.625 0
101 6.12365 -48.0 27109 921.625 0
100 1.19651 -63.5 27232 922.625 0
101 4.76761 -48.0 27619 922.625 0
100 1.02470 -64.0 27712 922.625 0
101 4.92101 -48.0 28121 922.625 0
100 0.65041 -65.5 28177 922.625 0
101 4.95169 -48.0 28629 922.625 0
100 0.27612 -65.5 28659 922.625 0
100 0.07363 -60.5 29129 923.625 0
101 4.41173 -48.0 29138 923.625 0
101 4.66330 -48.0 29639 923.625 0
101 0.11658 -47.5 40081 920.625 0
101 0.04909 -47.5 40582 920.625 0
101 6.25864 -47.5 41089 920.625 0
101 6.27705 -47.5 41591 920.625 0
100 1.03697 -65.5 41968 921.625 0
101 5.89049 -48.0 42089 921.625 0
101 5.68186 -47.5 42587 921.625 0
101 5.68800 -47.5 43100 921.625 0
100 1.18423 -65.5 43231 921.625 0
101 5.85367 -47.5 43603 921.625 0
100 0.75472 -63.5 43706 922.625 0
101 4.87806 -47.5 44110 922.625 0
100 1.03697 -65.0 44182 922.625 0
101 4.88419 -47.5 44610 922.625 0
100 0.26384 -63.5 44660 922.625 0
101 4.83511 -48.0 45112 922.625 0
100 0.31293 -64.0 45134 922.625 0
101 4.65717 -48.0 45619 923.625 0
101 4.38105 -48.0 46124 923.625 0
101 4.49150 -47.5 46639 923.625 0
101 4.27060 -47.5 47152 923.625 0
101 6.20955 -47.5 47667 920.625 0
101 6.25864 -47.5 48170 920.625 0
101 6.27091 -47.5 48679 920.625 0
101 5.73095 -47.5 49183 921.625 0
100 1.01856 -65.0 49285 921.625 0
101 5.66959 -48.0 49680 921.625 0
