100 0.07363 -52.5 0 922.625 0
100 0.00000 -52.5 423 922.625 0
101 6.23410 -48.0 440 922.625 0
100 0.09817 -52.5 843 922.625 0
101 0.00614 -48.0 879 922.625 0
100 0.03068 -52.0 1258 922.625 0
101 6.26478 -48.0 1333 922.625 0
100 0.11045 -52.5 1679 922.625 0
101 6.25864 -48.0 1770 922.625 0
100 5.74936 -53.0 2101 923.625 0
101 5.87208 -47.5 2217 923.625 0
100 5.71868 -52.5 2516 923.625 0
101 5.76777 -48.0 2660 923.625 0
100 5.55915 -52.5 2938 923.625 0
101 5.79231 -47.5 3101 923.625 0
100 5.89049 -53.0 3359 923.625 0
101 5.65119 -47.5 3544 923.625 0
100 1.51557 -52.0 3776 920.625 0
101 1.48489 -48.0 3981 920.625 0
100 1.59534 -51.5 4189 920.625 0
101 1.46649 -47.5 4431 920.625 0
100 1.52171 -52.0 4605 920.625 0
101 1.47876 -48.0 4888 920.625 0
100 1.59534 -52.0 5024 920.625 0
100 1.01856 -52.0 5443 921.625 0
101 1.00016 -48.0 5778 921.625 0
100 1.14128 -52.5 5863 921.625 0
101 0.98175 -48.0 6213 921.625 0
100 0.88357 -52.0 6278 921.625 0
101 1.11060 -47.5 6655 921.625 0
100 1.03084 -52.0 6696 921.625 0
101 0.88971 -48.0 7104 921.625 0
100 0.91425 -52.5 7118 921.625 0
100 0.04909 -52.0 7538 922.625 0
101 6.27091 -47.5 7551 922.625 0
100 0.00000 -53.0 7952 922.625 0
101 0.01841 -48.0 8000 922.625 0
100 0.01841 -52.0 8371 922.625 0
101 6.25864 -47.5 8444 922.625 0
100 6.27091 -52.0 8793 922.625 0
101 6.25864 -47.5 8888 922.625 0
100 5.78004 -52.0 9212 923.625 0
101 5.92730 -47.0 9325 923.625 0
100 5.63891 -52.5 9628 923.625 0
101 5.58369 -47.5 9770 923.625 0
100 1.50330 -52.0 20046 920.625 0
100 1.57080 -52.0 20468 920.625 0
100 1.52171 -51.5 20893 920.625 0
100 1.54625 -52.0 21737 920.625 0
100 1.27014 -52.0 22161 921.625 0
101 1.00016 -47.5 22245 921.625 0
100 1.15969 -52.0 22581 921.625 0
101 1.19651 -47.5 22692 921.625 0
100 0.99402 -51.5 23007 921.625 0
101 0.93880 -47.5 23133 921.625 0
100 1.00629 -52.0 23430 921.625 0
101 1.13515 -47.5 23579 921.625 0
100 6.24637 -52.5 23860 922.625 0
101 6.22183 -47.5 24028 922.625 0
100 6.27705 -52.5 24281 922.625 0
101 6.22796 -47.5 24478 922.625 0
100 6.22183 -52.0 24711 922.625 0
100 6.27091 -52.5 25132 922.625 0
100 5.84140 -52.5 25559 923.625 0
101 5.82913 -47.5 25802 923.625 0
100 5.61437 -52.0 25984 923.625 0
101 5.90889 -47.5 26251 923.625 0
100 5.60823 -52.0 26405 923.625 0
101 5.95185 -47.5 26700 923.625 0
100 5.65732 -52.0 26822 923.625 0
101 5.79845 -47.5 27151 923.625 0
100 1.49103 -51.5 27245 920.625 0
100 1.52784 -52.0 27667 920.625 0
100 1.55852 -52.0 28101 920.625 0
101 1.40513 -47.5 28477 920.625 0
100 1.52171 -51.5 28526 920.625 0
100 1.55852 -51.5 28965 920.625 0
101 1.12287 -47.5 29369 921.625 0
100 1.15355 -52.0 29389 921.625 0
101 1.09219 -48.0 29811 921.625 0
100 1.03084 -52.0 29823 921.625 0
100 6.25864 -52.5 40502 922.625 0
100 6.25251 -53.0 40920 922.625 0
101 5.67573 -47.5 41884 923.625 0
100 5.70641 -53.0 42201 923.625 0
101 5.59596 -47.5 42323 923.625 0
100 5.60210 -53.5 42629 923.625 0
101 5.66959 -47.5 42768 923.625 0
100 5.78004 -53.0 43052 923.625 0
101 5.63278 -47.5 43214 923.625 0
100 5.85367 -52.5 43480 923.625 0
100 1.55239 -52.0 43904 920.625 0
101 1.41126 -47.5 44126 920.625 0
100 1.54625 -52.0 44327 920.625 0
101 1.39285 -47.5 44577 920.625 0
100 1.54625 -52.0 44756 920.625 0
101 1.39285 -47.5 45035 920.625 0
100 1.55852 -52.5 45186 920.625 0
101 0.92039 -47.5 45488 921.625 0
100 0.98175 -52.0 45611 921.625 0
101 0.77926 -47.5 45938 921.625 0
100 1.01856 -52.0 46043 921.625 0
101 0.68722 -47.5 46384 921.625 0
100 1.05538 -52.5 46466 921.625 0
101 0.97561 -47.5 46831 921.625 0
100 0.98788 -52.0 46896 921.625 0
100 6.25864 -52.5 47751 922.625 0
100 6.27091 -52.5 48181 922.625 0
100 6.23410 -52.5 48613 922.625 0
100 6.24023 -53.0 49044 922.625 0
101 5.61437 -47.5 49066 923.625 0
100 5.55915 -52.5 49467 923.625 0
101 5.47938 -47.0 49512 923.625 0
100 5.73095 -53.0 49897 923.625 0
101 5.66959 -47.0 49968 923.625 0
